timestamp,sample_index,time_seconds,left_volume,right_volume
2026-04-02T12:30:06.898303,0,0.000000,0.444101,0.816883
2026-04-02T12:30:06.908303,1920,0.010000,0.434763,0.809372
2026-04-02T12:30:06.911391,2513,0.013089,0.413425,0.770061
2026-04-02T12:30:06.921391,4433,0.023089,0.415092,0.804034
2026-04-02T12:30:06.903146,5026,0.026177,0.404633,0.814478
2026-04-02T12:30:06.913146,6946,0.036177,0.384028,0.813129
2026-04-02T12:30:06.916235,7539,0.039266,0.387503,0.813592
2026-04-02T12:30:06.926235,9459,0.049266,0.393822,0.802484
2026-04-02T12:30:06.950657,10052,0.052354,0.409489,0.858516
2026-04-02T12:30:06.960657,11972,0.062354,0.364941,0.746831
2026-04-02T12:30:06.963745,12565,0.065443,0.358582,0.776979
2026-04-02T12:30:06.973745,14485,0.075443,0.371467,0.815576
2026-04-02T12:30:06.955501,15078,0.078531,0.410022,0.782979
2026-04-02T12:30:06.965501,16998,0.088531,0.355395,0.791060
2026-04-02T12:30:06.968589,17591,0.091620,0.386340,0.793753
2026-04-02T12:30:06.978589,19511,0.101620,0.329904,0.774702
2026-04-02T12:30:07.003011,20104,0.104708,0.390512,0.836108
2026-04-02T12:30:07.013011,22024,0.114708,0.447776,0.825371
2026-04-02T12:30:07.016100,22617,0.117797,0.376238,0.811836
2026-04-02T12:30:07.026100,24537,0.127797,0.422268,0.854219
2026-04-02T12:30:07.007855,25130,0.130885,0.366814,0.785474
2026-04-02T12:30:07.017855,27050,0.140885,0.388729,0.801462
2026-04-02T12:30:07.020943,27643,0.143974,0.387143,0.833770
2026-04-02T12:30:07.030943,29563,0.153974,0.360948,0.775028
2026-04-02T12:30:07.055365,30156,0.157062,0.385500,0.807559
2026-04-02T12:30:07.065365,32076,0.167063,0.388181,0.790576
2026-04-02T12:30:07.068454,32669,0.170151,0.377446,0.774283
2026-04-02T12:30:07.078454,34589,0.180151,0.382068,0.801660
2026-04-02T12:30:07.060209,35182,0.183240,0.351774,0.821705
2026-04-02T12:30:07.070209,37102,0.193240,0.386214,0.773660
2026-04-02T12:30:07.073297,37695,0.196328,0.350253,0.828236
2026-04-02T12:30:07.083297,39615,0.206328,0.418726,0.761334
2026-04-02T12:30:07.107719,40208,0.209417,0.394858,0.748017
2026-04-02T12:30:07.117719,42128,0.219417,0.422355,0.788519
2026-04-02T12:30:07.120808,42721,0.222505,0.385493,0.815077
2026-04-02T12:30:07.130808,44641,0.232505,0.437949,0.867653
2026-04-02T12:30:07.112563,45234,0.235594,0.411302,0.803138
2026-04-02T12:30:07.122563,47154,0.245594,0.416766,0.796190
2026-04-02T12:30:07.125652,47747,0.248682,0.406796,0.797225
2026-04-02T12:30:07.135652,49667,0.258682,0.409600,0.835954
2026-04-02T12:30:07.160074,50260,0.261771,0.388816,0.787646
2026-04-02T12:30:07.170074,52180,0.271771,0.400134,0.821148
2026-04-02T12:30:07.173162,52773,0.274859,0.371608,0.777634
2026-04-02T12:30:07.183162,54693,0.284859,0.387183,0.771527
2026-04-02T12:30:07.164917,55286,0.287948,0.409779,0.822983
2026-04-02T12:30:07.174917,57206,0.297948,0.471524,0.869323
2026-04-02T12:30:07.178006,57799,0.301036,0.396981,0.818497
2026-04-02T12:30:07.188006,59719,0.311036,0.340886,0.734250
2026-04-02T12:30:07.212428,60312,0.314125,0.384813,0.818279
2026-04-02T12:30:07.222428,62232,0.324125,0.399369,0.773948
2026-04-02T12:30:07.225516,62825,0.327214,0.418272,0.843484
2026-04-02T12:30:07.235516,64745,0.337214,0.349910,0.803082
2026-04-02T12:30:07.217271,65338,0.340302,0.417612,0.797339
2026-04-02T12:30:07.227271,67258,0.350302,0.442747,0.803234
2026-04-02T12:30:07.230360,67851,0.353391,0.381961,0.778103
2026-04-02T12:30:07.240360,69771,0.363391,0.441939,0.810877
2026-04-02T12:30:07.264782,70364,0.366479,0.404028,0.813721
2026-04-02T12:30:07.274782,72284,0.376479,0.406309,0.825408
2026-04-02T12:30:07.277870,72877,0.379568,0.397206,0.814676
2026-04-02T12:30:07.287870,74797,0.389568,0.391682,0.808306
2026-04-02T12:30:07.269626,75390,0.392656,0.371020,0.816891
2026-04-02T12:30:07.279626,77310,0.402656,0.436767,0.778279
2026-04-02T12:30:07.282714,77903,0.405745,0.379892,0.764282
2026-04-02T12:30:07.292714,79823,0.415745,0.373056,0.803005
2026-04-02T12:30:07.317136,80416,0.418833,0.376921,0.753597
2026-04-02T12:30:07.327136,82336,0.428833,0.398657,0.793303
2026-04-02T12:30:07.330225,82929,0.431922,0.389541,0.818925
2026-04-02T12:30:07.340225,84849,0.441922,0.386858,0.786042
2026-04-02T12:30:07.321980,85442,0.445010,0.356057,0.769555
2026-04-02T12:30:07.331980,87362,0.455010,0.423769,0.826502
2026-04-02T12:30:07.335068,87955,0.458099,0.401455,0.823460
2026-04-02T12:30:07.345068,89875,0.468099,0.383132,0.843812
2026-04-02T12:30:07.369490,90468,0.471187,0.403251,0.794983
2026-04-02T12:30:07.379490,92388,0.481187,0.425878,0.805304
2026-04-02T12:30:07.382579,92981,0.484276,0.417763,0.851094
2026-04-02T12:30:07.392579,94901,0.494276,0.379749,0.801662
2026-04-02T12:30:07.374334,95494,0.497365,0.428734,0.803477
2026-04-02T12:30:07.384334,97414,0.507365,0.371751,0.794259
2026-04-02T12:30:07.387422,98007,0.510453,0.438548,0.763705
2026-04-02T12:30:07.397422,99927,0.520453,0.397392,0.818632
2026-04-02T12:30:07.421844,100520,0.523542,0.419076,0.808028
2026-04-02T12:30:07.431844,102440,0.533542,0.396216,0.835904
2026-04-02T12:30:07.434933,103033,0.536630,0.407375,0.746570
2026-04-02T12:30:07.444933,104953,0.546630,0.417783,0.811416
2026-04-02T12:30:07.426688,105546,0.549719,0.413932,0.816826
2026-04-02T12:30:07.436688,107466,0.559719,0.379819,0.809951
2026-04-02T12:30:07.439777,108059,0.562807,0.376635,0.787701
2026-04-02T12:30:07.449777,109979,0.572807,0.412202,0.766245
2026-04-02T12:30:07.474199,110572,0.575896,0.400247,0.793056
2026-04-02T12:30:07.484199,112492,0.585896,0.382193,0.790877
2026-04-02T12:30:07.487287,113085,0.588984,0.438099,0.804665
2026-04-02T12:30:07.497287,115005,0.598984,0.369961,0.770103
2026-04-02T12:30:07.479042,115598,0.602073,0.401895,0.787593
2026-04-02T12:30:07.489042,117518,0.612073,0.402063,0.818289
2026-04-02T12:30:07.492131,118111,0.615161,0.385426,0.789753
2026-04-02T12:30:07.502131,120031,0.625161,0.413350,0.805919
2026-04-02T12:30:07.526547,120624,0.628250,0.421662,0.827739
2026-04-02T12:30:07.536547,122544,0.638250,0.426372,0.758481
2026-04-02T12:30:07.539635,123137,0.641339,0.389076,0.852433
2026-04-02T12:30:07.549635,125057,0.651339,0.396256,0.822142
2026-04-02T12:30:07.531390,125650,0.654427,0.408167,0.792014
2026-04-02T12:30:07.541390,127570,0.664427,0.407815,0.782670
2026-04-02T12:30:07.544479,128163,0.667516,0.409410,0.804569
2026-04-02T12:30:07.554479,130083,0.677516,0.403173,0.831711
2026-04-02T12:30:07.578900,130676,0.680604,0.400407,0.855712
2026-04-02T12:30:07.588900,132596,0.690604,0.383761,0.783838
2026-04-02T12:30:07.591989,133189,0.693693,0.429755,0.801249
2026-04-02T12:30:07.601989,135109,0.703693,0.408793,0.792817
2026-04-02T12:30:07.583744,135702,0.706781,0.389972,0.816327
2026-04-02T12:30:07.593744,137622,0.716781,0.416867,0.821826
2026-04-02T12:30:07.596833,138215,0.719870,0.381458,0.784541
2026-04-02T12:30:07.606833,140135,0.729870,0.422576,0.806898
2026-04-02T12:30:07.631254,140728,0.732958,0.425280,0.811319
2026-04-02T12:30:07.641254,142648,0.742958,0.418950,0.847038
2026-04-02T12:30:07.644343,143241,0.746047,0.407013,0.784029
2026-04-02T12:30:07.654343,145161,0.756047,0.387056,0.775186
2026-04-02T12:30:07.636098,145754,0.759135,0.410708,0.830890
2026-04-02T12:30:07.646098,147674,0.769135,0.395876,0.790176
2026-04-02T12:30:07.649186,148267,0.772224,0.444224,0.783550
2026-04-02T12:30:07.659186,150187,0.782224,0.417214,0.768166
2026-04-02T12:30:07.683608,150780,0.785312,0.426688,0.794305
2026-04-02T12:30:07.693608,152700,0.795312,0.349172,0.755633
2026-04-02T12:30:07.696697,153293,0.798401,0.368479,0.758718
2026-04-02T12:30:07.706697,155213,0.808401,0.373991,0.811175
2026-04-02T12:30:07.688452,155806,0.811490,0.391456,0.815452
2026-04-02T12:30:07.698452,157726,0.821490,0.353074,0.822729
2026-04-02T12:30:07.701540,158319,0.824578,0.409854,0.794263
2026-04-02T12:30:07.711540,160239,0.834578,0.390776,0.808604
2026-04-02T12:30:07.735962,160832,0.837667,0.413933,0.840414
2026-04-02T12:30:07.745962,162752,0.847667,0.396619,0.777191
2026-04-02T12:30:07.749050,163345,0.850755,0.438114,0.789548
2026-04-02T12:30:07.759050,165265,0.860755,0.377482,0.807536
2026-04-02T12:30:07.740806,165858,0.863844,0.405188,0.817365
2026-04-02T12:30:07.750806,167778,0.873844,0.373943,0.830179
2026-04-02T12:30:07.753894,168371,0.876932,0.435144,0.810444
2026-04-02T12:30:07.763894,170291,0.886932,0.399133,0.808440
2026-04-02T12:30:07.788316,170884,0.890021,0.409109,0.778156
2026-04-02T12:30:07.798316,172804,0.900021,0.370591,0.800387
2026-04-02T12:30:07.801404,173397,0.903109,0.389694,0.819091
2026-04-02T12:30:07.811404,175317,0.913109,0.355649,0.830299
2026-04-02T12:30:07.793159,175910,0.916198,0.391765,0.851063
2026-04-02T12:30:07.803159,177830,0.926198,0.416624,0.791447
2026-04-02T12:30:07.806248,178423,0.929286,0.372097,0.762191
2026-04-02T12:30:07.816248,180343,0.939286,0.398930,0.811251
2026-04-02T12:30:07.840669,180936,0.942375,0.391401,0.822234
2026-04-02T12:30:07.850669,182856,0.952375,0.408883,0.774596
2026-04-02T12:30:07.853758,183449,0.955464,0.389810,0.810382
2026-04-02T12:30:07.863758,185369,0.965464,0.389270,0.799091
2026-04-02T12:30:07.845513,185962,0.968552,0.413386,0.754039
2026-04-02T12:30:07.855513,187882,0.978552,0.390217,0.809784
2026-04-02T12:30:07.858602,188475,0.981641,0.389712,0.797771
2026-04-02T12:30:07.868602,190395,0.991641,0.412856,0.798969
2026-04-02T12:30:07.893017,190988,0.994729,0.404129,0.809877
2026-04-02T12:30:07.903017,192908,1.004729,0.424643,0.842497
2026-04-02T12:30:07.906105,193501,1.007818,0.357865,0.792265
2026-04-02T12:30:07.916105,195421,1.017818,0.437946,0.853680
2026-04-02T12:30:07.897860,196014,1.020906,0.426904,0.806584
2026-04-02T12:30:07.907860,197934,1.030906,0.463164,0.818055
2026-04-02T12:30:07.910949,198527,1.033995,0.390152,0.829855
2026-04-02T12:30:07.920949,200447,1.043995,0.392624,0.794696
2026-04-02T12:30:07.945370,201040,1.047083,0.407672,0.803845
2026-04-02T12:30:07.955370,202960,1.057083,0.372685,0.830683
2026-04-02T12:30:07.958459,203553,1.060172,0.366779,0.786031
2026-04-02T12:30:07.968459,205473,1.070172,0.391011,0.784535
2026-04-02T12:30:07.950214,206066,1.073260,0.436340,0.784473
2026-04-02T12:30:07.960214,207986,1.083260,0.435776,0.822012
2026-04-02T12:30:07.963302,208579,1.086349,0.410232,0.799463
2026-04-02T12:30:07.973302,210499,1.096349,0.404200,0.806864
2026-04-02T12:30:07.997724,211092,1.099438,0.345222,0.798129
2026-04-02T12:30:08.007724,213012,1.109438,0.410814,0.812034
2026-04-02T12:30:08.010812,213605,1.112526,0.387743,0.800959
2026-04-02T12:30:08.020812,215525,1.122526,0.435140,0.791823
2026-04-02T12:30:08.002567,216118,1.125615,0.405510,0.787117
2026-04-02T12:30:08.012567,218038,1.135615,0.422606,0.778145
2026-04-02T12:30:08.015656,218631,1.138703,0.401061,0.824181
2026-04-02T12:30:08.025656,220551,1.148703,0.420498,0.830225
2026-04-02T12:30:08.050077,221144,1.151792,0.404600,0.806957
2026-04-02T12:30:08.060077,223064,1.161792,0.403477,0.818736
2026-04-02T12:30:08.063165,223657,1.164880,0.377803,0.827244
2026-04-02T12:30:08.073165,225577,1.174880,0.425452,0.783619
2026-04-02T12:30:08.054921,226170,1.177969,0.440993,0.832331
2026-04-02T12:30:08.064921,228090,1.187969,0.422561,0.793172
2026-04-02T12:30:08.068009,228683,1.191057,0.433094,0.807972
2026-04-02T12:30:08.078009,230603,1.201057,0.392732,0.783396
2026-04-02T12:30:08.102430,231196,1.204146,0.375704,0.813052
2026-04-02T12:30:08.112430,233116,1.214146,0.407990,0.818311
2026-04-02T12:30:08.115519,233709,1.217234,0.417964,0.776553
2026-04-02T12:30:08.125519,235629,1.227234,0.368965,0.816894
2026-04-02T12:30:08.107274,236222,1.230323,0.424815,0.755354
2026-04-02T12:30:08.117274,238142,1.240323,0.410429,0.752549
2026-04-02T12:30:08.120363,238735,1.243411,0.406738,0.844577
2026-04-02T12:30:08.130363,240655,1.253411,0.418816,0.779028
2026-04-02T12:30:08.154784,241248,1.256500,0.404165,0.820211
2026-04-02T12:30:08.164784,243168,1.266500,0.389319,0.857365
2026-04-02T12:30:08.167872,243761,1.269589,0.394757,0.789359
2026-04-02T12:30:08.177872,245681,1.279589,0.360936,0.821629
2026-04-02T12:30:08.159628,246274,1.282677,0.406321,0.805971
2026-04-02T12:30:08.169628,248194,1.292677,0.419271,0.748819
2026-04-02T12:30:08.172716,248787,1.295766,0.423773,0.803498
2026-04-02T12:30:08.182716,250707,1.305766,0.360291,0.833066
2026-04-02T12:30:08.207137,251300,1.308854,0.384764,0.783393
2026-04-02T12:30:08.217137,253220,1.318854,0.425373,0.802605
2026-04-02T12:30:08.220226,253813,1.321943,0.380793,0.811310
2026-04-02T12:30:08.230226,255733,1.331943,0.382526,0.757400
2026-04-02T12:30:08.211981,256326,1.335031,0.427052,0.797242
2026-04-02T12:30:08.221981,258246,1.345031,0.409812,0.810527
2026-04-02T12:30:08.225070,258839,1.348120,0.423455,0.820485
2026-04-02T12:30:08.235070,260759,1.358120,0.374292,0.820330
2026-04-02T12:30:08.259491,261352,1.361208,0.411525,0.826188
2026-04-02T12:30:08.269491,263272,1.371208,0.449623,0.775056
2026-04-02T12:30:08.272579,263865,1.374297,0.360154,0.818831
2026-04-02T12:30:08.282579,265785,1.384297,0.403153,0.853924
2026-04-02T12:30:08.264335,266378,1.387385,0.370520,0.767992
2026-04-02T12:30:08.274335,268298,1.397385,0.413716,0.791110
2026-04-02T12:30:08.277423,268891,1.400474,0.404544,0.825793
2026-04-02T12:30:08.287423,270811,1.410474,0.384854,0.829300
2026-04-02T12:30:08.311844,271404,1.413563,0.401576,0.803138
2026-04-02T12:30:08.321844,273324,1.423563,0.385398,0.799684
2026-04-02T12:30:08.324933,273917,1.426651,0.457246,0.799182
2026-04-02T12:30:08.334933,275837,1.436651,0.386716,0.855542
2026-04-02T12:30:08.316688,276430,1.439740,0.395519,0.798959
2026-04-02T12:30:08.326688,278350,1.449740,0.417942,0.846798
2026-04-02T12:30:08.329777,278943,1.452828,0.400830,0.803273
2026-04-02T12:30:08.339777,280863,1.462828,0.416237,0.765909
2026-04-02T12:30:08.364198,281456,1.465917,0.429420,0.842397
2026-04-02T12:30:08.374198,283376,1.475917,0.401026,0.724471
2026-04-02T12:30:08.377286,283969,1.479005,0.416623,0.759845
2026-04-02T12:30:08.387286,285889,1.489005,0.390820,0.792569
2026-04-02T12:30:08.369042,286482,1.492094,0.394926,0.837107
2026-04-02T12:30:08.379042,288402,1.502094,0.402219,0.842784
2026-04-02T12:30:08.382130,288995,1.505182,0.408295,0.767266
2026-04-02T12:30:08.392130,290915,1.515182,0.462002,0.821806
2026-04-02T12:30:08.416551,291508,1.518271,0.408654,0.756898
2026-04-02T12:30:08.426551,293428,1.528271,0.411650,0.816555
2026-04-02T12:30:08.429640,294021,1.531359,0.386520,0.831647
2026-04-02T12:30:08.439640,295941,1.541359,0.428148,0.823103
2026-04-02T12:30:08.421395,296534,1.544448,0.370556,0.792337
2026-04-02T12:30:08.431395,298454,1.554448,0.409818,0.793641
2026-04-02T12:30:08.434484,299047,1.557536,0.353750,0.832232
2026-04-02T12:30:08.444484,300967,1.567536,0.393904,0.792495
2026-04-02T12:30:08.468905,301560,1.570625,0.420791,0.816526
2026-04-02T12:30:08.478905,303480,1.580625,0.369957,0.758179
2026-04-02T12:30:08.481993,304073,1.583714,0.415911,0.815146
2026-04-02T12:30:08.491993,305993,1.593714,0.359228,0.835313
2026-04-02T12:30:08.473748,306586,1.596802,0.388929,0.795650
2026-04-02T12:30:08.483748,308506,1.606802,0.428904,0.810817
2026-04-02T12:30:08.486837,309099,1.609891,0.375043,0.743343
2026-04-02T12:30:08.496837,311019,1.619891,0.419995,0.771797
2026-04-02T12:30:08.521258,311612,1.622979,0.389716,0.792069
2026-04-02T12:30:08.531258,313532,1.632979,0.411238,0.790445
2026-04-02T12:30:08.534347,314125,1.636068,0.405254,0.828022
2026-04-02T12:30:08.544347,316045,1.646068,0.401801,0.815524
2026-04-02T12:30:08.526102,316638,1.649156,0.376891,0.851715
2026-04-02T12:30:08.536102,318558,1.659156,0.454290,0.763331
2026-04-02T12:30:08.539190,319151,1.662245,0.438017,0.792329
2026-04-02T12:30:08.549190,321071,1.672245,0.395437,0.819627
2026-04-02T12:30:08.573612,321664,1.675333,0.422521,0.773299
2026-04-02T12:30:08.583612,323584,1.685333,0.444457,0.795590
2026-04-02T12:30:08.586700,324177,1.688422,0.396212,0.793926
2026-04-02T12:30:08.596700,326097,1.698422,0.426965,0.761384
2026-04-02T12:30:08.578455,326690,1.701510,0.447317,0.843125
2026-04-02T12:30:08.588455,328610,1.711510,0.422876,0.829141
2026-04-02T12:30:08.591544,329203,1.714599,0.400360,0.817680
2026-04-02T12:30:08.601544,331123,1.724599,0.365877,0.787617
2026-04-02T12:30:08.625965,331716,1.727688,0.376338,0.755059
2026-04-02T12:30:08.635965,333636,1.737688,0.358714,0.806286
2026-04-02T12:30:08.639054,334229,1.740776,0.347141,0.831072
2026-04-02T12:30:08.649054,336149,1.750776,0.437913,0.780436
2026-04-02T12:30:08.630809,336742,1.753865,0.446927,0.806455
2026-04-02T12:30:08.640809,338662,1.763865,0.396045,0.793681
2026-04-02T12:30:08.643897,339255,1.766953,0.399638,0.779540
2026-04-02T12:30:08.653897,341175,1.776953,0.396859,0.796888
2026-04-02T12:30:08.678319,341768,1.780042,0.358334,0.796541
2026-04-02T12:30:08.688319,343688,1.790042,0.345314,0.794737
2026-04-02T12:30:08.691407,344281,1.793130,0.368642,0.815517
2026-04-02T12:30:08.701407,346201,1.803130,0.403043,0.815332
2026-04-02T12:30:08.683162,346794,1.806219,0.402219,0.810428
2026-04-02T12:30:08.693162,348714,1.816219,0.405978,0.825046
2026-04-02T12:30:08.696251,349307,1.819307,0.405097,0.800352
2026-04-02T12:30:08.706251,351227,1.829307,0.423376,0.771966
2026-04-02T12:30:08.730672,351820,1.832396,0.368984,0.800608
2026-04-02T12:30:08.740672,353740,1.842396,0.391135,0.833027
2026-04-02T12:30:08.743761,354333,1.845484,0.403738,0.786830
2026-04-02T12:30:08.753761,356253,1.855484,0.364862,0.808434
2026-04-02T12:30:08.735516,356846,1.858573,0.392440,0.798523
2026-04-02T12:30:08.745516,358766,1.868573,0.446035,0.837471
2026-04-02T12:30:08.748604,359359,1.871661,0.420524,0.771878
2026-04-02T12:30:08.758604,361279,1.881661,0.393984,0.835450
2026-04-02T12:30:08.783025,361872,1.884750,0.445560,0.795796
2026-04-02T12:30:08.793025,363792,1.894750,0.396861,0.774226
2026-04-02T12:30:08.796114,364385,1.897839,0.402975,0.758033
2026-04-02T12:30:08.806114,366305,1.907839,0.423807,0.776042
2026-04-02T12:30:08.787869,366898,1.910927,0.412721,0.828322
2026-04-02T12:30:08.797869,368818,1.920927,0.356449,0.814736
2026-04-02T12:30:08.800958,369411,1.924016,0.385295,0.814546
2026-04-02T12:30:08.810958,371331,1.934016,0.389251,0.811112
2026-04-02T12:30:08.835379,371924,1.937104,0.383503,0.853738
2026-04-02T12:30:08.845379,373844,1.947104,0.399250,0.815452
2026-04-02T12:30:08.848467,374437,1.950193,0.371688,0.843648
2026-04-02T12:30:08.858467,376357,1.960193,0.385190,0.790158
2026-04-02T12:30:08.840223,376950,1.963281,0.417451,0.768200
2026-04-02T12:30:08.850223,378870,1.973281,0.420264,0.797267
2026-04-02T12:30:08.853311,379463,1.976370,0.353709,0.795805
2026-04-02T12:30:08.863311,381383,1.986370,0.435076,0.798131
2026-04-02T12:30:08.887732,381976,1.989458,0.452910,0.791037
2026-04-02T12:30:08.897732,383896,1.999458,0.404319,0.835917
2026-04-02T12:30:08.900821,384489,2.002547,0.444678,0.803616
2026-04-02T12:30:08.910821,386409,2.012547,0.393821,0.807484
2026-04-02T12:30:08.892576,387002,2.015635,0.416736,0.774899
2026-04-02T12:30:08.902576,388922,2.025635,0.351299,0.776899
2026-04-02T12:30:08.905665,389515,2.028724,0.393044,0.841928
2026-04-02T12:30:08.915665,391435,2.038724,0.416731,0.828648
2026-04-02T12:30:08.940086,392028,2.041812,0.373505,0.752876
2026-04-02T12:30:08.950086,393948,2.051813,0.431427,0.803205
2026-04-02T12:30:08.953174,394541,2.054901,0.351510,0.812821
2026-04-02T12:30:08.963174,396461,2.064901,0.393121,0.816447
2026-04-02T12:30:08.944929,397054,2.067990,0.440360,0.812363
2026-04-02T12:30:08.954929,398974,2.077990,0.386343,0.818819
2026-04-02T12:30:08.958018,399567,2.081078,0.408260,0.798840
2026-04-02T12:30:08.968018,401487,2.091078,0.382432,0.781976
2026-04-02T12:30:08.992439,402080,2.094167,0.397737,0.769508
2026-04-02T12:30:09.002439,404000,2.104167,0.408442,0.801765
2026-04-02T12:30:09.005527,404593,2.107255,0.391694,0.817402
2026-04-02T12:30:09.015527,406513,2.117255,0.358177,0.835876
2026-04-02T12:30:08.997283,407106,2.120344,0.429228,0.819243
2026-04-02T12:30:09.007283,409026,2.130344,0.383652,0.806180
2026-04-02T12:30:09.010371,409619,2.133432,0.446552,0.809895
2026-04-02T12:30:09.020371,411539,2.143432,0.462842,0.789683
2026-04-02T12:30:09.044792,412132,2.146521,0.409482,0.846654
2026-04-02T12:30:09.054792,414052,2.156521,0.360499,0.766146
2026-04-02T12:30:09.057881,414645,2.159609,0.376520,0.777317
2026-04-02T12:30:09.067881,416565,2.169609,0.411482,0.753407
2026-04-02T12:30:09.049636,417158,2.172698,0.391599,0.815060
2026-04-02T12:30:09.059636,419078,2.182698,0.410883,0.847300
2026-04-02T12:30:09.062725,419671,2.185786,0.426909,0.804419
2026-04-02T12:30:09.072725,421591,2.195786,0.374759,0.837041
2026-04-02T12:30:09.097146,422184,2.198875,0.430427,0.821816
2026-04-02T12:30:09.107146,424104,2.208875,0.390708,0.781356
2026-04-02T12:30:09.110234,424697,2.211964,0.427136,0.800450
2026-04-02T12:30:09.120234,426617,2.221964,0.427931,0.778909
2026-04-02T12:30:09.101990,427210,2.225052,0.448422,0.790296
2026-04-02T12:30:09.111990,429130,2.235052,0.373600,0.752953
2026-04-02T12:30:09.115078,429723,2.238141,0.376849,0.783180
2026-04-02T12:30:09.125078,431643,2.248141,0.403343,0.789831
2026-04-02T12:30:09.149499,432236,2.251229,0.405854,0.796470
2026-04-02T12:30:09.159499,434156,2.261229,0.434413,0.811555
2026-04-02T12:30:09.162588,434749,2.264318,0.385604,0.837816
2026-04-02T12:30:09.172588,436669,2.274318,0.384669,0.801434
2026-04-02T12:30:09.154343,437262,2.277406,0.405154,0.784675
2026-04-02T12:30:09.164343,439182,2.287406,0.429550,0.802762
2026-04-02T12:30:09.167432,439775,2.290495,0.451878,0.790605
2026-04-02T12:30:09.177432,441695,2.300495,0.385050,0.826884
2026-04-02T12:30:09.201853,442288,2.303583,0.416307,0.820838
2026-04-02T12:30:09.211853,444208,2.313583,0.361437,0.825251
2026-04-02T12:30:09.214941,444801,2.316672,0.391855,0.791065
2026-04-02T12:30:09.224941,446721,2.326672,0.395819,0.809683
2026-04-02T12:30:09.206696,447314,2.329760,0.398760,0.819060
2026-04-02T12:30:09.216696,449234,2.339760,0.413950,0.791209
2026-04-02T12:30:09.219785,449827,2.342849,0.387333,0.811859
2026-04-02T12:30:09.229785,451747,2.352849,0.403330,0.846274
2026-04-02T12:30:09.254207,452340,2.355938,0.396511,0.786608
2026-04-02T12:30:09.264207,454260,2.365937,0.427521,0.798274
2026-04-02T12:30:09.267295,454853,2.369026,0.374866,0.782036
2026-04-02T12:30:09.277295,456773,2.379026,0.354363,0.793234
2026-04-02T12:30:09.259050,457366,2.382115,0.397630,0.827806
2026-04-02T12:30:09.269050,459286,2.392115,0.405978,0.813889
2026-04-02T12:30:09.272139,459879,2.395203,0.376794,0.809384
2026-04-02T12:30:09.282139,461799,2.405203,0.421394,0.815131
2026-04-02T12:30:09.306560,462392,2.408292,0.411472,0.783813
2026-04-02T12:30:09.316560,464312,2.418292,0.370381,0.770716
2026-04-02T12:30:09.319649,464905,2.421380,0.400020,0.817045
2026-04-02T12:30:09.329649,466825,2.431380,0.367877,0.816444
2026-04-02T12:30:09.311404,467418,2.434469,0.398149,0.821603
2026-04-02T12:30:09.321404,469338,2.444469,0.427558,0.828525
2026-04-02T12:30:09.324492,469931,2.447557,0.393200,0.776311
2026-04-02T12:30:09.334492,471851,2.457557,0.341846,0.780062
2026-04-02T12:30:09.358913,472444,2.460646,0.400115,0.784473
2026-04-02T12:30:09.368913,474364,2.470646,0.403514,0.816482
2026-04-02T12:30:09.372002,474957,2.473734,0.409048,0.832927
2026-04-02T12:30:09.382002,476877,2.483734,0.409509,0.790284
2026-04-02T12:30:09.363757,477470,2.486823,0.403538,0.823027
2026-04-02T12:30:09.373757,479390,2.496823,0.387065,0.825381
2026-04-02T12:30:09.376846,479983,2.499911,0.394588,0.821313
2026-04-02T12:30:09.386846,481903,2.509911,0.392095,0.834493
2026-04-02T12:30:09.411267,482496,2.513000,0.417897,0.820462
2026-04-02T12:30:09.421267,484416,2.523000,0.372690,0.822264
2026-04-02T12:30:09.424355,485009,2.526089,0.408213,0.782044
2026-04-02T12:30:09.434355,486929,2.536089,0.417558,0.800737
2026-04-02T12:30:09.416111,487522,2.539177,0.412940,0.773767
2026-04-02T12:30:09.426111,489442,2.549177,0.411579,0.788881
2026-04-02T12:30:09.429199,490035,2.552266,0.435065,0.838030
2026-04-02T12:30:09.439199,491955,2.562266,0.402933,0.822136
2026-04-02T12:30:09.463620,492548,2.565354,0.363330,0.783827
2026-04-02T12:30:09.473620,494468,2.575354,0.404494,0.786135
2026-04-02T12:30:09.476709,495061,2.578443,0.388878,0.776823
2026-04-02T12:30:09.486709,496981,2.588443,0.434156,0.765483
2026-04-02T12:30:09.468464,497574,2.591531,0.353558,0.789579
2026-04-02T12:30:09.478464,499494,2.601531,0.390810,0.826297
2026-04-02T12:30:09.481553,500087,2.604620,0.401810,0.799870
2026-04-02T12:30:09.491553,502007,2.614620,0.420626,0.819844
2026-04-02T12:30:09.515974,502600,2.617708,0.372757,0.775510
2026-04-02T12:30:09.525974,504520,2.627708,0.387387,0.805346
2026-04-02T12:30:09.529062,505113,2.630797,0.416107,0.816518
2026-04-02T12:30:09.539062,507033,2.640797,0.390411,0.819271
2026-04-02T12:30:09.520818,507626,2.643885,0.365086,0.770612
2026-04-02T12:30:09.530818,509546,2.653885,0.420613,0.790726
2026-04-02T12:30:09.533906,510139,2.656974,0.411409,0.782332
2026-04-02T12:30:09.543906,512059,2.666974,0.371749,0.795050
2026-04-02T12:30:09.568327,512652,2.670062,0.404173,0.806823
2026-04-02T12:30:09.578327,514572,2.680063,0.427043,0.792988
2026-04-02T12:30:09.581416,515165,2.683151,0.390062,0.814972
2026-04-02T12:30:09.591416,517085,2.693151,0.376970,0.814768
2026-04-02T12:30:09.573171,517678,2.696240,0.353168,0.789741
2026-04-02T12:30:09.583171,519598,2.706240,0.386396,0.783991
2026-04-02T12:30:09.586260,520191,2.709328,0.392939,0.813666
2026-04-02T12:30:09.596260,522111,2.719328,0.395582,0.787016
2026-04-02T12:30:09.620680,522704,2.722417,0.383044,0.816671
2026-04-02T12:30:09.630680,524624,2.732417,0.426002,0.809130
2026-04-02T12:30:09.633769,525217,2.735505,0.346209,0.804693
2026-04-02T12:30:09.643769,527137,2.745505,0.376139,0.767662
2026-04-02T12:30:09.625524,527730,2.748594,0.371650,0.788034
2026-04-02T12:30:09.635524,529650,2.758594,0.381943,0.844101
2026-04-02T12:30:09.638613,530243,2.761682,0.414863,0.829552
2026-04-02T12:30:09.648613,532163,2.771682,0.371211,0.791021
2026-04-02T12:30:09.673034,532756,2.774771,0.366589,0.852797
2026-04-02T12:30:09.683034,534676,2.784771,0.402092,0.818163
2026-04-02T12:30:09.686122,535269,2.787859,0.413530,0.795595
2026-04-02T12:30:09.696122,537189,2.797859,0.359032,0.801110
2026-04-02T12:30:09.677878,537782,2.800948,0.443944,0.818499
2026-04-02T12:30:09.687878,539702,2.810948,0.400536,0.812637
2026-04-02T12:30:09.690966,540295,2.814036,0.345240,0.781231
2026-04-02T12:30:09.700966,542215,2.824036,0.447436,0.834827
2026-04-02T12:30:09.725387,542808,2.827125,0.374283,0.778440
2026-04-02T12:30:09.735387,544728,2.837125,0.442583,0.793957
2026-04-02T12:30:09.738476,545321,2.840214,0.409819,0.826736
2026-04-02T12:30:09.748476,547241,2.850214,0.376852,0.790151
2026-04-02T12:30:09.730231,547834,2.853302,0.343565,0.784891
2026-04-02T12:30:09.740231,549754,2.863302,0.398772,0.818399
2026-04-02T12:30:09.743320,550347,2.866391,0.396064,0.816396
2026-04-02T12:30:09.753320,552267,2.876391,0.422066,0.794584
2026-04-02T12:30:09.777741,552860,2.879479,0.406532,0.824409
2026-04-02T12:30:09.787741,554780,2.889479,0.388519,0.786325
2026-04-02T12:30:09.790829,555373,2.892568,0.374533,0.786941
2026-04-02T12:30:09.800829,557293,2.902568,0.399032,0.825774
2026-04-02T12:30:09.782584,557886,2.905656,0.379540,0.827808
2026-04-02T12:30:09.792584,559806,2.915656,0.430377,0.791051
2026-04-02T12:30:09.795673,560399,2.918745,0.347342,0.840035
2026-04-02T12:30:09.805673,562319,2.928745,0.412757,0.800450
2026-04-02T12:30:09.830094,562912,2.931833,0.393009,0.753813
2026-04-02T12:30:09.840094,564832,2.941833,0.396324,0.829244
2026-04-02T12:30:09.843183,565425,2.944922,0.415198,0.793240
2026-04-02T12:30:09.853183,567345,2.954922,0.382983,0.822697
2026-04-02T12:30:09.834938,567938,2.958010,0.404959,0.809133
2026-04-02T12:30:09.844938,569858,2.968010,0.410156,0.799612
2026-04-02T12:30:09.848026,570451,2.971099,0.368876,0.781985
2026-04-02T12:30:09.858026,572371,2.981099,0.402414,0.801482
2026-04-02T12:30:09.882448,572964,2.984187,0.388186,0.817075
2026-04-02T12:30:09.892448,574884,2.994187,0.373810,0.833934
2026-04-02T12:30:09.895536,575477,2.997276,0.397467,0.742014
2026-04-02T12:30:09.905536,577397,3.007276,0.424903,0.778965
2026-04-02T12:30:09.887291,577990,3.010365,0.395404,0.800300
2026-04-02T12:30:09.897291,579910,3.020365,0.386432,0.821684
2026-04-02T12:30:09.900380,580503,3.023453,0.397264,0.792239
2026-04-02T12:30:09.910380,582423,3.033453,0.404188,0.786298
2026-04-02T12:30:09.934801,583016,3.036542,0.376610,0.832114
2026-04-02T12:30:09.944801,584936,3.046542,0.415731,0.775349
2026-04-02T12:30:09.947890,585529,3.049630,0.419118,0.784473
2026-04-02T12:30:09.957890,587449,3.059630,0.398027,0.821379
2026-04-02T12:30:09.939645,588042,3.062719,0.432095,0.825236
2026-04-02T12:30:09.949645,589962,3.072719,0.375846,0.825212
2026-04-02T12:30:09.952733,590555,3.075807,0.381702,0.818350
2026-04-02T12:30:09.962733,592475,3.085807,0.446752,0.841739
2026-04-02T12:30:09.987154,593068,3.088896,0.419805,0.755953
2026-04-02T12:30:09.997154,594988,3.098896,0.422444,0.779773
2026-04-02T12:30:10.000243,595581,3.101984,0.388830,0.794813
2026-04-02T12:30:10.010243,597501,3.111984,0.374995,0.776607
2026-04-02T12:30:09.991998,598094,3.115073,0.404843,0.798958
2026-04-02T12:30:10.001998,600014,3.125073,0.396353,0.787006
2026-04-02T12:30:10.005087,600607,3.128161,0.421173,0.807909
2026-04-02T12:30:10.015087,602527,3.138161,0.405243,0.796212
2026-04-02T12:30:10.039508,603120,3.141250,0.377559,0.795356
2026-04-02T12:30:10.049508,605040,3.151250,0.435039,0.804055
2026-04-02T12:30:10.052596,605633,3.154339,0.419378,0.799351
2026-04-02T12:30:10.062596,607553,3.164339,0.430129,0.809902
2026-04-02T12:30:10.044352,608146,3.167427,0.401446,0.829202
2026-04-02T12:30:10.054352,610066,3.177427,0.389345,0.798653
2026-04-02T12:30:10.057440,610659,3.180516,0.390121,0.790123
2026-04-02T12:30:10.067440,612579,3.190516,0.389644,0.792728
2026-04-02T12:30:10.091861,613172,3.193604,0.413890,0.857334
2026-04-02T12:30:10.101861,615092,3.203604,0.376989,0.774974
2026-04-02T12:30:10.104950,615685,3.206693,0.416156,0.822891
2026-04-02T12:30:10.114950,617605,3.216693,0.410353,0.795532
2026-04-02T12:30:10.096705,618198,3.219781,0.382535,0.773921
2026-04-02T12:30:10.106705,620118,3.229781,0.420800,0.757845
2026-04-02T12:30:10.109794,620711,3.232870,0.414481,0.757995
2026-04-02T12:30:10.119794,622631,3.242870,0.422100,0.782841
2026-04-02T12:30:10.144215,623224,3.245958,0.391904,0.839153
2026-04-02T12:30:10.154215,625144,3.255958,0.406078,0.810552
2026-04-02T12:30:10.157303,625737,3.259047,0.441290,0.768250
2026-04-02T12:30:10.167303,627657,3.269047,0.370624,0.762621
2026-04-02T12:30:10.149059,628250,3.272135,0.456709,0.772200
2026-04-02T12:30:10.159059,630170,3.282135,0.441832,0.814222
2026-04-02T12:30:10.162147,630763,3.285224,0.415722,0.764044
2026-04-02T12:30:10.172147,632683,3.295224,0.410824,0.763357
2026-04-02T12:30:10.196568,633276,3.298313,0.403187,0.801560
2026-04-02T12:30:10.206568,635196,3.308312,0.386946,0.776795
2026-04-02T12:30:10.209657,635789,3.311401,0.414209,0.796100
2026-04-02T12:30:10.219657,637709,3.321401,0.402188,0.793831
2026-04-02T12:30:10.201412,638302,3.324490,0.391460,0.802853
2026-04-02T12:30:10.211412,640222,3.334490,0.407080,0.798773
2026-04-02T12:30:10.214501,640815,3.337578,0.374072,0.807459
2026-04-02T12:30:10.224501,642735,3.347578,0.436959,0.802113
2026-04-02T12:30:10.248922,643328,3.350667,0.363067,0.823827
2026-04-02T12:30:10.258922,645248,3.360667,0.391115,0.819488
2026-04-02T12:30:10.262010,645841,3.363755,0.415735,0.788893
2026-04-02T12:30:10.272010,647761,3.373755,0.374281,0.787386
2026-04-02T12:30:10.253765,648354,3.376844,0.447766,0.785925
2026-04-02T12:30:10.263765,650274,3.386844,0.373258,0.765179
2026-04-02T12:30:10.266854,650867,3.389932,0.380975,0.799689
2026-04-02T12:30:10.276854,652787,3.399932,0.426293,0.763538
2026-04-02T12:30:10.301275,653380,3.403021,0.391477,0.787824
2026-04-02T12:30:10.311275,655300,3.413021,0.437416,0.774169
2026-04-02T12:30:10.314364,655893,3.416109,0.402927,0.775703
2026-04-02T12:30:10.324364,657813,3.426109,0.419811,0.844210
2026-04-02T12:30:10.306119,658406,3.429198,0.393750,0.830567
2026-04-02T12:30:10.316119,660326,3.439198,0.413105,0.786074
2026-04-02T12:30:10.319208,660919,3.442286,0.400687,0.789430
2026-04-02T12:30:10.329208,662839,3.452286,0.379779,0.831224
2026-04-02T12:30:10.353629,663432,3.455375,0.388558,0.805773
2026-04-02T12:30:10.363629,665352,3.465375,0.406038,0.774537
2026-04-02T12:30:10.366717,665945,3.468464,0.412625,0.784361
2026-04-02T12:30:10.376717,667865,3.478464,0.367742,0.792522
2026-04-02T12:30:10.358472,668458,3.481552,0.391523,0.837639
2026-04-02T12:30:10.368472,670378,3.491552,0.411497,0.787669
2026-04-02T12:30:10.371561,670971,3.494641,0.408329,0.792164
2026-04-02T12:30:10.381561,672891,3.504641,0.414364,0.748788
2026-04-02T12:30:10.405982,673484,3.507729,0.404273,0.798058
2026-04-02T12:30:10.415982,675404,3.517729,0.422084,0.835355
2026-04-02T12:30:10.419071,675997,3.520818,0.425397,0.841340
2026-04-02T12:30:10.429071,677917,3.530818,0.446078,0.799755
2026-04-02T12:30:10.410826,678510,3.533906,0.367402,0.850531
2026-04-02T12:30:10.420826,680430,3.543906,0.425024,0.791870
2026-04-02T12:30:10.423914,681023,3.546995,0.433475,0.809207
2026-04-02T12:30:10.433914,682943,3.556995,0.447682,0.803335
2026-04-02T12:30:10.458336,683536,3.560083,0.414347,0.800527
2026-04-02T12:30:10.468336,685456,3.570083,0.368705,0.794526
2026-04-02T12:30:10.471424,686049,3.573172,0.393216,0.828932
2026-04-02T12:30:10.481424,687969,3.583172,0.423570,0.789690
2026-04-02T12:30:10.463179,688562,3.586260,0.396206,0.829916
2026-04-02T12:30:10.473179,690482,3.596260,0.383675,0.788893
2026-04-02T12:30:10.476268,691075,3.599349,0.403590,0.770987
2026-04-02T12:30:10.486268,692995,3.609349,0.418048,0.782441
2026-04-02T12:30:10.510689,693588,3.612437,0.379486,0.804556
2026-04-02T12:30:10.520689,695508,3.622438,0.396878,0.865459
2026-04-02T12:30:10.523778,696101,3.625526,0.393095,0.816987
2026-04-02T12:30:10.533778,698021,3.635526,0.399461,0.792343
2026-04-02T12:30:10.515533,698614,3.638615,0.352837,0.806733
2026-04-02T12:30:10.525533,700534,3.648615,0.375148,0.800288
2026-04-02T12:30:10.528621,701127,3.651703,0.357088,0.823702
2026-04-02T12:30:10.538621,703047,3.661703,0.370275,0.808145
2026-04-02T12:30:10.563043,703640,3.664792,0.387193,0.772962
2026-04-02T12:30:10.573043,705560,3.674792,0.430176,0.786925
2026-04-02T12:30:10.576131,706153,3.677880,0.418233,0.832919
2026-04-02T12:30:10.586131,708073,3.687880,0.415397,0.792554
2026-04-02T12:30:10.567886,708666,3.690969,0.409001,0.811177
2026-04-02T12:30:10.577886,710586,3.700969,0.415598,0.820998
2026-04-02T12:30:10.580975,711179,3.704057,0.413314,0.841627
2026-04-02T12:30:10.590975,713099,3.714057,0.427790,0.819708
2026-04-02T12:30:10.615396,713692,3.717146,0.396032,0.754816
2026-04-02T12:30:10.625396,715612,3.727146,0.417061,0.816370
2026-04-02T12:30:10.628485,716205,3.730234,0.441292,0.770321
2026-04-02T12:30:10.638485,718125,3.740234,0.381896,0.835231
2026-04-02T12:30:10.620240,718718,3.743323,0.394170,0.783951
2026-04-02T12:30:10.630240,720638,3.753323,0.408929,0.828500
2026-04-02T12:30:10.633328,721231,3.756411,0.397598,0.837147
2026-04-02T12:30:10.643328,723151,3.766411,0.397265,0.817627
2026-04-02T12:30:10.667749,723744,3.769500,0.409447,0.781294
2026-04-02T12:30:10.677749,725664,3.779500,0.426949,0.772419
2026-04-02T12:30:10.680838,726257,3.782589,0.439267,0.800242
2026-04-02T12:30:10.690838,728177,3.792589,0.395831,0.821615
2026-04-02T12:30:10.672593,728770,3.795677,0.348824,0.782311
2026-04-02T12:30:10.682593,730690,3.805677,0.358840,0.812876
2026-04-02T12:30:10.685682,731283,3.808766,0.380647,0.822511
2026-04-02T12:30:10.695682,733203,3.818766,0.408044,0.795083
2026-04-02T12:30:10.720103,733796,3.821854,0.391661,0.801011
2026-04-02T12:30:10.730103,735716,3.831854,0.444149,0.797048
2026-04-02T12:30:10.733191,736309,3.834943,0.383686,0.803182
2026-04-02T12:30:10.743191,738229,3.844943,0.391223,0.821983
2026-04-02T12:30:10.724946,738822,3.848031,0.374611,0.790035
2026-04-02T12:30:10.734946,740742,3.858031,0.423362,0.817411
2026-04-02T12:30:10.738035,741335,3.861120,0.439922,0.781738
2026-04-02T12:30:10.748035,743255,3.871120,0.395402,0.843183
2026-04-02T12:30:10.772456,743848,3.874208,0.427050,0.799714
2026-04-02T12:30:10.782456,745768,3.884208,0.375863,0.840444
2026-04-02T12:30:10.785545,746361,3.887297,0.422519,0.829692
2026-04-02T12:30:10.795545,748281,3.897297,0.363575,0.789423
2026-04-02T12:30:10.777300,748874,3.900385,0.386973,0.827800
2026-04-02T12:30:10.787300,750794,3.910385,0.385346,0.794440
2026-04-02T12:30:10.790388,751387,3.913474,0.424805,0.809149
2026-04-02T12:30:10.800388,753307,3.923474,0.399097,0.802578
2026-04-02T12:30:10.824810,753900,3.926563,0.431281,0.800323
2026-04-02T12:30:10.834810,755820,3.936562,0.451429,0.811051
2026-04-02T12:30:10.837898,756413,3.939651,0.367455,0.792245
2026-04-02T12:30:10.847898,758333,3.949651,0.373983,0.820203
2026-04-02T12:30:10.829653,758926,3.952740,0.371142,0.830923
2026-04-02T12:30:10.839653,760846,3.962740,0.358714,0.792953
2026-04-02T12:30:10.842742,761439,3.965828,0.415260,0.840398
2026-04-02T12:30:10.852742,763359,3.975828,0.376446,0.777707
2026-04-02T12:30:10.877163,763952,3.978917,0.356912,0.827042
2026-04-02T12:30:10.887163,765872,3.988917,0.436255,0.807685
2026-04-02T12:30:10.890252,766465,3.992005,0.369567,0.827998
2026-04-02T12:30:10.900252,768385,4.002005,0.375836,0.799512
2026-04-02T12:30:10.882007,768978,4.005094,0.399391,0.760295
2026-04-02T12:30:10.892007,770898,4.015094,0.429634,0.783178
2026-04-02T12:30:10.895095,771491,4.018182,0.402800,0.833531
2026-04-02T12:30:10.905095,773411,4.028182,0.398158,0.800918
2026-04-02T12:30:10.929516,774004,4.031271,0.400628,0.781121
2026-04-02T12:30:10.939516,775924,4.041271,0.328566,0.814235
2026-04-02T12:30:10.942605,776517,4.044359,0.413023,0.783363
2026-04-02T12:30:10.952605,778437,4.054359,0.370077,0.810046
2026-04-02T12:30:10.934360,779030,4.057448,0.451706,0.828855
2026-04-02T12:30:10.944360,780950,4.067448,0.429554,0.793617
2026-04-02T12:30:10.947449,781543,4.070536,0.421629,0.803895
2026-04-02T12:30:10.957449,783463,4.080536,0.428845,0.810780
2026-04-02T12:30:10.981870,784056,4.083625,0.404149,0.779364
2026-04-02T12:30:10.991870,785976,4.093625,0.383931,0.784351
2026-04-02T12:30:10.994958,786569,4.096714,0.378362,0.789527
2026-04-02T12:30:11.004958,788489,4.106714,0.392688,0.782155
2026-04-02T12:30:10.986714,789082,4.109802,0.336424,0.821785
2026-04-02T12:30:10.996714,791002,4.119802,0.410366,0.822402
2026-04-02T12:30:10.999802,791595,4.122891,0.411607,0.803297
2026-04-02T12:30:11.009802,793515,4.132891,0.408705,0.799409
2026-04-02T12:30:11.034223,794108,4.135979,0.414111,0.819858
2026-04-02T12:30:11.044223,796028,4.145979,0.397362,0.794680
2026-04-02T12:30:11.047312,796621,4.149068,0.366741,0.752670
2026-04-02T12:30:11.057312,798541,4.159068,0.372073,0.805643
2026-04-02T12:30:11.039067,799134,4.162156,0.409793,0.811372
2026-04-02T12:30:11.049067,801054,4.172156,0.390073,0.801218
2026-04-02T12:30:11.052156,801647,4.175245,0.395642,0.835986
2026-04-02T12:30:11.062156,803567,4.185245,0.362084,0.812026
2026-04-02T12:30:11.086577,804160,4.188333,0.415901,0.795003
2026-04-02T12:30:11.096577,806080,4.198333,0.413830,0.792737
2026-04-02T12:30:11.099665,806673,4.201422,0.391369,0.787996
2026-04-02T12:30:11.109665,808593,4.211422,0.402144,0.806925
2026-04-02T12:30:11.091420,809186,4.214510,0.411225,0.738868
2026-04-02T12:30:11.101420,811106,4.224510,0.389755,0.841693
2026-04-02T12:30:11.104509,811699,4.227599,0.375318,0.826572
2026-04-02T12:30:11.114509,813619,4.237599,0.384183,0.806465
2026-04-02T12:30:11.138930,814212,4.240687,0.398444,0.778034
2026-04-02T12:30:11.148930,816132,4.250687,0.365477,0.844700
2026-04-02T12:30:11.152019,816725,4.253776,0.398263,0.772996
2026-04-02T12:30:11.162019,818645,4.263776,0.399919,0.845294
2026-04-02T12:30:11.143774,819238,4.266865,0.411398,0.799011
2026-04-02T12:30:11.153774,821158,4.276865,0.398823,0.800790
2026-04-02T12:30:11.156862,821751,4.279953,0.452719,0.816795
2026-04-02T12:30:11.166862,823671,4.289953,0.414443,0.808882
2026-04-02T12:30:11.191284,824264,4.293042,0.435958,0.811381
2026-04-02T12:30:11.201284,826184,4.303042,0.386814,0.762615
2026-04-02T12:30:11.204372,826777,4.306130,0.390946,0.799594
2026-04-02T12:30:11.214372,828697,4.316130,0.395359,0.783881
2026-04-02T12:30:11.196127,829290,4.319219,0.461344,0.770520
2026-04-02T12:30:11.206127,831210,4.329219,0.401555,0.815217
2026-04-02T12:30:11.209216,831803,4.332307,0.415379,0.754388
2026-04-02T12:30:11.219216,833723,4.342307,0.402169,0.787739
2026-04-02T12:30:11.243637,834316,4.345396,0.392477,0.797674
2026-04-02T12:30:11.253637,836236,4.355396,0.400917,0.812151
2026-04-02T12:30:11.256726,836829,4.358484,0.389011,0.799434
2026-04-02T12:30:11.266726,838749,4.368484,0.372485,0.810059
2026-04-02T12:30:11.248481,839342,4.371573,0.413970,0.801816
2026-04-02T12:30:11.258481,841262,4.381573,0.433348,0.792985
2026-04-02T12:30:11.261569,841855,4.384661,0.403433,0.769586
2026-04-02T12:30:11.271569,843775,4.394661,0.420842,0.773996
2026-04-02T12:30:11.295991,844368,4.397750,0.392864,0.813325
2026-04-02T12:30:11.305991,846288,4.407750,0.421944,0.770594
2026-04-02T12:30:11.309079,846881,4.410839,0.418633,0.782665
2026-04-02T12:30:11.319079,848801,4.420839,0.423995,0.775086
2026-04-02T12:30:11.300834,849394,4.423927,0.380460,0.816207
2026-04-02T12:30:11.310834,851314,4.433927,0.377087,0.819817
2026-04-02T12:30:11.313923,851907,4.437016,0.368908,0.830773
2026-04-02T12:30:11.323923,853827,4.447016,0.358835,0.796164
2026-04-02T12:30:11.348344,854420,4.450104,0.407983,0.785093
2026-04-02T12:30:11.358344,856340,4.460104,0.409430,0.814145
2026-04-02T12:30:11.361433,856933,4.463193,0.414470,0.832334
2026-04-02T12:30:11.371433,858853,4.473193,0.399366,0.813797
2026-04-02T12:30:11.353188,859446,4.476281,0.371212,0.777715
2026-04-02T12:30:11.363188,861366,4.486281,0.390183,0.826782
2026-04-02T12:30:11.366276,861959,4.489370,0.382664,0.800504
2026-04-02T12:30:11.376276,863879,4.499370,0.429521,0.783812
2026-04-02T12:30:11.400697,864472,4.502458,0.425005,0.815572
2026-04-02T12:30:11.410697,866392,4.512458,0.371950,0.765104
2026-04-02T12:30:11.413786,866985,4.515547,0.414629,0.776977
2026-04-02T12:30:11.423786,868905,4.525547,0.403941,0.796983
2026-04-02T12:30:11.405541,869498,4.528635,0.355094,0.762299
2026-04-02T12:30:11.415541,871418,4.538635,0.444314,0.816639
2026-04-02T12:30:11.418630,872011,4.541724,0.410354,0.810840
2026-04-02T12:30:11.428630,873931,4.551724,0.382630,0.807267
2026-04-02T12:30:11.453051,874524,4.554812,0.428118,0.822305
2026-04-02T12:30:11.463051,876444,4.564813,0.435834,0.836582
2026-04-02T12:30:11.466139,877037,4.567901,0.435989,0.789179
2026-04-02T12:30:11.476139,878957,4.577901,0.423910,0.818571
2026-04-02T12:30:11.457895,879550,4.580990,0.424345,0.803962
2026-04-02T12:30:11.467895,881470,4.590990,0.379993,0.781070
2026-04-02T12:30:11.470983,882063,4.594078,0.427381,0.728212
2026-04-02T12:30:11.480983,883983,4.604078,0.366822,0.752991
2026-04-02T12:30:11.505404,884576,4.607167,0.369891,0.838347
2026-04-02T12:30:11.515404,886496,4.617167,0.389768,0.778753
2026-04-02T12:30:11.518493,887089,4.620255,0.401897,0.817539
2026-04-02T12:30:11.528493,889009,4.630255,0.409411,0.803180
2026-04-02T12:30:11.510248,889602,4.633344,0.358842,0.794988
2026-04-02T12:30:11.520248,891522,4.643344,0.403186,0.811288
2026-04-02T12:30:11.523337,892115,4.646432,0.418853,0.804447
2026-04-02T12:30:11.533337,894035,4.656432,0.445961,0.764014
2026-04-02T12:30:11.557758,894628,4.659521,0.407516,0.777646
2026-04-02T12:30:11.567758,896548,4.669521,0.377008,0.809906
2026-04-02T12:30:11.570846,897141,4.672609,0.398470,0.792287
2026-04-02T12:30:11.580846,899061,4.682609,0.403681,0.781650
2026-04-02T12:30:11.562602,899654,4.685698,0.378218,0.764277
2026-04-02T12:30:11.572602,901574,4.695698,0.386557,0.791592
2026-04-02T12:30:11.575690,902167,4.698786,0.417672,0.776768
2026-04-02T12:30:11.585690,904087,4.708786,0.366246,0.828343
2026-04-02T12:30:11.610111,904680,4.711875,0.397747,0.800355
2026-04-02T12:30:11.620111,906600,4.721875,0.411982,0.837236
2026-04-02T12:30:11.623200,907193,4.724964,0.390297,0.820838
2026-04-02T12:30:11.633200,909113,4.734964,0.397382,0.823636
2026-04-02T12:30:11.614955,909706,4.738052,0.405804,0.857881
2026-04-02T12:30:11.624955,911626,4.748052,0.412668,0.824297
2026-04-02T12:30:11.628043,912219,4.751141,0.450153,0.798261
2026-04-02T12:30:11.638043,914139,4.761141,0.445404,0.829710
2026-04-02T12:30:11.662465,914732,4.764229,0.364097,0.786549
2026-04-02T12:30:11.672465,916652,4.774229,0.400812,0.807801
2026-04-02T12:30:11.675553,917245,4.777318,0.402894,0.793712
2026-04-02T12:30:11.685553,919165,4.787318,0.411105,0.845793
2026-04-02T12:30:11.667308,919758,4.790406,0.370251,0.820431
2026-04-02T12:30:11.677308,921678,4.800406,0.389727,0.753527
2026-04-02T12:30:11.680397,922271,4.803495,0.413038,0.773414
2026-04-02T12:30:11.690397,924191,4.813495,0.435640,0.783346
2026-04-02T12:30:11.714818,924784,4.816583,0.410362,0.768640
2026-04-02T12:30:11.724818,926704,4.826583,0.419687,0.809677
2026-04-02T12:30:11.727907,927297,4.829672,0.392277,0.812984
2026-04-02T12:30:11.737907,929217,4.839672,0.362940,0.789196
2026-04-02T12:30:11.719662,929810,4.842760,0.393448,0.855949
2026-04-02T12:30:11.729662,931730,4.852760,0.447369,0.839704
2026-04-02T12:30:11.732751,932323,4.855849,0.394508,0.761850
2026-04-02T12:30:11.742751,934243,4.865849,0.412333,0.810360
2026-04-02T12:30:11.767172,934836,4.868938,0.384165,0.795690
2026-04-02T12:30:11.777172,936756,4.878938,0.438428,0.773475
2026-04-02T12:30:11.780260,937349,4.882026,0.410390,0.767668
2026-04-02T12:30:11.790260,939269,4.892026,0.419073,0.784000
2026-04-02T12:30:11.772015,939862,4.895115,0.417204,0.786991
2026-04-02T12:30:11.782015,941782,4.905115,0.398489,0.810797
2026-04-02T12:30:11.785104,942375,4.908203,0.327156,0.795636
2026-04-02T12:30:11.795104,944295,4.918203,0.372904,0.765059
2026-04-02T12:30:11.819525,944888,4.921292,0.407146,0.809836
2026-04-02T12:30:11.829525,946808,4.931292,0.425493,0.804216
2026-04-02T12:30:11.832614,947401,4.934380,0.361322,0.840094
2026-04-02T12:30:11.842614,949321,4.944380,0.351804,0.849639
2026-04-02T12:30:11.824369,949914,4.947469,0.402133,0.803756
2026-04-02T12:30:11.834369,951834,4.957469,0.387313,0.826207
2026-04-02T12:30:11.837457,952427,4.960557,0.429648,0.811555
2026-04-02T12:30:11.847457,954347,4.970557,0.385710,0.790884
2026-04-02T12:30:11.871879,954940,4.973646,0.430445,0.823100
2026-04-02T12:30:11.881879,956860,4.983646,0.420300,0.845538
2026-04-02T12:30:11.884967,957453,4.986734,0.379364,0.771442
2026-04-02T12:30:11.894967,959373,4.996734,0.405011,0.788373
2026-04-02T12:30:11.876722,959966,4.999823,0.405819,0.743516
2026-04-02T12:30:11.886722,961886,5.009823,0.400986,0.776104
2026-04-02T12:30:11.889811,962479,5.012911,0.426356,0.780895
2026-04-02T12:30:11.899811,964399,5.022911,0.356199,0.818045
2026-04-02T12:30:11.924232,964992,5.026000,0.412317,0.818622
2026-04-02T12:30:11.934232,966912,5.036000,0.399664,0.814846
2026-04-02T12:30:11.937321,967505,5.039089,0.365088,0.776864
2026-04-02T12:30:11.947321,969425,5.049089,0.394005,0.790119
2026-04-02T12:30:11.929076,970018,5.052177,0.397049,0.765763
2026-04-02T12:30:11.939076,971938,5.062177,0.387959,0.749489
2026-04-02T12:30:11.942164,972531,5.065266,0.380325,0.794586
2026-04-02T12:30:11.952164,974451,5.075266,0.397067,0.850860
2026-04-02T12:30:11.976586,975044,5.078354,0.418953,0.778411
2026-04-02T12:30:11.986586,976964,5.088354,0.404285,0.782888
2026-04-02T12:30:11.989674,977557,5.091443,0.400754,0.832062
2026-04-02T12:30:11.999674,979477,5.101443,0.371000,0.773001
2026-04-02T12:30:11.981429,980070,5.104531,0.404115,0.777856
2026-04-02T12:30:11.991429,981990,5.114531,0.379998,0.798478
2026-04-02T12:30:11.994518,982583,5.117620,0.406966,0.807461
2026-04-02T12:30:12.004518,984503,5.127620,0.411481,0.800390
2026-04-02T12:30:12.028939,985096,5.130708,0.392735,0.811097
2026-04-02T12:30:12.038939,987016,5.140708,0.387100,0.776731
2026-04-02T12:30:12.042027,987609,5.143797,0.408177,0.836822
2026-04-02T12:30:12.052027,989529,5.153797,0.360779,0.799286
2026-04-02T12:30:12.033783,990122,5.156885,0.401235,0.797908
2026-04-02T12:30:12.043783,992042,5.166885,0.373757,0.795450
2026-04-02T12:30:12.046871,992635,5.169974,0.380784,0.794247
2026-04-02T12:30:12.056871,994555,5.179974,0.388687,0.810416
2026-04-02T12:30:12.081292,995148,5.183063,0.432342,0.818156
2026-04-02T12:30:12.091292,997068,5.193062,0.391042,0.779899
2026-04-02T12:30:12.094381,997661,5.196151,0.417644,0.853922
2026-04-02T12:30:12.104381,999581,5.206151,0.405783,0.839321
2026-04-02T12:30:12.086136,1000174,5.209240,0.340722,0.831795
2026-04-02T12:30:12.096136,1002094,5.219240,0.337540,0.800433
2026-04-02T12:30:12.099225,1002687,5.222328,0.401115,0.808432
2026-04-02T12:30:12.109225,1004607,5.232328,0.405337,0.746726
2026-04-02T12:30:12.133646,1005200,5.235417,0.434981,0.760799
2026-04-02T12:30:12.143646,1007120,5.245417,0.380183,0.824437
2026-04-02T12:30:12.146734,1007713,5.248505,0.370272,0.788681
2026-04-02T12:30:12.156734,1009633,5.258505,0.401702,0.795135
2026-04-02T12:30:12.138489,1010226,5.261594,0.373509,0.795961
2026-04-02T12:30:12.148489,1012146,5.271594,0.415169,0.820059
2026-04-02T12:30:12.151578,1012739,5.274682,0.380459,0.812197
2026-04-02T12:30:12.161578,1014659,5.284682,0.399441,0.811385
2026-04-02T12:30:12.185999,1015252,5.287771,0.436015,0.831529
2026-04-02T12:30:12.195999,1017172,5.297771,0.390054,0.761427
2026-04-02T12:30:12.199088,1017765,5.300859,0.397904,0.783986
2026-04-02T12:30:12.209088,1019685,5.310859,0.387002,0.790369
2026-04-02T12:30:12.190843,1020278,5.313948,0.403088,0.774630
2026-04-02T12:30:12.200843,1022198,5.323948,0.436960,0.762831
2026-04-02T12:30:12.203931,1022791,5.327036,0.412398,0.843689
2026-04-02T12:30:12.213931,1024711,5.337036,0.415512,0.825995
2026-04-02T12:30:12.238353,1025304,5.340125,0.397890,0.820241
2026-04-02T12:30:12.248353,1027224,5.350125,0.405453,0.809245
2026-04-02T12:30:12.251441,1027817,5.353214,0.368986,0.832868
2026-04-02T12:30:12.261441,1029737,5.363214,0.401886,0.807471
2026-04-02T12:30:12.243196,1030330,5.366302,0.445364,0.816945
2026-04-02T12:30:12.253196,1032250,5.376302,0.381632,0.771023
2026-04-02T12:30:12.256285,1032843,5.379391,0.374188,0.775514
2026-04-02T12:30:12.266285,1034763,5.389391,0.371392,0.786166
2026-04-02T12:30:12.290706,1035356,5.392479,0.472597,0.784512
2026-04-02T12:30:12.300706,1037276,5.402479,0.418592,0.746884
2026-04-02T12:30:12.303795,1037869,5.405568,0.388125,0.782774
2026-04-02T12:30:12.313795,1039789,5.415568,0.454434,0.792567
2026-04-02T12:30:12.295550,1040382,5.418656,0.392918,0.816534
2026-04-02T12:30:12.305550,1042302,5.428656,0.413710,0.816321
2026-04-02T12:30:12.308638,1042895,5.431745,0.459415,0.791306
2026-04-02T12:30:12.318638,1044815,5.441745,0.370748,0.768313
2026-04-02T12:30:12.343060,1045408,5.444833,0.433834,0.780590
2026-04-02T12:30:12.353060,1047328,5.454833,0.407365,0.827922
2026-04-02T12:30:12.356148,1047921,5.457922,0.431847,0.789621
2026-04-02T12:30:12.366148,1049841,5.467922,0.412299,0.814405
2026-04-02T12:30:12.347903,1050434,5.471010,0.425280,0.753826
2026-04-02T12:30:12.357903,1052354,5.481010,0.415654,0.810016
2026-04-02T12:30:12.360992,1052947,5.484099,0.393664,0.882452
2026-04-02T12:30:12.370992,1054867,5.494099,0.354577,0.790509
2026-04-02T12:30:12.395413,1055460,5.497187,0.427544,0.840027
2026-04-02T12:30:12.405413,1057380,5.507187,0.417151,0.828205
2026-04-02T12:30:12.408502,1057973,5.510276,0.405668,0.778709
2026-04-02T12:30:12.418502,1059893,5.520276,0.369710,0.774471
2026-04-02T12:30:12.400257,1060486,5.523365,0.355459,0.796582
2026-04-02T12:30:12.410257,1062406,5.533365,0.397871,0.788321
2026-04-02T12:30:12.413345,1062999,5.536453,0.400474,0.818127
2026-04-02T12:30:12.423345,1064919,5.546453,0.404715,0.772630
2026-04-02T12:30:12.447767,1065512,5.549542,0.386175,0.822027
2026-04-02T12:30:12.457767,1067432,5.559542,0.377653,0.817308
2026-04-02T12:30:12.460855,1068025,5.562630,0.387593,0.784262
2026-04-02T12:30:12.470855,1069945,5.572630,0.440100,0.756596
2026-04-02T12:30:12.452610,1070538,5.575719,0.395363,0.826599
2026-04-02T12:30:12.462610,1072458,5.585719,0.434886,0.783982
2026-04-02T12:30:12.465699,1073051,5.588807,0.377252,0.774434
2026-04-02T12:30:12.475699,1074971,5.598807,0.421371,0.816980
2026-04-02T12:30:12.500120,1075564,5.601896,0.412575,0.771020
2026-04-02T12:30:12.510120,1077484,5.611896,0.390988,0.768294
2026-04-02T12:30:12.513209,1078077,5.614984,0.388474,0.814863
2026-04-02T12:30:12.523209,1079997,5.624984,0.412660,0.757763
2026-04-02T12:30:12.504964,1080590,5.628073,0.401904,0.811976
2026-04-02T12:30:12.514964,1082510,5.638073,0.405172,0.786055
2026-04-02T12:30:12.518052,1083103,5.641161,0.382373,0.802846
2026-04-02T12:30:12.528052,1085023,5.651161,0.397468,0.815429
2026-04-02T12:30:12.552473,1085616,5.654250,0.382909,0.779847
2026-04-02T12:30:12.562473,1087536,5.664250,0.357780,0.745806
2026-04-02T12:30:12.565562,1088129,5.667339,0.402033,0.754616
2026-04-02T12:30:12.575562,1090049,5.677339,0.388099,0.791127
2026-04-02T12:30:12.557317,1090642,5.680427,0.436786,0.845324
2026-04-02T12:30:12.567317,1092562,5.690427,0.367420,0.836173
2026-04-02T12:30:12.570406,1093155,5.693516,0.373005,0.721596
2026-04-02T12:30:12.580406,1095075,5.703516,0.419638,0.790803
2026-04-02T12:30:12.604827,1095668,5.706604,0.391121,0.769500
2026-04-02T12:30:12.614827,1097588,5.716604,0.414826,0.793948
2026-04-02T12:30:12.617915,1098181,5.719693,0.374922,0.795816
2026-04-02T12:30:12.627915,1100101,5.729693,0.400241,0.805256
2026-04-02T12:30:12.609671,1100694,5.732781,0.411289,0.834082
2026-04-02T12:30:12.619671,1102614,5.742781,0.387690,0.777596
2026-04-02T12:30:12.622759,1103207,5.745870,0.386517,0.822968
2026-04-02T12:30:12.632759,1105127,5.755870,0.453693,0.871295
2026-04-02T12:30:12.657180,1105720,5.758958,0.418005,0.804048
2026-04-02T12:30:12.667180,1107640,5.768958,0.389842,0.814869
2026-04-02T12:30:12.670269,1108233,5.772047,0.424223,0.791901
2026-04-02T12:30:12.680269,1110153,5.782047,0.406724,0.814185
2026-04-02T12:30:12.662024,1110746,5.785135,0.379679,0.815453
2026-04-02T12:30:12.672024,1112666,5.795135,0.391286,0.785351
2026-04-02T12:30:12.675113,1113259,5.798224,0.424412,0.808889
2026-04-02T12:30:12.685113,1115179,5.808224,0.438913,0.828007
2026-04-02T12:30:12.709534,1115772,5.811312,0.408646,0.789048
2026-04-02T12:30:12.719534,1117692,5.821313,0.433494,0.818471
2026-04-02T12:30:12.722622,1118285,5.824401,0.382188,0.808888
2026-04-02T12:30:12.732622,1120205,5.834401,0.392058,0.745445
2026-04-02T12:30:12.714377,1120798,5.837490,0.402401,0.822792
2026-04-02T12:30:12.724377,1122718,5.847490,0.407854,0.788729
2026-04-02T12:30:12.727466,1123311,5.850578,0.386951,0.790437
2026-04-02T12:30:12.737466,1125231,5.860578,0.436090,0.739047
2026-04-02T12:30:12.761887,1125824,5.863667,0.401267,0.815814
2026-04-02T12:30:12.771887,1127744,5.873667,0.372797,0.788980
2026-04-02T12:30:12.774976,1128337,5.876755,0.360506,0.779315
2026-04-02T12:30:12.784976,1130257,5.886755,0.438304,0.809602
2026-04-02T12:30:12.766731,1130850,5.889844,0.390177,0.796353
2026-04-02T12:30:12.776731,1132770,5.899844,0.411631,0.762993
2026-04-02T12:30:12.779819,1133363,5.902932,0.368051,0.800298
2026-04-02T12:30:12.789819,1135283,5.912932,0.376037,0.812596
2026-04-02T12:30:12.814241,1135876,5.916021,0.397468,0.798484
2026-04-02T12:30:12.824241,1137796,5.926021,0.386109,0.804559
2026-04-02T12:30:12.827329,1138389,5.929109,0.404118,0.766908
2026-04-02T12:30:12.837329,1140309,5.939109,0.394280,0.752734
2026-04-02T12:30:12.819084,1140902,5.942198,0.348896,0.779746
2026-04-02T12:30:12.829084,1142822,5.952198,0.415255,0.740403
2026-04-02T12:30:12.832173,1143415,5.955286,0.437221,0.792768
2026-04-02T12:30:12.842173,1145335,5.965286,0.388120,0.852016
2026-04-02T12:30:12.866594,1145928,5.968375,0.427978,0.769476
2026-04-02T12:30:12.876594,1147848,5.978375,0.399344,0.774177
2026-04-02T12:30:12.879683,1148441,5.981464,0.427513,0.842388
2026-04-02T12:30:12.889683,1150361,5.991464,0.413055,0.824904
2026-04-02T12:30:12.871438,1150954,5.994552,0.379631,0.780134
2026-04-02T12:30:12.881438,1152874,6.004552,0.406425,0.823322
2026-04-02T12:30:12.884526,1153467,6.007641,0.459215,0.800119
2026-04-02T12:30:12.894526,1155387,6.017641,0.406696,0.790618
2026-04-02T12:30:12.918948,1155980,6.020729,0.407565,0.740256
2026-04-02T12:30:12.928948,1157900,6.030729,0.379474,0.798921
2026-04-02T12:30:12.932036,1158493,6.033818,0.404575,0.802778
2026-04-02T12:30:12.942036,1160413,6.043818,0.347298,0.830661
2026-04-02T12:30:12.923791,1161006,6.046906,0.406521,0.822095
2026-04-02T12:30:12.933791,1162926,6.056906,0.415240,0.781504
2026-04-02T12:30:12.936880,1163519,6.059995,0.374845,0.833072
2026-04-02T12:30:12.946880,1165439,6.069995,0.423436,0.825179
2026-04-02T12:30:12.971301,1166032,6.073083,0.425362,0.784005
2026-04-02T12:30:12.981301,1167952,6.083083,0.397377,0.784869
2026-04-02T12:30:12.984390,1168545,6.086172,0.422797,0.838225
2026-04-02T12:30:12.994390,1170465,6.096172,0.408591,0.752648
2026-04-02T12:30:12.976145,1171058,6.099260,0.409138,0.806804
2026-04-02T12:30:12.986145,1172978,6.109260,0.382205,0.802267
2026-04-02T12:30:12.989233,1173571,6.112349,0.411363,0.784256
2026-04-02T12:30:12.999233,1175491,6.122349,0.384695,0.790416
2026-04-02T12:30:13.023654,1176084,6.125438,0.378071,0.770602
2026-04-02T12:30:13.033654,1178004,6.135438,0.390809,0.817726
2026-04-02T12:30:13.036743,1178597,6.138526,0.425592,0.765283
2026-04-02T12:30:13.046743,1180517,6.148526,0.390674,0.808014
2026-04-02T12:30:13.028498,1181110,6.151615,0.405877,0.803003
2026-04-02T12:30:13.038498,1183030,6.161615,0.399272,0.842008
2026-04-02T12:30:13.041587,1183623,6.164703,0.398307,0.803590
2026-04-02T12:30:13.051587,1185543,6.174703,0.382280,0.784647
2026-04-02T12:30:13.076008,1186136,6.177792,0.364832,0.752272
2026-04-02T12:30:13.086008,1188056,6.187792,0.433147,0.812391
2026-04-02T12:30:13.089096,1188649,6.190880,0.350940,0.775566
2026-04-02T12:30:13.099096,1190569,6.200880,0.420028,0.800349
2026-04-02T12:30:13.080852,1191162,6.203969,0.416456,0.765873
2026-04-02T12:30:13.090852,1193082,6.213969,0.408610,0.769359
2026-04-02T12:30:13.093940,1193675,6.217057,0.430752,0.763516
2026-04-02T12:30:13.103940,1195595,6.227057,0.391340,0.761681
2026-04-02T12:30:13.128361,1196188,6.230146,0.402709,0.815119
2026-04-02T12:30:13.138361,1198108,6.240146,0.397810,0.754083
2026-04-02T12:30:13.141450,1198701,6.243234,0.421950,0.781262
2026-04-02T12:30:13.151450,1200621,6.253234,0.382897,0.783478
2026-04-02T12:30:13.133205,1201214,6.256323,0.368210,0.785658
2026-04-02T12:30:13.143205,1203134,6.266323,0.392350,0.781459
2026-04-02T12:30:13.146294,1203727,6.269411,0.386009,0.775000
2026-04-02T12:30:13.156294,1205647,6.279411,0.393389,0.830453
2026-04-02T12:30:13.180715,1206240,6.282500,0.410400,0.812808
2026-04-02T12:30:13.190715,1208160,6.292500,0.392817,0.770545
2026-04-02T12:30:13.193803,1208753,6.295589,0.426786,0.835273
2026-04-02T12:30:13.203803,1210673,6.305589,0.368478,0.777629
2026-04-02T12:30:13.185559,1211266,6.308677,0.454579,0.789547
2026-04-02T12:30:13.195559,1213186,6.318677,0.383137,0.779482
2026-04-02T12:30:13.198647,1213779,6.321766,0.399245,0.812706
2026-04-02T12:30:13.208647,1215699,6.331766,0.400144,0.800172
2026-04-02T12:30:13.233068,1216292,6.334854,0.411907,0.781882
2026-04-02T12:30:13.243068,1218212,6.344854,0.383480,0.802336
2026-04-02T12:30:13.246157,1218805,6.347943,0.433587,0.781218
2026-04-02T12:30:13.256157,1220725,6.357943,0.407704,0.840785
2026-04-02T12:30:13.237912,1221318,6.361031,0.335048,0.810705
2026-04-02T12:30:13.247912,1223238,6.371031,0.394925,0.802209
2026-04-02T12:30:13.251000,1223831,6.374120,0.390262,0.795564
2026-04-02T12:30:13.261000,1225751,6.384120,0.389801,0.780299
2026-04-02T12:30:13.285422,1226344,6.387208,0.397173,0.800979
2026-04-02T12:30:13.295422,1228264,6.397208,0.354633,0.843302
2026-04-02T12:30:13.298510,1228857,6.400297,0.377607,0.805048
2026-04-02T12:30:13.308510,1230777,6.410297,0.399235,0.765297
2026-04-02T12:30:13.290265,1231370,6.413385,0.371329,0.820367
2026-04-02T12:30:13.300265,1233290,6.423385,0.402197,0.769233
2026-04-02T12:30:13.303354,1233883,6.426474,0.387284,0.763176
2026-04-02T12:30:13.313354,1235803,6.436474,0.424825,0.820343
2026-04-02T12:30:13.337775,1236396,6.439563,0.391033,0.854187
2026-04-02T12:30:13.347775,1238316,6.449562,0.391126,0.800118
2026-04-02T12:30:13.350864,1238909,6.452651,0.363596,0.792901
2026-04-02T12:30:13.360864,1240829,6.462651,0.363321,0.805202
2026-04-02T12:30:13.342619,1241422,6.465740,0.383061,0.813452
2026-04-02T12:30:13.352619,1243342,6.475740,0.404293,0.805662
2026-04-02T12:30:13.355707,1243935,6.478828,0.397377,0.828677
2026-04-02T12:30:13.365707,1245855,6.488828,0.363400,0.767829
2026-04-02T12:30:13.390129,1246448,6.491917,0.372436,0.762563
2026-04-02T12:30:13.400129,1248368,6.501917,0.453394,0.770288
2026-04-02T12:30:13.403217,1248961,6.505005,0.428735,0.803982
2026-04-02T12:30:13.413217,1250881,6.515005,0.400514,0.804719
2026-04-02T12:30:13.394972,1251474,6.518094,0.360858,0.814724
2026-04-02T12:30:13.404972,1253394,6.528094,0.442088,0.783788
2026-04-02T12:30:13.408061,1253987,6.531182,0.371462,0.833198
2026-04-02T12:30:13.418061,1255907,6.541182,0.392968,0.813491
2026-04-02T12:30:13.442482,1256500,6.544271,0.397251,0.843219
2026-04-02T12:30:13.452482,1258420,6.554271,0.421012,0.759389
2026-04-02T12:30:13.455570,1259013,6.557359,0.423284,0.839032
2026-04-02T12:30:13.465570,1260933,6.567359,0.405128,0.818198
2026-04-02T12:30:13.447325,1261526,6.570448,0.371812,0.794589
2026-04-02T12:30:13.457325,1263446,6.580448,0.395854,0.809595
2026-04-02T12:30:13.460414,1264039,6.583536,0.386331,0.776216
2026-04-02T12:30:13.470414,1265959,6.593536,0.416607,0.819972
2026-04-02T12:30:13.494835,1266552,6.596625,0.394543,0.719187
2026-04-02T12:30:13.504835,1268472,6.606625,0.427096,0.798468
2026-04-02T12:30:13.507924,1269065,6.609714,0.423497,0.745434
2026-04-02T12:30:13.517924,1270985,6.619714,0.386068,0.804561
2026-04-02T12:30:13.499679,1271578,6.622802,0.384920,0.827140
2026-04-02T12:30:13.509679,1273498,6.632802,0.442150,0.769020
2026-04-02T12:30:13.512767,1274091,6.635891,0.322650,0.799207
2026-04-02T12:30:13.522767,1276011,6.645891,0.382235,0.790710
2026-04-02T12:30:13.547189,1276604,6.648979,0.412582,0.817837
2026-04-02T12:30:13.557189,1278524,6.658979,0.365858,0.801904
2026-04-02T12:30:13.560277,1279117,6.662068,0.373556,0.777152
2026-04-02T12:30:13.570277,1281037,6.672068,0.385010,0.802567
2026-04-02T12:30:13.552032,1281630,6.675156,0.402395,0.787700
2026-04-02T12:30:13.562032,1283550,6.685156,0.395258,0.819059
2026-04-02T12:30:13.565121,1284143,6.688245,0.408324,0.768886
2026-04-02T12:30:13.575121,1286063,6.698245,0.425744,0.821566
2026-04-02T12:30:13.599542,1286656,6.701333,0.367729,0.819075
2026-04-02T12:30:13.609542,1288576,6.711333,0.410092,0.834491
2026-04-02T12:30:13.612631,1289169,6.714422,0.386665,0.795825
2026-04-02T12:30:13.622631,1291089,6.724422,0.340509,0.816749
2026-04-02T12:30:13.604386,1291682,6.727510,0.375914,0.783466
2026-04-02T12:30:13.614386,1293602,6.737510,0.433642,0.789524
2026-04-02T12:30:13.617474,1294195,6.740599,0.405106,0.822301
2026-04-02T12:30:13.627474,1296115,6.750599,0.417743,0.810862
2026-04-02T12:30:13.651895,1296708,6.753687,0.404910,0.816326
2026-04-02T12:30:13.661895,1298628,6.763687,0.405728,0.765575
2026-04-02T12:30:13.664984,1299221,6.766776,0.407755,0.772812
2026-04-02T12:30:13.674984,1301141,6.776776,0.372578,0.734742
2026-04-02T12:30:13.656739,1301734,6.779865,0.387082,0.796280
2026-04-02T12:30:13.666739,1303654,6.789865,0.366704,0.760743
2026-04-02T12:30:13.669828,1304247,6.792953,0.394188,0.777604
2026-04-02T12:30:13.679828,1306167,6.802953,0.402629,0.799574
2026-04-02T12:30:13.704249,1306760,6.806042,0.385667,0.733049
2026-04-02T12:30:13.714249,1308680,6.816042,0.404101,0.826713
2026-04-02T12:30:13.717337,1309273,6.819130,0.393739,0.804370
2026-04-02T12:30:13.727337,1311193,6.829130,0.432789,0.826950
2026-04-02T12:30:13.709093,1311786,6.832219,0.419100,0.821625
2026-04-02T12:30:13.719093,1313706,6.842219,0.378228,0.760968
2026-04-02T12:30:13.722181,1314299,6.845307,0.403163,0.777832
2026-04-02T12:30:13.732181,1316219,6.855307,0.375764,0.817787
2026-04-02T12:30:13.756602,1316812,6.858396,0.388227,0.798452
2026-04-02T12:30:13.766602,1318732,6.868396,0.388047,0.792265
2026-04-02T12:30:13.769691,1319325,6.871484,0.400733,0.836972
2026-04-02T12:30:13.779691,1321245,6.881484,0.389145,0.838529
2026-04-02T12:30:13.761446,1321838,6.884573,0.348632,0.808923
2026-04-02T12:30:13.771446,1323758,6.894573,0.425452,0.803237
2026-04-02T12:30:13.774534,1324351,6.897661,0.401782,0.842835
2026-04-02T12:30:13.784534,1326271,6.907661,0.370969,0.769410
2026-04-02T12:30:13.808955,1326864,6.910750,0.389083,0.802782
2026-04-02T12:30:13.818955,1328784,6.920750,0.476687,0.790625
2026-04-02T12:30:13.822044,1329377,6.923839,0.376760,0.748228
2026-04-02T12:30:13.832044,1331297,6.933839,0.361867,0.795713
2026-04-02T12:30:13.813799,1331890,6.936927,0.418186,0.765737
2026-04-02T12:30:13.823799,1333810,6.946927,0.390257,0.819604
2026-04-02T12:30:13.826888,1334403,6.950016,0.423059,0.783835
2026-04-02T12:30:13.836888,1336323,6.960016,0.376456,0.822605
2026-04-02T12:30:13.861309,1336916,6.963104,0.403856,0.816923
2026-04-02T12:30:13.871309,1338836,6.973104,0.385350,0.803583
2026-04-02T12:30:13.874397,1339429,6.976193,0.385860,0.809358
2026-04-02T12:30:13.884397,1341349,6.986193,0.425042,0.795655
2026-04-02T12:30:13.866153,1341942,6.989281,0.397173,0.828534
2026-04-02T12:30:13.876153,1343862,6.999281,0.419221,0.777450
2026-04-02T12:30:13.879241,1344455,7.002370,0.433111,0.781007
2026-04-02T12:30:13.889241,1346375,7.012370,0.363400,0.833516
2026-04-02T12:30:13.913662,1346968,7.015458,0.374360,0.786990
2026-04-02T12:30:13.923662,1348888,7.025458,0.415312,0.815334
2026-04-02T12:30:13.926751,1349481,7.028547,0.383652,0.767592
2026-04-02T12:30:13.936751,1351401,7.038547,0.352000,0.775226
2026-04-02T12:30:13.918506,1351994,7.041635,0.345113,0.779240
2026-04-02T12:30:13.928506,1353914,7.051635,0.414025,0.779030
2026-04-02T12:30:13.931595,1354507,7.054724,0.396802,0.805625
2026-04-02T12:30:13.941595,1356427,7.064724,0.400060,0.791174
2026-04-02T12:30:13.966016,1357020,7.067812,0.394907,0.812771
2026-04-02T12:30:13.976016,1358940,7.077813,0.432211,0.805080
2026-04-02T12:30:13.979104,1359533,7.080901,0.411812,0.769670
2026-04-02T12:30:13.989104,1361453,7.090901,0.434246,0.820372
2026-04-02T12:30:13.970860,1362046,7.093990,0.370965,0.782166
2026-04-02T12:30:13.980860,1363966,7.103990,0.358217,0.848381
2026-04-02T12:30:13.983948,1364559,7.107078,0.420389,0.806284
2026-04-02T12:30:13.993948,1366479,7.117078,0.442787,0.797768
2026-04-02T12:30:14.018369,1367072,7.120167,0.395374,0.814321
2026-04-02T12:30:14.028369,1368992,7.130167,0.392163,0.785314
2026-04-02T12:30:14.031458,1369585,7.133255,0.434920,0.789384
2026-04-02T12:30:14.041458,1371505,7.143255,0.356399,0.815661
2026-04-02T12:30:14.023213,1372098,7.146344,0.406057,0.839960
2026-04-02T12:30:14.033213,1374018,7.156344,0.421885,0.775425
2026-04-02T12:30:14.036302,1374611,7.159432,0.372617,0.796533
2026-04-02T12:30:14.046302,1376531,7.169432,0.373450,0.816778
2026-04-02T12:30:14.070723,1377124,7.172521,0.440907,0.821553
2026-04-02T12:30:14.080723,1379044,7.182521,0.378659,0.799617
2026-04-02T12:30:14.083811,1379637,7.185609,0.383668,0.835480
2026-04-02T12:30:14.093811,1381557,7.195609,0.394132,0.835599
2026-04-02T12:30:14.075566,1382150,7.198698,0.395246,0.841763
2026-04-02T12:30:14.085566,1384070,7.208698,0.425931,0.839594
2026-04-02T12:30:14.088655,1384663,7.211786,0.387102,0.780096
2026-04-02T12:30:14.098655,1386583,7.221786,0.404239,0.834314
2026-04-02T12:30:14.123077,1387176,7.224875,0.359295,0.783284
2026-04-02T12:30:14.133077,1389096,7.234875,0.437099,0.760008
2026-04-02T12:30:14.136165,1389689,7.237964,0.428247,0.800449
2026-04-02T12:30:14.146165,1391609,7.247964,0.408409,0.805809
2026-04-02T12:30:14.127920,1392202,7.251052,0.427945,0.774601
2026-04-02T12:30:14.137920,1394122,7.261052,0.413166,0.822362
2026-04-02T12:30:14.141009,1394715,7.264141,0.372359,0.823545
2026-04-02T12:30:14.151009,1396635,7.274141,0.408310,0.774436
2026-04-02T12:30:14.175430,1397228,7.277229,0.378977,0.819606
2026-04-02T12:30:14.185430,1399148,7.287229,0.363385,0.803415
2026-04-02T12:30:14.188519,1399741,7.290318,0.415262,0.794237
2026-04-02T12:30:14.198519,1401661,7.300318,0.411641,0.762737
2026-04-02T12:30:14.180274,1402254,7.303406,0.430819,0.812220
2026-04-02T12:30:14.190274,1404174,7.313406,0.401022,0.787424
2026-04-02T12:30:14.193362,1404767,7.316495,0.363184,0.740279
2026-04-02T12:30:14.203362,1406687,7.326495,0.389260,0.802942
2026-04-02T12:30:14.227783,1407280,7.329583,0.425287,0.797272
2026-04-02T12:30:14.237783,1409200,7.339583,0.410337,0.776714
2026-04-02T12:30:14.240872,1409793,7.342672,0.411575,0.807057
2026-04-02T12:30:14.250872,1411713,7.352672,0.359332,0.806972
2026-04-02T12:30:14.232627,1412306,7.355760,0.365378,0.781811
2026-04-02T12:30:14.242627,1414226,7.365760,0.436239,0.817098
2026-04-02T12:30:14.245716,1414819,7.368849,0.369115,0.801110
2026-04-02T12:30:14.255716,1416739,7.378849,0.424944,0.788797
2026-04-02T12:30:14.280137,1417332,7.381938,0.395661,0.795576
2026-04-02T12:30:14.290137,1419252,7.391938,0.378976,0.845343
2026-04-02T12:30:14.293225,1419845,7.395026,0.408858,0.768065
2026-04-02T12:30:14.303225,1421765,7.405026,0.366280,0.773715
2026-04-02T12:30:14.284981,1422358,7.408115,0.441490,0.780960
2026-04-02T12:30:14.294981,1424278,7.418115,0.425806,0.787421
2026-04-02T12:30:14.298069,1424871,7.421203,0.431528,0.804262
2026-04-02T12:30:14.308069,1426791,7.431203,0.368133,0.814594
2026-04-02T12:30:14.332490,1427384,7.434292,0.376174,0.797844
2026-04-02T12:30:14.342490,1429304,7.444292,0.385322,0.827110
2026-04-02T12:30:14.345579,1429897,7.447380,0.414429,0.775768
2026-04-02T12:30:14.355579,1431817,7.457380,0.395823,0.826490
2026-04-02T12:30:14.337334,1432410,7.460469,0.369214,0.829718
2026-04-02T12:30:14.347334,1434330,7.470469,0.422107,0.763801
2026-04-02T12:30:14.350423,1434923,7.473557,0.380371,0.825989
2026-04-02T12:30:14.360423,1436843,7.483557,0.382118,0.808193
2026-04-02T12:30:14.384844,1437436,7.486646,0.419439,0.760833
2026-04-02T12:30:14.394844,1439356,7.496646,0.366124,0.783754
2026-04-02T12:30:14.397932,1439949,7.499734,0.388503,0.826986
2026-04-02T12:30:14.407932,1441869,7.509734,0.421605,0.782258
2026-04-02T12:30:14.389688,1442462,7.512823,0.398486,0.832889
2026-04-02T12:30:14.399688,1444382,7.522823,0.416510,0.767455
2026-04-02T12:30:14.402776,1444975,7.525911,0.373316,0.751919
2026-04-02T12:30:14.412776,1446895,7.535911,0.368682,0.780571
2026-04-02T12:30:14.437197,1447488,7.539000,0.377908,0.795419
2026-04-02T12:30:14.447197,1449408,7.549000,0.395161,0.795576
2026-04-02T12:30:14.450286,1450001,7.552089,0.426483,0.780289
2026-04-02T12:30:14.460286,1451921,7.562089,0.408034,0.797692
2026-04-02T12:30:14.442041,1452514,7.565177,0.429227,0.813657
2026-04-02T12:30:14.452041,1454434,7.575177,0.427555,0.781415
2026-04-02T12:30:14.455130,1455027,7.578266,0.433947,0.779228
2026-04-02T12:30:14.465130,1456947,7.588266,0.392589,0.790485
2026-04-02T12:30:14.489551,1457540,7.591354,0.407399,0.773964
2026-04-02T12:30:14.499551,1459460,7.601354,0.438214,0.789581
2026-04-02T12:30:14.502639,1460053,7.604443,0.377534,0.773050
2026-04-02T12:30:14.512639,1461973,7.614443,0.413110,0.802881
2026-04-02T12:30:14.494394,1462566,7.617531,0.423285,0.805884
2026-04-02T12:30:14.504394,1464486,7.627531,0.352064,0.803024
2026-04-02T12:30:14.507483,1465079,7.630620,0.420667,0.797061
2026-04-02T12:30:14.517483,1466999,7.640620,0.388162,0.803685
2026-04-02T12:30:14.541904,1467592,7.643708,0.386152,0.799489
2026-04-02T12:30:14.551904,1469512,7.653708,0.378826,0.802876
2026-04-02T12:30:14.554993,1470105,7.656797,0.409352,0.848316
2026-04-02T12:30:14.564993,1472025,7.666797,0.391227,0.797558
2026-04-02T12:30:14.546748,1472618,7.669885,0.411081,0.828996
2026-04-02T12:30:14.556748,1474538,7.679885,0.426839,0.807317
2026-04-02T12:30:14.559836,1475131,7.682974,0.390829,0.857597
2026-04-02T12:30:14.569836,1477051,7.692974,0.395036,0.808081
2026-04-02T12:30:14.594258,1477644,7.696063,0.393838,0.793063
2026-04-02T12:30:14.604258,1479564,7.706062,0.411841,0.805490
2026-04-02T12:30:14.607346,1480157,7.709151,0.389954,0.808176
2026-04-02T12:30:14.617346,1482077,7.719151,0.335812,0.804864
2026-04-02T12:30:14.599101,1482670,7.722240,0.364755,0.825432
2026-04-02T12:30:14.609101,1484590,7.732240,0.397614,0.804233
2026-04-02T12:30:14.612190,1485183,7.735328,0.454175,0.789607
2026-04-02T12:30:14.622190,1487103,7.745328,0.376612,0.833208
2026-04-02T12:30:14.646611,1487696,7.748417,0.408987,0.830437
2026-04-02T12:30:14.656611,1489616,7.758417,0.405511,0.781775
2026-04-02T12:30:14.659700,1490209,7.761505,0.421661,0.845330
2026-04-02T12:30:14.669700,1492129,7.771505,0.360717,0.825219
2026-04-02T12:30:14.651455,1492722,7.774594,0.373840,0.801772
2026-04-02T12:30:14.661455,1494642,7.784594,0.432961,0.770312
2026-04-02T12:30:14.664543,1495235,7.787682,0.415608,0.852244
2026-04-02T12:30:14.674543,1497155,7.797682,0.407213,0.839256
2026-04-02T12:30:14.698965,1497748,7.800771,0.372788,0.796822
2026-04-02T12:30:14.708965,1499668,7.810771,0.393069,0.840132
2026-04-02T12:30:14.712053,1500261,7.813859,0.395051,0.781840
2026-04-02T12:30:14.722053,1502181,7.823859,0.363954,0.813174
2026-04-02T12:30:14.703808,1502774,7.826948,0.489433,0.806165
2026-04-02T12:30:14.713808,1504694,7.836948,0.372439,0.761516
2026-04-02T12:30:14.716897,1505287,7.840036,0.348181,0.765023
2026-04-02T12:30:14.726897,1507207,7.850036,0.399909,0.782947
2026-04-02T12:30:14.751318,1507800,7.853125,0.435458,0.764529
2026-04-02T12:30:14.761318,1509720,7.863125,0.382362,0.789896
2026-04-02T12:30:14.764407,1510313,7.866214,0.437428,0.778117
2026-04-02T12:30:14.774407,1512233,7.876214,0.400014,0.836664
2026-04-02T12:30:14.756162,1512826,7.879302,0.394323,0.786630
2026-04-02T12:30:14.766162,1514746,7.889302,0.405113,0.770867
2026-04-02T12:30:14.769250,1515339,7.892391,0.370389,0.770898
2026-04-02T12:30:14.779250,1517259,7.902391,0.389036,0.828953
2026-04-02T12:30:14.803671,1517852,7.905479,0.353078,0.810835
2026-04-02T12:30:14.813671,1519772,7.915479,0.416630,0.787942
2026-04-02T12:30:14.816760,1520365,7.918568,0.384707,0.805348
2026-04-02T12:30:14.826760,1522285,7.928568,0.394617,0.820974
2026-04-02T12:30:14.808515,1522878,7.931656,0.396338,0.779176
2026-04-02T12:30:14.818515,1524798,7.941656,0.416856,0.790639
2026-04-02T12:30:14.821604,1525391,7.944745,0.406358,0.827938
2026-04-02T12:30:14.831604,1527311,7.954745,0.377193,0.818069
2026-04-02T12:30:14.856025,1527904,7.957833,0.423860,0.794521
2026-04-02T12:30:14.866025,1529824,7.967833,0.429794,0.782361
2026-04-02T12:30:14.869113,1530417,7.970922,0.391571,0.813637
2026-04-02T12:30:14.879113,1532337,7.980922,0.373655,0.778395
2026-04-02T12:30:14.860869,1532930,7.984010,0.351500,0.800681
2026-04-02T12:30:14.870869,1534850,7.994010,0.377719,0.767472
2026-04-02T12:30:14.873957,1535443,7.997099,0.425078,0.820388
2026-04-02T12:30:14.883957,1537363,8.007099,0.420481,0.788795
2026-04-02T12:30:14.908378,1537956,8.010188,0.405333,0.797999
2026-04-02T12:30:14.918378,1539876,8.020188,0.403032,0.809006
2026-04-02T12:30:14.921467,1540469,8.023276,0.394586,0.803994
2026-04-02T12:30:14.931467,1542389,8.033276,0.380462,0.770708
2026-04-02T12:30:14.913222,1542982,8.036365,0.380184,0.793986
2026-04-02T12:30:14.923222,1544902,8.046365,0.351659,0.830373
2026-04-02T12:30:14.926311,1545495,8.049453,0.391245,0.849789
2026-04-02T12:30:14.936311,1547415,8.059453,0.415335,0.802876
2026-04-02T12:30:14.960732,1548008,8.062542,0.416616,0.805693
2026-04-02T12:30:14.970732,1549928,8.072542,0.435337,0.812588
2026-04-02T12:30:14.973820,1550521,8.075630,0.413017,0.811980
2026-04-02T12:30:14.983820,1552441,8.085630,0.400424,0.788497
2026-04-02T12:30:14.965575,1553034,8.088719,0.380204,0.812334
2026-04-02T12:30:14.975575,1554954,8.098719,0.429731,0.814993
2026-04-02T12:30:14.978664,1555547,8.101807,0.399527,0.816767
2026-04-02T12:30:14.988664,1557467,8.111807,0.383877,0.789891
2026-04-02T12:30:15.013085,1558060,8.114896,0.433835,0.829367
2026-04-02T12:30:15.023085,1559980,8.124896,0.424522,0.788246
2026-04-02T12:30:15.026174,1560573,8.127984,0.379562,0.805664
2026-04-02T12:30:15.036174,1562493,8.137984,0.400250,0.812371
2026-04-02T12:30:15.017929,1563086,8.141073,0.338686,0.800131
2026-04-02T12:30:15.027929,1565006,8.151073,0.399261,0.778146
2026-04-02T12:30:15.031017,1565599,8.154161,0.449520,0.805100
2026-04-02T12:30:15.041017,1567519,8.164161,0.381807,0.767894
2026-04-02T12:30:15.065439,1568112,8.167250,0.383239,0.819751
2026-04-02T12:30:15.075439,1570032,8.177250,0.400637,0.747797
2026-04-02T12:30:15.078527,1570625,8.180339,0.369287,0.781703
2026-04-02T12:30:15.088527,1572545,8.190339,0.429871,0.815154
2026-04-02T12:30:15.070282,1573138,8.193427,0.400926,0.828746
2026-04-02T12:30:15.080282,1575058,8.203427,0.421337,0.788306
2026-04-02T12:30:15.083371,1575651,8.206516,0.367196,0.813106
2026-04-02T12:30:15.093371,1577571,8.216516,0.351932,0.805239
2026-04-02T12:30:15.117792,1578164,8.219604,0.403024,0.827025
2026-04-02T12:30:15.127792,1580084,8.229604,0.431961,0.787772
2026-04-02T12:30:15.130881,1580677,8.232693,0.359973,0.833523
2026-04-02T12:30:15.140881,1582597,8.242693,0.424314,0.781713
2026-04-02T12:30:15.122636,1583190,8.245781,0.382986,0.816362
2026-04-02T12:30:15.132636,1585110,8.255781,0.398402,0.826786
2026-04-02T12:30:15.135724,1585703,8.258870,0.326978,0.861157
2026-04-02T12:30:15.145724,1587623,8.268870,0.401452,0.798953
2026-04-02T12:30:15.170146,1588216,8.271958,0.384766,0.732986
2026-04-02T12:30:15.180146,1590136,8.281958,0.387409,0.810972
2026-04-02T12:30:15.183234,1590729,8.285047,0.408574,0.795433
2026-04-02T12:30:15.193234,1592649,8.295047,0.408489,0.824345
2026-04-02T12:30:15.174989,1593242,8.298135,0.432825,0.808316
2026-04-02T12:30:15.184989,1595162,8.308135,0.377200,0.838419
2026-04-02T12:30:15.188078,1595755,8.311224,0.361232,0.786856
2026-04-02T12:30:15.198078,1597675,8.321224,0.439239,0.837490
2026-04-02T12:30:15.222499,1598268,8.324312,0.407066,0.797411
2026-04-02T12:30:15.232499,1600188,8.334312,0.415575,0.822008
2026-04-02T12:30:15.235588,1600781,8.337401,0.343794,0.783655
2026-04-02T12:30:15.245588,1602701,8.347401,0.407321,0.816307
2026-04-02T12:30:15.227343,1603294,8.350490,0.457523,0.810128
2026-04-02T12:30:15.237343,1605214,8.360490,0.343154,0.797125
2026-04-02T12:30:15.240431,1605807,8.363578,0.371453,0.787875
2026-04-02T12:30:15.250431,1607727,8.373578,0.435668,0.782885
2026-04-02T12:30:15.274852,1608320,8.376667,0.393282,0.817394
2026-04-02T12:30:15.284852,1610240,8.386667,0.427001,0.780926
2026-04-02T12:30:15.287941,1610833,8.389755,0.402702,0.820763
2026-04-02T12:30:15.297941,1612753,8.399755,0.415046,0.805493
2026-04-02T12:30:15.279696,1613346,8.402844,0.431631,0.774980
2026-04-02T12:30:15.289696,1615266,8.412844,0.415377,0.789579
2026-04-02T12:30:15.292785,1615859,8.415932,0.394228,0.832421
2026-04-02T12:30:15.302785,1617779,8.425932,0.401849,0.796247
2026-04-02T12:30:15.327206,1618372,8.429021,0.431585,0.802545
2026-04-02T12:30:15.337206,1620292,8.439021,0.415305,0.817751
2026-04-02T12:30:15.340294,1620885,8.442109,0.387368,0.760504
2026-04-02T12:30:15.350294,1622805,8.452109,0.408989,0.783101
2026-04-02T12:30:15.332050,1623398,8.455198,0.396209,0.810596
2026-04-02T12:30:15.342050,1625318,8.465198,0.380014,0.790581
2026-04-02T12:30:15.345138,1625911,8.468286,0.407785,0.808463
2026-04-02T12:30:15.355138,1627831,8.478286,0.435655,0.826528
2026-04-02T12:30:15.379559,1628424,8.481375,0.363018,0.771716
2026-04-02T12:30:15.389559,1630344,8.491375,0.403647,0.832308
2026-04-02T12:30:15.392648,1630937,8.494464,0.448678,0.790974
2026-04-02T12:30:15.402648,1632857,8.504464,0.385863,0.779752
2026-04-02T12:30:15.384403,1633450,8.507552,0.398522,0.793856
2026-04-02T12:30:15.394403,1635370,8.517552,0.427535,0.812251
2026-04-02T12:30:15.397492,1635963,8.520641,0.407047,0.807410
2026-04-02T12:30:15.407492,1637883,8.530641,0.376334,0.812929
2026-04-02T12:30:15.431913,1638476,8.533729,0.418830,0.849609
2026-04-02T12:30:15.441913,1640396,8.543729,0.432290,0.766395
2026-04-02T12:30:15.445001,1640989,8.546818,0.398833,0.784306
2026-04-02T12:30:15.455001,1642909,8.556818,0.369925,0.812175
2026-04-02T12:30:15.436757,1643502,8.559906,0.422645,0.786699
2026-04-02T12:30:15.446757,1645422,8.569906,0.392727,0.805236
2026-04-02T12:30:15.449845,1646015,8.572995,0.406531,0.840824
2026-04-02T12:30:15.459845,1647935,8.582995,0.406925,0.829792
2026-04-02T12:30:15.484266,1648528,8.586083,0.369751,0.831479
2026-04-02T12:30:15.494266,1650448,8.596083,0.359848,0.788795
2026-04-02T12:30:15.497355,1651041,8.599172,0.386360,0.783695
2026-04-02T12:30:15.507355,1652961,8.609172,0.411823,0.801707
2026-04-02T12:30:15.489110,1653554,8.612260,0.416624,0.813941
2026-04-02T12:30:15.499110,1655474,8.622260,0.371700,0.818609
2026-04-02T12:30:15.502198,1656067,8.625349,0.385630,0.781180
2026-04-02T12:30:15.512198,1657987,8.635349,0.424363,0.830796
2026-04-02T12:30:15.536620,1658580,8.638438,0.399789,0.840307
2026-04-02T12:30:15.546620,1660500,8.648438,0.369789,0.811497
2026-04-02T12:30:15.549708,1661093,8.651526,0.385989,0.796516
2026-04-02T12:30:15.559708,1663013,8.661526,0.406515,0.783404
2026-04-02T12:30:15.541463,1663606,8.664615,0.474729,0.794043
2026-04-02T12:30:15.551463,1665526,8.674615,0.378936,0.807389
2026-04-02T12:30:15.554552,1666119,8.677703,0.397716,0.839178
2026-04-02T12:30:15.564552,1668039,8.687703,0.383694,0.797324
2026-04-02T12:30:15.588973,1668632,8.690792,0.440705,0.828614
2026-04-02T12:30:15.598973,1670552,8.700792,0.387262,0.809692
2026-04-02T12:30:15.602062,1671145,8.703880,0.380971,0.769365
2026-04-02T12:30:15.612062,1673065,8.713880,0.415318,0.706977
2026-04-02T12:30:15.593817,1673658,8.716969,0.407081,0.790118
2026-04-02T12:30:15.603817,1675578,8.726969,0.357517,0.781525
2026-04-02T12:30:15.606905,1676171,8.730057,0.423692,0.785324
2026-04-02T12:30:15.616905,1678091,8.740057,0.412584,0.817844
2026-04-02T12:30:15.641327,1678684,8.743146,0.394578,0.824116
2026-04-02T12:30:15.651327,1680604,8.753146,0.404483,0.807361
2026-04-02T12:30:15.654415,1681197,8.756234,0.394286,0.783780
2026-04-02T12:30:15.664415,1683117,8.766234,0.389974,0.782323
2026-04-02T12:30:15.646170,1683710,8.769323,0.390757,0.829152
2026-04-02T12:30:15.656170,1685630,8.779323,0.400387,0.844962
2026-04-02T12:30:15.659259,1686223,8.782411,0.385505,0.820661
2026-04-02T12:30:15.669259,1688143,8.792411,0.405275,0.833756
2026-04-02T12:30:15.693680,1688736,8.795500,0.405732,0.782362
2026-04-02T12:30:15.703680,1690656,8.805500,0.376150,0.779806
2026-04-02T12:30:15.706768,1691249,8.808589,0.414660,0.790146
2026-04-02T12:30:15.716768,1693169,8.818589,0.416580,0.751509
2026-04-02T12:30:15.698524,1693762,8.821677,0.409798,0.830940
2026-04-02T12:30:15.708524,1695682,8.831677,0.398443,0.792821
2026-04-02T12:30:15.711612,1696275,8.834766,0.405679,0.824665
2026-04-02T12:30:15.721612,1698195,8.844766,0.384501,0.767962
2026-04-02T12:30:15.746033,1698788,8.847854,0.380184,0.797846
2026-04-02T12:30:15.756033,1700708,8.857854,0.449544,0.750986
2026-04-02T12:30:15.759122,1701301,8.860943,0.382336,0.824740
2026-04-02T12:30:15.769122,1703221,8.870943,0.374603,0.852827
2026-04-02T12:30:15.750877,1703814,8.874031,0.414080,0.778053
2026-04-02T12:30:15.760877,1705734,8.884031,0.409915,0.816459
2026-04-02T12:30:15.763966,1706327,8.887120,0.384986,0.839187
2026-04-02T12:30:15.773966,1708247,8.897120,0.455664,0.788408
2026-04-02T12:30:15.798387,1708840,8.900208,0.425746,0.784841
2026-04-02T12:30:15.808387,1710760,8.910208,0.393963,0.760179
2026-04-02T12:30:15.811475,1711353,8.913297,0.395706,0.836382
2026-04-02T12:30:15.821475,1713273,8.923297,0.393080,0.791807
2026-04-02T12:30:15.803231,1713866,8.926385,0.433151,0.807111
2026-04-02T12:30:15.813231,1715786,8.936385,0.357542,0.833383
2026-04-02T12:30:15.816319,1716379,8.939474,0.390744,0.807252
2026-04-02T12:30:15.826319,1718299,8.949474,0.385011,0.776661
2026-04-02T12:30:15.850740,1718892,8.952563,0.417177,0.769625
2026-04-02T12:30:15.860740,1720812,8.962563,0.386006,0.813527
2026-04-02T12:30:15.863829,1721405,8.965651,0.428601,0.845404
2026-04-02T12:30:15.873829,1723325,8.975651,0.362231,0.813063
2026-04-02T12:30:15.855584,1723918,8.978740,0.407583,0.773188
2026-04-02T12:30:15.865584,1725838,8.988740,0.421858,0.822549
2026-04-02T12:30:15.868673,1726431,8.991828,0.383765,0.835286
2026-04-02T12:30:15.878673,1728351,9.001828,0.381694,0.790917
2026-04-02T12:30:15.903094,1728944,9.004917,0.407920,0.843350
2026-04-02T12:30:15.913094,1730864,9.014917,0.394678,0.799437
2026-04-02T12:30:15.916182,1731457,9.018005,0.421320,0.806452
2026-04-02T12:30:15.926182,1733377,9.028005,0.401943,0.800732
2026-04-02T12:30:15.907937,1733970,9.031094,0.410635,0.783608
2026-04-02T12:30:15.917937,1735890,9.041094,0.383661,0.759477
2026-04-02T12:30:15.921026,1736483,9.044182,0.391077,0.754455
2026-04-02T12:30:15.931026,1738403,9.054182,0.397155,0.817318
2026-04-02T12:30:15.955447,1738996,9.057271,0.357943,0.785379
2026-04-02T12:30:15.965447,1740916,9.067271,0.394622,0.779361
2026-04-02T12:30:15.968536,1741509,9.070359,0.370180,0.794150
2026-04-02T12:30:15.978536,1743429,9.080359,0.383692,0.812854
2026-04-02T12:30:15.960291,1744022,9.083448,0.399458,0.776323
2026-04-02T12:30:15.970291,1745942,9.093448,0.394800,0.783959
2026-04-02T12:30:15.973379,1746535,9.096536,0.379782,0.841219
2026-04-02T12:30:15.983379,1748455,9.106536,0.443109,0.823895
2026-04-02T12:30:16.007801,1749048,9.109625,0.371528,0.833556
2026-04-02T12:30:16.017801,1750968,9.119625,0.367417,0.795787
2026-04-02T12:30:16.020889,1751561,9.122714,0.402392,0.803340
2026-04-02T12:30:16.030889,1753481,9.132714,0.351702,0.792607
2026-04-02T12:30:16.012644,1754074,9.135802,0.364629,0.780812
2026-04-02T12:30:16.022644,1755994,9.145802,0.383000,0.813749
2026-04-02T12:30:16.025733,1756587,9.148891,0.480187,0.800233
2026-04-02T12:30:16.035733,1758507,9.158891,0.377864,0.818280
2026-04-02T12:30:16.060154,1759100,9.161979,0.391062,0.812160
2026-04-02T12:30:16.070154,1761020,9.171979,0.436362,0.803121
2026-04-02T12:30:16.073243,1761613,9.175068,0.386043,0.805145
2026-04-02T12:30:16.083243,1763533,9.185068,0.409355,0.770167
2026-04-02T12:30:16.064998,1764126,9.188156,0.442588,0.805358
2026-04-02T12:30:16.074998,1766046,9.198156,0.411693,0.836151
2026-04-02T12:30:16.078086,1766639,9.201245,0.407956,0.811166
2026-04-02T12:30:16.088086,1768559,9.211245,0.432077,0.799874
2026-04-02T12:30:16.112507,1769152,9.214333,0.416501,0.775122
2026-04-02T12:30:16.122507,1771072,9.224333,0.385747,0.777751
2026-04-02T12:30:16.125596,1771665,9.227422,0.375278,0.802829
2026-04-02T12:30:16.135596,1773585,9.237422,0.370564,0.837421
2026-04-02T12:30:16.117351,1774178,9.240510,0.386181,0.809733
2026-04-02T12:30:16.127351,1776098,9.250510,0.392654,0.828711
2026-04-02T12:30:16.130440,1776691,9.253599,0.397466,0.755732
2026-04-02T12:30:16.140440,1778611,9.263599,0.332773,0.824598
2026-04-02T12:30:16.164861,1779204,9.266687,0.452625,0.781759
2026-04-02T12:30:16.174861,1781124,9.276687,0.409084,0.858609
2026-04-02T12:30:16.177949,1781717,9.279776,0.398292,0.836418
2026-04-02T12:30:16.187949,1783637,9.289776,0.380038,0.785576
2026-04-02T12:30:16.169705,1784230,9.292865,0.387208,0.817428
2026-04-02T12:30:16.179705,1786150,9.302865,0.396319,0.773165
2026-04-02T12:30:16.182793,1786743,9.305953,0.443738,0.782822
2026-04-02T12:30:16.192793,1788663,9.315953,0.363843,0.789017
2026-04-02T12:30:16.217214,1789256,9.319042,0.371665,0.791998
2026-04-02T12:30:16.227214,1791176,9.329042,0.381406,0.779705
2026-04-02T12:30:16.230303,1791769,9.332130,0.415783,0.796761
2026-04-02T12:30:16.240303,1793689,9.342130,0.422744,0.833022
2026-04-02T12:30:16.222058,1794282,9.345219,0.418172,0.782323
2026-04-02T12:30:16.232058,1796202,9.355219,0.383360,0.792792
2026-04-02T12:30:16.235147,1796795,9.358307,0.395746,0.790489
2026-04-02T12:30:16.245147,1798715,9.368307,0.414135,0.780092
2026-04-02T12:30:16.269568,1799308,9.371396,0.443952,0.784855
2026-04-02T12:30:16.279568,1801228,9.381396,0.401476,0.754598
2026-04-02T12:30:16.282656,1801821,9.384484,0.409906,0.782297
2026-04-02T12:30:16.292656,1803741,9.394484,0.400772,0.810623
2026-04-02T12:30:16.274412,1804334,9.397573,0.372491,0.781814
2026-04-02T12:30:16.284412,1806254,9.407573,0.418277,0.807266
2026-04-02T12:30:16.287500,1806847,9.410661,0.425489,0.778979
2026-04-02T12:30:16.297500,1808767,9.420661,0.370213,0.825274
2026-04-02T12:30:16.321921,1809360,9.423750,0.382041,0.849668
2026-04-02T12:30:16.331921,1811280,9.433750,0.425813,0.817890
2026-04-02T12:30:16.335010,1811873,9.436839,0.400277,0.837840
2026-04-02T12:30:16.345010,1813793,9.446839,0.383702,0.791379
2026-04-02T12:30:16.326765,1814386,9.449927,0.375422,0.803113
2026-04-02T12:30:16.336765,1816306,9.459927,0.414022,0.806857
2026-04-02T12:30:16.339854,1816899,9.463016,0.329449,0.809253
2026-04-02T12:30:16.349854,1818819,9.473016,0.403582,0.789421
2026-04-02T12:30:16.374275,1819412,9.476104,0.377182,0.794872
2026-04-02T12:30:16.384275,1821332,9.486104,0.434963,0.815094
2026-04-02T12:30:16.387363,1821925,9.489193,0.405607,0.780262
2026-04-02T12:30:16.397363,1823845,9.499193,0.417616,0.757435
2026-04-02T12:30:16.379119,1824438,9.502281,0.396017,0.838405
2026-04-02T12:30:16.389119,1826358,9.512281,0.383523,0.815902
2026-04-02T12:30:16.392207,1826951,9.515370,0.354502,0.788798
2026-04-02T12:30:16.402207,1828871,9.525370,0.387990,0.837738
2026-04-02T12:30:16.426628,1829464,9.528458,0.436758,0.765347
2026-04-02T12:30:16.436628,1831384,9.538458,0.372069,0.794958
2026-04-02T12:30:16.439717,1831977,9.541547,0.394495,0.834270
2026-04-02T12:30:16.449717,1833897,9.551547,0.416889,0.791239
2026-04-02T12:30:16.431472,1834490,9.554635,0.395993,0.776784
2026-04-02T12:30:16.441472,1836410,9.564635,0.420032,0.743498
2026-04-02T12:30:16.444561,1837003,9.567724,0.400179,0.821216
2026-04-02T12:30:16.454561,1838923,9.577724,0.402925,0.755043
2026-04-02T12:30:16.478982,1839516,9.580813,0.416829,0.788472
2026-04-02T12:30:16.488982,1841436,9.590813,0.451692,0.846148
2026-04-02T12:30:16.492070,1842029,9.593901,0.412937,0.801208
2026-04-02T12:30:16.502070,1843949,9.603901,0.407196,0.803811
2026-04-02T12:30:16.483825,1844542,9.606990,0.379182,0.800825
2026-04-02T12:30:16.493825,1846462,9.616990,0.396242,0.759605
2026-04-02T12:30:16.496914,1847055,9.620078,0.361826,0.825375
2026-04-02T12:30:16.506914,1848975,9.630078,0.409746,0.805337
2026-04-02T12:30:16.531335,1849568,9.633167,0.392227,0.818343
2026-04-02T12:30:16.541335,1851488,9.643167,0.349898,0.801881
2026-04-02T12:30:16.544424,1852081,9.646255,0.406569,0.779326
2026-04-02T12:30:16.554424,1854001,9.656255,0.419774,0.718938
2026-04-02T12:30:16.536179,1854594,9.659344,0.389121,0.789463
2026-04-02T12:30:16.546179,1856514,9.669344,0.404531,0.758749
2026-04-02T12:30:16.549267,1857107,9.672432,0.378004,0.782638
2026-04-02T12:30:16.559267,1859027,9.682432,0.421632,0.750505
2026-04-02T12:30:16.583689,1859620,9.685521,0.403628,0.811995
2026-04-02T12:30:16.593689,1861540,9.695521,0.390284,0.843276
2026-04-02T12:30:16.596777,1862133,9.698609,0.366643,0.772046
2026-04-02T12:30:16.606777,1864053,9.708609,0.395593,0.795847
2026-04-02T12:30:16.588532,1864646,9.711698,0.400286,0.799997
2026-04-02T12:30:16.598532,1866566,9.721698,0.419043,0.796047
2026-04-02T12:30:16.601621,1867159,9.724786,0.402699,0.818650
2026-04-02T12:30:16.611621,1869079,9.734786,0.379624,0.801808
2026-04-02T12:30:16.636042,1869672,9.737875,0.413699,0.786851
2026-04-02T12:30:16.646042,1871592,9.747875,0.394214,0.788746
2026-04-02T12:30:16.649131,1872185,9.750964,0.422146,0.824809
2026-04-02T12:30:16.659131,1874105,9.760964,0.395317,0.773792
2026-04-02T12:30:16.640886,1874698,9.764052,0.429855,0.796993
2026-04-02T12:30:16.650886,1876618,9.774052,0.404140,0.768763
2026-04-02T12:30:16.653974,1877211,9.777141,0.393087,0.815971
2026-04-02T12:30:16.663974,1879131,9.787141,0.391595,0.813427
2026-04-02T12:30:16.688395,1879724,9.790229,0.400812,0.771059
2026-04-02T12:30:16.698395,1881644,9.800229,0.371160,0.801628
2026-04-02T12:30:16.701484,1882237,9.803318,0.391337,0.808384
2026-04-02T12:30:16.711484,1884157,9.813318,0.383767,0.775344
2026-04-02T12:30:16.693239,1884750,9.816406,0.399679,0.757450
2026-04-02T12:30:16.703239,1886670,9.826406,0.361232,0.755730
2026-04-02T12:30:16.706328,1887263,9.829495,0.405090,0.788640
2026-04-02T12:30:16.716328,1889183,9.839495,0.396413,0.812771
2026-04-02T12:30:16.740749,1889776,9.842583,0.388228,0.790704
2026-04-02T12:30:16.750749,1891696,9.852583,0.377762,0.821518
2026-04-02T12:30:16.753837,1892289,9.855672,0.357394,0.793403
2026-04-02T12:30:16.763837,1894209,9.865672,0.391458,0.808529
2026-04-02T12:30:16.745593,1894802,9.868760,0.380949,0.810304
2026-04-02T12:30:16.755593,1896722,9.878760,0.406385,0.824389
2026-04-02T12:30:16.758681,1897315,9.881849,0.397066,0.796040
2026-04-02T12:30:16.768681,1899235,9.891849,0.397685,0.785986
2026-04-02T12:30:16.793102,1899828,9.894937,0.425090,0.829545
2026-04-02T12:30:16.803102,1901748,9.904938,0.397984,0.796886
2026-04-02T12:30:16.806191,1902341,9.908026,0.452546,0.782972
2026-04-02T12:30:16.816191,1904261,9.918026,0.406730,0.771608
2026-04-02T12:30:16.797946,1904854,9.921115,0.384376,0.789127
2026-04-02T12:30:16.807946,1906774,9.931115,0.385692,0.829938
2026-04-02T12:30:16.811035,1907367,9.934203,0.421329,0.767682
2026-04-02T12:30:16.821035,1909287,9.944203,0.377413,0.822880
2026-04-02T12:30:16.845456,1909880,9.947292,0.354780,0.781216
2026-04-02T12:30:16.855456,1911800,9.957292,0.416622,0.797980
2026-04-02T12:30:16.858544,1912393,9.960380,0.385274,0.825765
2026-04-02T12:30:16.868544,1914313,9.970380,0.393980,0.775144
2026-04-02T12:30:16.850299,1914906,9.973469,0.399025,0.831259
2026-04-02T12:30:16.860299,1916826,9.983469,0.374670,0.785983
2026-04-02T12:30:16.863388,1917419,9.986557,0.356889,0.758662
2026-04-02T12:30:16.873388,1919339,9.996557,0.438955,0.803517
2026-04-02T12:30:16.897809,1919932,9.999646,0.374275,0.821255
2026-04-02T12:30:16.907809,1921852,10.009646,0.411458,0.782873
2026-04-02T12:30:16.910898,1922445,10.012734,0.436304,0.764420
2026-04-02T12:30:16.920898,1924365,10.022734,0.372804,0.790055
2026-04-02T12:30:16.902653,1924958,10.025823,0.384174,0.783829
2026-04-02T12:30:16.912653,1926878,10.035823,0.394802,0.809300
2026-04-02T12:30:16.915742,1927471,10.038911,0.403731,0.794997
2026-04-02T12:30:16.925742,1929391,10.048911,0.436488,0.823401
2026-04-02T12:30:16.950163,1929984,10.052000,0.352027,0.812088
2026-04-02T12:30:16.960163,1931904,10.062000,0.378466,0.799393
2026-04-02T12:30:16.963251,1932497,10.065089,0.394395,0.823233
2026-04-02T12:30:16.973251,1934417,10.075089,0.403486,0.827705
2026-04-02T12:30:16.955006,1935010,10.078177,0.376776,0.808655
2026-04-02T12:30:16.965006,1936930,10.088177,0.364135,0.787586
2026-04-02T12:30:16.968095,1937523,10.091266,0.416713,0.764213
2026-04-02T12:30:16.978095,1939443,10.101266,0.428606,0.827268
2026-04-02T12:30:17.002516,1940036,10.104354,0.367333,0.766282
2026-04-02T12:30:17.012516,1941956,10.114354,0.415310,0.828729
2026-04-02T12:30:17.015605,1942549,10.117443,0.385371,0.807645
2026-04-02T12:30:17.025605,1944469,10.127443,0.412677,0.810213
2026-04-02T12:30:17.007360,1945062,10.130531,0.378285,0.821167
2026-04-02T12:30:17.017360,1946982,10.140531,0.366055,0.816861
2026-04-02T12:30:17.020448,1947575,10.143620,0.409603,0.774453
2026-04-02T12:30:17.030448,1949495,10.153620,0.366436,0.783700
2026-04-02T12:30:17.054870,1950088,10.156708,0.384079,0.792177
2026-04-02T12:30:17.064870,1952008,10.166708,0.362824,0.836519
2026-04-02T12:30:17.067958,1952601,10.169797,0.407363,0.853136
2026-04-02T12:30:17.077958,1954521,10.179797,0.457764,0.777376
2026-04-02T12:30:17.059713,1955114,10.182885,0.400120,0.806865
2026-04-02T12:30:17.069713,1957034,10.192885,0.450227,0.789674
2026-04-02T12:30:17.072802,1957627,10.195974,0.388057,0.836967
2026-04-02T12:30:17.082802,1959547,10.205974,0.393663,0.790241
2026-04-02T12:30:17.107223,1960140,10.209062,0.407191,0.812202
2026-04-02T12:30:17.117223,1962060,10.219062,0.429577,0.796771
2026-04-02T12:30:17.120312,1962653,10.222151,0.358366,0.793537
2026-04-02T12:30:17.130312,1964573,10.232151,0.450338,0.800107
2026-04-02T12:30:17.112067,1965166,10.235240,0.403994,0.815301
2026-04-02T12:30:17.122067,1967086,10.245240,0.391537,0.819035
2026-04-02T12:30:17.125155,1967679,10.248328,0.436012,0.788512
2026-04-02T12:30:17.135155,1969599,10.258328,0.414553,0.788681
2026-04-02T12:30:17.159576,1970192,10.261417,0.345390,0.771064
2026-04-02T12:30:17.169576,1972112,10.271417,0.378768,0.778871
2026-04-02T12:30:17.172665,1972705,10.274505,0.381160,0.798536
2026-04-02T12:30:17.182665,1974625,10.284505,0.416491,0.806926
2026-04-02T12:30:17.164420,1975218,10.287594,0.339566,0.821641
2026-04-02T12:30:17.174420,1977138,10.297594,0.420857,0.807582
2026-04-02T12:30:17.177509,1977731,10.300682,0.369077,0.784602
2026-04-02T12:30:17.187509,1979651,10.310682,0.324552,0.784572
2026-04-02T12:30:17.211930,1980244,10.313771,0.387032,0.789940
2026-04-02T12:30:17.221930,1982164,10.323771,0.430730,0.811792
2026-04-02T12:30:17.225019,1982757,10.326859,0.420815,0.791971
2026-04-02T12:30:17.235019,1984677,10.336859,0.400335,0.798994
2026-04-02T12:30:17.216774,1985270,10.339948,0.431250,0.787549
2026-04-02T12:30:17.226774,1987190,10.349948,0.394849,0.824700
2026-04-02T12:30:17.229862,1987783,10.353036,0.405230,0.794726
2026-04-02T12:30:17.239862,1989703,10.363036,0.432421,0.773148
2026-04-02T12:30:17.264284,1990296,10.366125,0.389417,0.749621
2026-04-02T12:30:17.274284,1992216,10.376125,0.402863,0.799131
2026-04-02T12:30:17.277372,1992809,10.379214,0.418840,0.837205
2026-04-02T12:30:17.287372,1994729,10.389214,0.398384,0.796585
2026-04-02T12:30:17.269127,1995322,10.392302,0.406238,0.803501
2026-04-02T12:30:17.279127,1997242,10.402302,0.389762,0.788563
2026-04-02T12:30:17.282216,1997835,10.405391,0.372229,0.804886
2026-04-02T12:30:17.292216,1999755,10.415391,0.399939,0.816210
2026-04-02T12:30:17.316637,2000348,10.418479,0.419553,0.806038
2026-04-02T12:30:17.326637,2002268,10.428479,0.424251,0.780520
2026-04-02T12:30:17.329726,2002861,10.431568,0.383461,0.795395
2026-04-02T12:30:17.339726,2004781,10.441568,0.398663,0.754373
2026-04-02T12:30:17.321481,2005374,10.444656,0.427193,0.792410
2026-04-02T12:30:17.331481,2007294,10.454656,0.430401,0.813853
2026-04-02T12:30:17.334569,2007887,10.457745,0.423794,0.778811
2026-04-02T12:30:17.344569,2009807,10.467745,0.381618,0.794406
2026-04-02T12:30:17.368990,2010400,10.470833,0.400708,0.814625
2026-04-02T12:30:17.378990,2012320,10.480833,0.398036,0.782712
2026-04-02T12:30:17.382079,2012913,10.483922,0.371581,0.791344
2026-04-02T12:30:17.392079,2014833,10.493922,0.391187,0.800860
2026-04-02T12:30:17.373834,2015426,10.497010,0.391106,0.761399
2026-04-02T12:30:17.383834,2017346,10.507010,0.373752,0.776027
2026-04-02T12:30:17.386923,2017939,10.510099,0.421821,0.844251
2026-04-02T12:30:17.396923,2019859,10.520099,0.445508,0.788319
2026-04-02T12:30:17.421344,2020452,10.523188,0.385476,0.810547
2026-04-02T12:30:17.431344,2022372,10.533188,0.401756,0.786206
2026-04-02T12:30:17.434432,2022965,10.536276,0.394300,0.830861
2026-04-02T12:30:17.444432,2024885,10.546276,0.433771,0.802063
2026-04-02T12:30:17.426188,2025478,10.549365,0.410835,0.774304
2026-04-02T12:30:17.436188,2027398,10.559365,0.423290,0.786859
2026-04-02T12:30:17.439276,2027991,10.562453,0.413798,0.817924
2026-04-02T12:30:17.449276,2029911,10.572453,0.415748,0.841772
2026-04-02T12:30:17.473697,2030504,10.575542,0.405125,0.780096
2026-04-02T12:30:17.483697,2032424,10.585542,0.389261,0.849482
2026-04-02T12:30:17.486786,2033017,10.588630,0.395167,0.811978
2026-04-02T12:30:17.496786,2034937,10.598630,0.383994,0.801776
2026-04-02T12:30:17.478541,2035530,10.601719,0.440957,0.846561
2026-04-02T12:30:17.488541,2037450,10.611719,0.440047,0.824593
2026-04-02T12:30:17.491630,2038043,10.614807,0.380377,0.870337
2026-04-02T12:30:17.501630,2039963,10.624807,0.353087,0.836499
2026-04-02T12:30:17.526051,2040556,10.627896,0.426654,0.747543
2026-04-02T12:30:17.536051,2042476,10.637896,0.412584,0.812404
2026-04-02T12:30:17.539139,2043069,10.640984,0.427106,0.788656
2026-04-02T12:30:17.549139,2044989,10.650984,0.385938,0.888011
2026-04-02T12:30:17.530895,2045582,10.654073,0.426995,0.756290
2026-04-02T12:30:17.540895,2047502,10.664073,0.416035,0.823611
2026-04-02T12:30:17.543983,2048095,10.667161,0.418854,0.791956
2026-04-02T12:30:17.553983,2050015,10.677161,0.410448,0.835466
2026-04-02T12:30:17.578404,2050608,10.680250,0.408214,0.800371
2026-04-02T12:30:17.588404,2052528,10.690250,0.432968,0.793887
2026-04-02T12:30:17.591493,2053121,10.693339,0.419456,0.799129
2026-04-02T12:30:17.601493,2055041,10.703339,0.412743,0.821592
2026-04-02T12:30:17.583248,2055634,10.706427,0.427230,0.848156
2026-04-02T12:30:17.593248,2057554,10.716427,0.362093,0.782913
2026-04-02T12:30:17.596336,2058147,10.719516,0.415851,0.808189
2026-04-02T12:30:17.606336,2060067,10.729516,0.425424,0.834000
2026-04-02T12:30:17.630758,2060660,10.732604,0.351600,0.866785
2026-04-02T12:30:17.640758,2062580,10.742604,0.395220,0.820510
2026-04-02T12:30:17.643846,2063173,10.745693,0.431553,0.836074
2026-04-02T12:30:17.653846,2065093,10.755693,0.426797,0.788096
2026-04-02T12:30:17.635601,2065686,10.758781,0.419646,0.783446
2026-04-02T12:30:17.645601,2067606,10.768781,0.423634,0.799357
2026-04-02T12:30:17.648690,2068199,10.771870,0.380963,0.807755
2026-04-02T12:30:17.658690,2070119,10.781870,0.374413,0.837208
2026-04-02T12:30:17.683111,2070712,10.784958,0.408516,0.753473
2026-04-02T12:30:17.693111,2072632,10.794958,0.416948,0.818453
2026-04-02T12:30:17.696200,2073225,10.798047,0.430578,0.797903
2026-04-02T12:30:17.706200,2075145,10.808047,0.385331,0.796106
2026-04-02T12:30:17.687955,2075738,10.811135,0.379629,0.797261
2026-04-02T12:30:17.697955,2077658,10.821135,0.335224,0.782988
2026-04-02T12:30:17.701043,2078251,10.824224,0.427743,0.804943
2026-04-02T12:30:17.711043,2080171,10.834224,0.386998,0.805603
2026-04-02T12:30:17.735464,2080764,10.837312,0.399270,0.787718
2026-04-02T12:30:17.745464,2082684,10.847312,0.397674,0.796088
2026-04-02T12:30:17.748553,2083277,10.850401,0.406657,0.831722
2026-04-02T12:30:17.758553,2085197,10.860401,0.378265,0.746371
2026-04-02T12:30:17.740308,2085790,10.863490,0.419274,0.813735
2026-04-02T12:30:17.750308,2087710,10.873490,0.408869,0.768832
2026-04-02T12:30:17.753397,2088303,10.876578,0.417357,0.791040
2026-04-02T12:30:17.763397,2090223,10.886578,0.411559,0.824359
2026-04-02T12:30:17.787818,2090816,10.889667,0.405067,0.762191
2026-04-02T12:30:17.797818,2092736,10.899667,0.456106,0.811170
2026-04-02T12:30:17.800906,2093329,10.902755,0.444991,0.791422
2026-04-02T12:30:17.810906,2095249,10.912755,0.425287,0.773259
2026-04-02T12:30:17.792662,2095842,10.915844,0.354650,0.789581
2026-04-02T12:30:17.802662,2097762,10.925844,0.397409,0.768243
2026-04-02T12:30:17.805750,2098355,10.928932,0.366511,0.790889
2026-04-02T12:30:17.815750,2100275,10.938932,0.429057,0.816300
2026-04-02T12:30:17.840171,2100868,10.942021,0.440824,0.810915
2026-04-02T12:30:17.850171,2102788,10.952021,0.348087,0.792146
2026-04-02T12:30:17.853260,2103381,10.955109,0.377944,0.771836
2026-04-02T12:30:17.863260,2105301,10.965109,0.410615,0.792338
2026-04-02T12:30:17.845015,2105894,10.968198,0.428021,0.787986
2026-04-02T12:30:17.855015,2107814,10.978198,0.390642,0.792547
2026-04-02T12:30:17.858104,2108407,10.981286,0.417629,0.792590
2026-04-02T12:30:17.868104,2110327,10.991286,0.384407,0.802341
2026-04-02T12:30:17.892525,2110920,10.994375,0.405837,0.759871
2026-04-02T12:30:17.902525,2112840,11.004375,0.382509,0.803326
2026-04-02T12:30:17.905613,2113433,11.007464,0.386172,0.768665
2026-04-02T12:30:17.915613,2115353,11.017464,0.416533,0.788685
2026-04-02T12:30:17.897369,2115946,11.020552,0.467346,0.810223
2026-04-02T12:30:17.907369,2117866,11.030552,0.451964,0.795133
2026-04-02T12:30:17.910457,2118459,11.033641,0.422419,0.792023
2026-04-02T12:30:17.920457,2120379,11.043641,0.398649,0.803882
2026-04-02T12:30:17.944878,2120972,11.046729,0.386135,0.794060
2026-04-02T12:30:17.954878,2122892,11.056729,0.400710,0.803658
2026-04-02T12:30:17.957967,2123485,11.059818,0.349644,0.744340
2026-04-02T12:30:17.967967,2125405,11.069818,0.404464,0.771683
2026-04-02T12:30:17.949722,2125998,11.072906,0.362545,0.766578
2026-04-02T12:30:17.959722,2127918,11.082906,0.422553,0.865191
2026-04-02T12:30:17.962811,2128511,11.085995,0.364633,0.810693
2026-04-02T12:30:17.972811,2130431,11.095995,0.370454,0.838218
2026-04-02T12:30:17.997232,2131024,11.099083,0.381511,0.809170
2026-04-02T12:30:18.007232,2132944,11.109083,0.385057,0.763526
2026-04-02T12:30:18.010320,2133537,11.112172,0.419754,0.773434
2026-04-02T12:30:18.020320,2135457,11.122172,0.383824,0.793136
2026-04-02T12:30:18.002075,2136050,11.125260,0.408053,0.816366
2026-04-02T12:30:18.012075,2137970,11.135260,0.413047,0.823460
2026-04-02T12:30:18.015164,2138563,11.138349,0.446499,0.770396
2026-04-02T12:30:18.025164,2140483,11.148349,0.403490,0.821511
2026-04-02T12:30:18.049585,2141076,11.151438,0.425847,0.804636
2026-04-02T12:30:18.059585,2142996,11.161437,0.405506,0.816912
2026-04-02T12:30:18.062674,2143589,11.164526,0.395658,0.830807
2026-04-02T12:30:18.072674,2145509,11.174526,0.384335,0.818360
2026-04-02T12:30:18.054429,2146102,11.177615,0.377972,0.782193
2026-04-02T12:30:18.064429,2148022,11.187615,0.421216,0.802747
2026-04-02T12:30:18.067517,2148615,11.190703,0.473704,0.808512
2026-04-02T12:30:18.077517,2150535,11.200703,0.376205,0.789658
2026-04-02T12:30:18.101939,2151128,11.203792,0.408624,0.847181
2026-04-02T12:30:18.111939,2153048,11.213792,0.381040,0.821237
2026-04-02T12:30:18.115027,2153641,11.216880,0.389105,0.752962
2026-04-02T12:30:18.125027,2155561,11.226880,0.396753,0.803720
2026-04-02T12:30:18.106782,2156154,11.229969,0.412678,0.786999
2026-04-02T12:30:18.116782,2158074,11.239969,0.442284,0.788511
2026-04-02T12:30:18.119871,2158667,11.243057,0.385173,0.822278
2026-04-02T12:30:18.129871,2160587,11.253057,0.393878,0.850335
2026-04-02T12:30:18.154292,2161180,11.256146,0.409257,0.806434
2026-04-02T12:30:18.164292,2163100,11.266146,0.370705,0.825493
2026-04-02T12:30:18.167381,2163693,11.269234,0.403839,0.822578
2026-04-02T12:30:18.177381,2165613,11.279234,0.414983,0.815999
2026-04-02T12:30:18.159136,2166206,11.282323,0.391084,0.773805
2026-04-02T12:30:18.169136,2168126,11.292323,0.399322,0.805842
2026-04-02T12:30:18.172224,2168719,11.295411,0.402317,0.789337
2026-04-02T12:30:18.182224,2170639,11.305411,0.435902,0.807644
2026-04-02T12:30:18.206646,2171232,11.308500,0.367402,0.765017
2026-04-02T12:30:18.216646,2173152,11.318500,0.409984,0.810792
2026-04-02T12:30:18.219734,2173745,11.321589,0.381809,0.871490
2026-04-02T12:30:18.229734,2175665,11.331589,0.422110,0.806419
2026-04-02T12:30:18.211489,2176258,11.334677,0.382284,0.787669
2026-04-02T12:30:18.221489,2178178,11.344677,0.417131,0.809632
2026-04-02T12:30:18.224578,2178771,11.347766,0.413420,0.827203
2026-04-02T12:30:18.234578,2180691,11.357766,0.404944,0.816140
2026-04-02T12:30:18.258999,2181284,11.360854,0.389578,0.801443
2026-04-02T12:30:18.268999,2183204,11.370854,0.372267,0.801140
2026-04-02T12:30:18.272087,2183797,11.373943,0.420019,0.806020
2026-04-02T12:30:18.282087,2185717,11.383943,0.390294,0.772949
2026-04-02T12:30:18.263843,2186310,11.387031,0.463235,0.797278
2026-04-02T12:30:18.273843,2188230,11.397031,0.398982,0.813219
2026-04-02T12:30:18.276931,2188823,11.400120,0.375142,0.793257
2026-04-02T12:30:18.286931,2190743,11.410120,0.370455,0.750677
2026-04-02T12:30:18.311352,2191336,11.413208,0.432822,0.815113
2026-04-02T12:30:18.321352,2193256,11.423208,0.441060,0.791898
2026-04-02T12:30:18.324441,2193849,11.426297,0.405985,0.810778
2026-04-02T12:30:18.334441,2195769,11.436297,0.385015,0.789424
2026-04-02T12:30:18.316196,2196362,11.439385,0.428106,0.799985
2026-04-02T12:30:18.326196,2198282,11.449385,0.440631,0.780887
2026-04-02T12:30:18.329285,2198875,11.452474,0.368949,0.779380
2026-04-02T12:30:18.339285,2200795,11.462474,0.381609,0.800164
2026-04-02T12:30:18.363706,2201388,11.465563,0.381706,0.767869
2026-04-02T12:30:18.373706,2203308,11.475563,0.431648,0.779770
2026-04-02T12:30:18.376794,2203901,11.478651,0.413311,0.819851
2026-04-02T12:30:18.386794,2205821,11.488651,0.390632,0.804625
2026-04-02T12:30:18.368550,2206414,11.491740,0.381146,0.784262
2026-04-02T12:30:18.378550,2208334,11.501740,0.409542,0.812254
2026-04-02T12:30:18.381638,2208927,11.504828,0.423866,0.791243
2026-04-02T12:30:18.391638,2210847,11.514828,0.390590,0.769596
2026-04-02T12:30:18.416059,2211440,11.517917,0.426204,0.793219
2026-04-02T12:30:18.426059,2213360,11.527917,0.372731,0.800030
2026-04-02T12:30:18.429148,2213953,11.531005,0.413666,0.807202
2026-04-02T12:30:18.439148,2215873,11.541005,0.373940,0.835405
2026-04-02T12:30:18.420903,2216466,11.544094,0.435348,0.826035
2026-04-02T12:30:18.430903,2218386,11.554094,0.389678,0.795852
2026-04-02T12:30:18.433992,2218979,11.557182,0.350589,0.863592
2026-04-02T12:30:18.443992,2220899,11.567182,0.398136,0.850839
2026-04-02T12:30:18.468413,2221492,11.570271,0.389224,0.803750
2026-04-02T12:30:18.478413,2223412,11.580271,0.400873,0.822901
2026-04-02T12:30:18.481501,2224005,11.583359,0.397082,0.758439
2026-04-02T12:30:18.491501,2225925,11.593359,0.408872,0.813991
2026-04-02T12:30:18.473256,2226518,11.596448,0.422791,0.782900
2026-04-02T12:30:18.483256,2228438,11.606448,0.374196,0.805791
2026-04-02T12:30:18.486345,2229031,11.609536,0.391553,0.823284
2026-04-02T12:30:18.496345,2230951,11.619536,0.404805,0.798945
2026-04-02T12:30:18.520766,2231544,11.622625,0.404405,0.825773
2026-04-02T12:30:18.530766,2233464,11.632625,0.402510,0.801530
2026-04-02T12:30:18.533855,2234057,11.635714,0.362962,0.764563
2026-04-02T12:30:18.543855,2235977,11.645714,0.385929,0.820274
2026-04-02T12:30:18.525610,2236570,11.648802,0.388693,0.777720
2026-04-02T12:30:18.535610,2238490,11.658802,0.428711,0.759269
2026-04-02T12:30:18.538698,2239083,11.661891,0.416875,0.820569
2026-04-02T12:30:18.548698,2241003,11.671891,0.381484,0.814055
2026-04-02T12:30:18.573120,2241596,11.674979,0.389022,0.827740
2026-04-02T12:30:18.583120,2243516,11.684979,0.397180,0.804463
2026-04-02T12:30:18.586208,2244109,11.688068,0.425100,0.774709
2026-04-02T12:30:18.596208,2246029,11.698068,0.406232,0.807652
2026-04-02T12:30:18.577963,2246622,11.701156,0.393118,0.786846
2026-04-02T12:30:18.587963,2248542,11.711156,0.433627,0.774940
2026-04-02T12:30:18.591052,2249135,11.714245,0.369297,0.832163
2026-04-02T12:30:18.601052,2251055,11.724245,0.382099,0.749631
2026-04-02T12:30:18.625473,2251648,11.727333,0.409024,0.840877
2026-04-02T12:30:18.635473,2253568,11.737333,0.389171,0.786637
2026-04-02T12:30:18.638562,2254161,11.740422,0.413586,0.806404
2026-04-02T12:30:18.648562,2256081,11.750422,0.392509,0.781692
2026-04-02T12:30:18.630317,2256674,11.753510,0.370480,0.823524
2026-04-02T12:30:18.640317,2258594,11.763510,0.381057,0.806936
2026-04-02T12:30:18.643405,2259187,11.766599,0.398325,0.789864
2026-04-02T12:30:18.653405,2261107,11.776599,0.380191,0.775805
2026-04-02T12:30:18.677827,2261700,11.779687,0.392280,0.808313
2026-04-02T12:30:18.687827,2263620,11.789687,0.395348,0.807769
2026-04-02T12:30:18.690915,2264213,11.792776,0.376662,0.812637
2026-04-02T12:30:18.700915,2266133,11.802776,0.403367,0.773345
2026-04-02T12:30:18.682670,2266726,11.805865,0.387703,0.800438
2026-04-02T12:30:18.692670,2268646,11.815865,0.409673,0.784790
2026-04-02T12:30:18.695759,2269239,11.818953,0.370201,0.830434
2026-04-02T12:30:18.705759,2271159,11.828953,0.439751,0.846783
2026-04-02T12:30:18.730180,2271752,11.832042,0.409561,0.795474
2026-04-02T12:30:18.740180,2273672,11.842042,0.376994,0.787863
2026-04-02T12:30:18.743269,2274265,11.845130,0.399335,0.762872
2026-04-02T12:30:18.753269,2276185,11.855130,0.384576,0.793499
2026-04-02T12:30:18.735024,2276778,11.858219,0.428719,0.779755
2026-04-02T12:30:18.745024,2278698,11.868219,0.354969,0.796456
2026-04-02T12:30:18.748112,2279291,11.871307,0.420034,0.800111
2026-04-02T12:30:18.758112,2281211,11.881307,0.409726,0.791046
2026-04-02T12:30:18.782533,2281804,11.884396,0.389282,0.736642
2026-04-02T12:30:18.792533,2283724,11.894396,0.402063,0.848722
2026-04-02T12:30:18.795622,2284317,11.897484,0.405133,0.735340
2026-04-02T12:30:18.805622,2286237,11.907484,0.404401,0.780069
2026-04-02T12:30:18.787377,2286830,11.910573,0.402218,0.819596
2026-04-02T12:30:18.797377,2288750,11.920573,0.372038,0.755307
2026-04-02T12:30:18.800466,2289343,11.923661,0.432421,0.823569
2026-04-02T12:30:18.810466,2291263,11.933661,0.373281,0.762510
2026-04-02T12:30:18.834887,2291856,11.936750,0.398617,0.780137
2026-04-02T12:30:18.844887,2293776,11.946750,0.389171,0.817831
2026-04-02T12:30:18.847975,2294369,11.949839,0.422440,0.769434
2026-04-02T12:30:18.857975,2296289,11.959839,0.435700,0.827810
2026-04-02T12:30:18.839731,2296882,11.962927,0.388347,0.823091
2026-04-02T12:30:18.849731,2298802,11.972927,0.391941,0.824025
2026-04-02T12:30:18.852819,2299395,11.976016,0.372420,0.811353
2026-04-02T12:30:18.862819,2301315,11.986016,0.398735,0.812353
2026-04-02T12:30:18.887240,2301908,11.989104,0.435781,0.851871
2026-04-02T12:30:18.897240,2303828,11.999104,0.411902,0.786503
2026-04-02T12:30:18.900329,2304421,12.002193,0.423453,0.813856
2026-04-02T12:30:18.910329,2306341,12.012193,0.424730,0.833324
2026-04-02T12:30:18.892084,2306934,12.015281,0.396008,0.816871
2026-04-02T12:30:18.902084,2308854,12.025281,0.384112,0.801911
2026-04-02T12:30:18.905173,2309447,12.028370,0.384769,0.824974
2026-04-02T12:30:18.915173,2311367,12.038370,0.403671,0.817317
2026-04-02T12:30:18.939594,2311960,12.041458,0.458069,0.802888
2026-04-02T12:30:18.949594,2313880,12.051458,0.365943,0.836473
2026-04-02T12:30:18.952682,2314473,12.054547,0.351631,0.822393
2026-04-02T12:30:18.962682,2316393,12.064547,0.393874,0.827777
2026-04-02T12:30:18.944438,2316986,12.067635,0.393990,0.832240
2026-04-02T12:30:18.954438,2318906,12.077635,0.445920,0.786535
2026-04-02T12:30:18.957526,2319499,12.080724,0.342438,0.793815
2026-04-02T12:30:18.967526,2321419,12.090724,0.393475,0.802309
2026-04-02T12:30:18.991947,2322012,12.093813,0.389468,0.794162
2026-04-02T12:30:19.001947,2323932,12.103813,0.425454,0.730136
2026-04-02T12:30:19.005036,2324525,12.106901,0.368817,0.803698
2026-04-02T12:30:19.015036,2326445,12.116901,0.408626,0.747452
2026-04-02T12:30:18.996791,2327038,12.119990,0.414850,0.798205
2026-04-02T12:30:19.006791,2328958,12.129990,0.421428,0.842917
2026-04-02T12:30:19.009880,2329551,12.133078,0.394687,0.808893
2026-04-02T12:30:19.019880,2331471,12.143078,0.374001,0.787925
2026-04-02T12:30:19.044301,2332064,12.146167,0.405005,0.766646
2026-04-02T12:30:19.054301,2333984,12.156167,0.417087,0.800310
2026-04-02T12:30:19.057389,2334577,12.159255,0.441783,0.800651
2026-04-02T12:30:19.067389,2336497,12.169255,0.410420,0.812131
2026-04-02T12:30:19.049145,2337090,12.172344,0.426314,0.839687
2026-04-02T12:30:19.059145,2339010,12.182344,0.393176,0.827663
2026-04-02T12:30:19.062233,2339603,12.185432,0.365100,0.803476
2026-04-02T12:30:19.072233,2341523,12.195432,0.378579,0.761682
2026-04-02T12:30:19.096654,2342116,12.198521,0.386263,0.783495
2026-04-02T12:30:19.106654,2344036,12.208521,0.424216,0.803028
2026-04-02T12:30:19.109743,2344629,12.211609,0.375208,0.774686
2026-04-02T12:30:19.119743,2346549,12.221609,0.412798,0.804062
2026-04-02T12:30:19.101498,2347142,12.224698,0.372511,0.789549
2026-04-02T12:30:19.111498,2349062,12.234698,0.405531,0.854366
2026-04-02T12:30:19.114587,2349655,12.237786,0.440030,0.841983
2026-04-02T12:30:19.124587,2351575,12.247786,0.382858,0.812503
2026-04-02T12:30:19.149008,2352168,12.250875,0.444585,0.789651
2026-04-02T12:30:19.159008,2354088,12.260875,0.451827,0.830924
2026-04-02T12:30:19.162096,2354681,12.263964,0.445210,0.778967
2026-04-02T12:30:19.172096,2356601,12.273964,0.439462,0.791438
2026-04-02T12:30:19.153851,2357194,12.277052,0.390123,0.796829
2026-04-02T12:30:19.163851,2359114,12.287052,0.388690,0.812597
2026-04-02T12:30:19.166940,2359707,12.290141,0.442300,0.771592
2026-04-02T12:30:19.176940,2361627,12.300141,0.397973,0.801816
2026-04-02T12:30:19.201361,2362220,12.303229,0.398941,0.795343
2026-04-02T12:30:19.211361,2364140,12.313229,0.432578,0.782795
2026-04-02T12:30:19.214450,2364733,12.316318,0.403685,0.803674
2026-04-02T12:30:19.224450,2366653,12.326318,0.359872,0.795740
2026-04-02T12:30:19.206205,2367246,12.329406,0.397296,0.782947
2026-04-02T12:30:19.216205,2369166,12.339406,0.369816,0.793471
2026-04-02T12:30:19.219293,2369759,12.342495,0.367278,0.815366
2026-04-02T12:30:19.229293,2371679,12.352495,0.385503,0.824932
2026-04-02T12:30:19.253715,2372272,12.355583,0.384333,0.787402
2026-04-02T12:30:19.263715,2374192,12.365583,0.403698,0.827070
2026-04-02T12:30:19.266803,2374785,12.368672,0.415693,0.820760
2026-04-02T12:30:19.276803,2376705,12.378672,0.397048,0.845307
2026-04-02T12:30:19.258558,2377298,12.381760,0.408350,0.769333
2026-04-02T12:30:19.268558,2379218,12.391760,0.395704,0.782175
2026-04-02T12:30:19.271647,2379811,12.394849,0.400371,0.762952
2026-04-02T12:30:19.281647,2381731,12.404849,0.446656,0.784619
2026-04-02T12:30:19.306068,2382324,12.407937,0.397832,0.740400
2026-04-02T12:30:19.316068,2384244,12.417938,0.436134,0.826347
2026-04-02T12:30:19.319156,2384837,12.421026,0.380561,0.799292
2026-04-02T12:30:19.329156,2386757,12.431026,0.386391,0.800903
2026-04-02T12:30:19.310912,2387350,12.434115,0.369949,0.795055
2026-04-02T12:30:19.320912,2389270,12.444115,0.389744,0.788462
2026-04-02T12:30:19.324000,2389863,12.447203,0.371709,0.790855
2026-04-02T12:30:19.334000,2391783,12.457203,0.390156,0.781537
2026-04-02T12:30:19.358421,2392376,12.460292,0.441306,0.807262
2026-04-02T12:30:19.368421,2394296,12.470292,0.392375,0.831091
2026-04-02T12:30:19.371510,2394889,12.473380,0.402926,0.762722
2026-04-02T12:30:19.381510,2396809,12.483380,0.467238,0.788182
2026-04-02T12:30:19.363265,2397402,12.486469,0.344606,0.826040
2026-04-02T12:30:19.373265,2399322,12.496469,0.449182,0.812882
2026-04-02T12:30:19.376354,2399915,12.499557,0.382887,0.776636
2026-04-02T12:30:19.386354,2401835,12.509557,0.363222,0.820216
2026-04-02T12:30:19.410775,2402428,12.512646,0.415940,0.821546
2026-04-02T12:30:19.420775,2404348,12.522646,0.391642,0.776650
2026-04-02T12:30:19.423863,2404941,12.525734,0.365906,0.793083
2026-04-02T12:30:19.433863,2406861,12.535734,0.447502,0.849849
2026-04-02T12:30:19.415619,2407454,12.538823,0.380438,0.767135
2026-04-02T12:30:19.425619,2409374,12.548823,0.448653,0.798629
2026-04-02T12:30:19.428707,2409967,12.551911,0.400363,0.794240
2026-04-02T12:30:19.438707,2411887,12.561911,0.383412,0.763542
2026-04-02T12:30:19.463128,2412480,12.565000,0.399116,0.778046
2026-04-02T12:30:19.473128,2414400,12.575000,0.421254,0.821758
2026-04-02T12:30:19.476217,2414993,12.578089,0.455611,0.798656
2026-04-02T12:30:19.486217,2416913,12.588089,0.392416,0.809196
2026-04-02T12:30:19.467972,2417506,12.591177,0.400159,0.805736
2026-04-02T12:30:19.477972,2419426,12.601177,0.404957,0.815181
2026-04-02T12:30:19.481061,2420019,12.604266,0.454928,0.809635
2026-04-02T12:30:19.491061,2421939,12.614266,0.373323,0.816775
2026-04-02T12:30:19.515482,2422532,12.617354,0.389003,0.736852
2026-04-02T12:30:19.525482,2424452,12.627354,0.385223,0.785269
2026-04-02T12:30:19.528570,2425045,12.630443,0.414502,0.841679
2026-04-02T12:30:19.538570,2426965,12.640443,0.417743,0.802185
2026-04-02T12:30:19.520325,2427558,12.643531,0.359707,0.790328
2026-04-02T12:30:19.530325,2429478,12.653531,0.387047,0.815285
2026-04-02T12:30:19.533414,2430071,12.656620,0.458809,0.762228
2026-04-02T12:30:19.543414,2431991,12.666620,0.389704,0.814625
2026-04-02T12:30:19.567835,2432584,12.669708,0.427251,0.774709
2026-04-02T12:30:19.577835,2434504,12.679708,0.378797,0.821633
2026-04-02T12:30:19.580924,2435097,12.682797,0.401329,0.798989
2026-04-02T12:30:19.590924,2437017,12.692797,0.428363,0.822099
2026-04-02T12:30:19.572679,2437610,12.695885,0.414520,0.834219
2026-04-02T12:30:19.582679,2439530,12.705885,0.394164,0.804699
2026-04-02T12:30:19.585767,2440123,12.708974,0.402601,0.822591
2026-04-02T12:30:19.595767,2442043,12.718974,0.406998,0.789722
2026-04-02T12:30:19.620189,2442636,12.722062,0.398242,0.817352
2026-04-02T12:30:19.630189,2444556,12.732062,0.410812,0.754697
2026-04-02T12:30:19.633277,2445149,12.735151,0.399116,0.777602
2026-04-02T12:30:19.643277,2447069,12.745151,0.411759,0.817682
2026-04-02T12:30:19.625032,2447662,12.748240,0.381144,0.796611
2026-04-02T12:30:19.635032,2449582,12.758240,0.402985,0.778257
2026-04-02T12:30:19.638121,2450175,12.761328,0.389408,0.793836
2026-04-02T12:30:19.648121,2452095,12.771328,0.392516,0.767037
2026-04-02T12:30:19.672542,2452688,12.774417,0.403317,0.801878
2026-04-02T12:30:19.682542,2454608,12.784417,0.407132,0.788689
2026-04-02T12:30:19.685631,2455201,12.787505,0.418907,0.794680
2026-04-02T12:30:19.695631,2457121,12.797505,0.374428,0.820063
2026-04-02T12:30:19.677386,2457714,12.800594,0.380891,0.784600
2026-04-02T12:30:19.687386,2459634,12.810594,0.399723,0.823594
2026-04-02T12:30:19.690474,2460227,12.813682,0.413234,0.795482
2026-04-02T12:30:19.700474,2462147,12.823682,0.389601,0.790474
2026-04-02T12:30:19.724895,2462740,12.826771,0.411706,0.787874
2026-04-02T12:30:19.734895,2464660,12.836771,0.351216,0.799479
2026-04-02T12:30:19.737984,2465253,12.839859,0.389947,0.779640
2026-04-02T12:30:19.747984,2467173,12.849859,0.396968,0.789366
2026-04-02T12:30:19.729739,2467766,12.852948,0.435218,0.843388
2026-04-02T12:30:19.739739,2469686,12.862948,0.388846,0.773438
2026-04-02T12:30:19.742828,2470279,12.866036,0.391460,0.807101
2026-04-02T12:30:19.752828,2472199,12.876036,0.376656,0.788743
2026-04-02T12:30:19.777249,2472792,12.879125,0.402262,0.811020
2026-04-02T12:30:19.787249,2474712,12.889125,0.417961,0.760765
2026-04-02T12:30:19.790337,2475305,12.892214,0.399974,0.782945
2026-04-02T12:30:19.800337,2477225,12.902214,0.401930,0.781034
2026-04-02T12:30:19.782093,2477818,12.905302,0.398319,0.775545
2026-04-02T12:30:19.792093,2479738,12.915302,0.312810,0.826428
2026-04-02T12:30:19.795181,2480331,12.918391,0.387696,0.826448
2026-04-02T12:30:19.805181,2482251,12.928391,0.361815,0.803491
2026-04-02T12:30:19.829602,2482844,12.931479,0.417377,0.798176
2026-04-02T12:30:19.839602,2484764,12.941479,0.427755,0.809531
2026-04-02T12:30:19.842691,2485357,12.944568,0.361287,0.803874
2026-04-02T12:30:19.852691,2487277,12.954568,0.384148,0.809160
2026-04-02T12:30:19.834446,2487870,12.957656,0.391757,0.809214
2026-04-02T12:30:19.844446,2489790,12.967656,0.380969,0.800001
2026-04-02T12:30:19.847535,2490383,12.970745,0.412218,0.827899
2026-04-02T12:30:19.857535,2492303,12.980745,0.408700,0.819336
2026-04-02T12:30:19.881956,2492896,12.983833,0.398830,0.801636
2026-04-02T12:30:19.891956,2494816,12.993833,0.413077,0.783555
2026-04-02T12:30:19.895044,2495409,12.996922,0.387182,0.789199
2026-04-02T12:30:19.905044,2497329,13.006922,0.380418,0.801218
2026-04-02T12:30:19.886800,2497922,13.010010,0.399292,0.779505
2026-04-02T12:30:19.896800,2499842,13.020010,0.341128,0.750872
2026-04-02T12:30:19.899888,2500435,13.023099,0.398667,0.835386
2026-04-02T12:30:19.909888,2502355,13.033099,0.385685,0.826938
2026-04-02T12:30:19.934309,2502948,13.036188,0.421903,0.777924
2026-04-02T12:30:19.944309,2504868,13.046188,0.386699,0.807259
2026-04-02T12:30:19.947398,2505461,13.049276,0.391706,0.815319
2026-04-02T12:30:19.957398,2507381,13.059276,0.400301,0.826931
2026-04-02T12:30:19.939153,2507974,13.062365,0.432199,0.793219
2026-04-02T12:30:19.949153,2509894,13.072365,0.437432,0.749057
2026-04-02T12:30:19.952242,2510487,13.075453,0.398946,0.812982
2026-04-02T12:30:19.962242,2512407,13.085453,0.402162,0.761803
2026-04-02T12:30:19.986663,2513000,13.088542,0.399565,0.844424
2026-04-02T12:30:19.996663,2514920,13.098542,0.383193,0.787447
2026-04-02T12:30:19.999751,2515513,13.101630,0.387377,0.796804
2026-04-02T12:30:20.009751,2517433,13.111630,0.399800,0.768888
2026-04-02T12:30:19.991507,2518026,13.114719,0.403096,0.765588
2026-04-02T12:30:20.001507,2519946,13.124719,0.360014,0.756084
2026-04-02T12:30:20.004595,2520539,13.127807,0.403961,0.787376
2026-04-02T12:30:20.014595,2522459,13.137807,0.340455,0.830103
2026-04-02T12:30:20.039016,2523052,13.140896,0.387270,0.824458
2026-04-02T12:30:20.049016,2524972,13.150896,0.364648,0.763416
2026-04-02T12:30:20.052105,2525565,13.153984,0.382385,0.809129
2026-04-02T12:30:20.062105,2527485,13.163984,0.408768,0.846642
2026-04-02T12:30:20.043860,2528078,13.167073,0.407346,0.801833
2026-04-02T12:30:20.053860,2529998,13.177073,0.451318,0.798381
2026-04-02T12:30:20.056949,2530591,13.180161,0.393246,0.841827
2026-04-02T12:30:20.066949,2532511,13.190161,0.418200,0.726964
2026-04-02T12:30:20.091370,2533104,13.193250,0.390940,0.826469
2026-04-02T12:30:20.101370,2535024,13.203250,0.406951,0.810609
2026-04-02T12:30:20.104458,2535617,13.206339,0.363137,0.809415
2026-04-02T12:30:20.114458,2537537,13.216339,0.391416,0.822513
2026-04-02T12:30:20.096214,2538130,13.219427,0.377504,0.819878
2026-04-02T12:30:20.106214,2540050,13.229427,0.381664,0.841286
2026-04-02T12:30:20.109302,2540643,13.232516,0.413605,0.806446
2026-04-02T12:30:20.119302,2542563,13.242516,0.385785,0.793749
2026-04-02T12:30:20.143723,2543156,13.245604,0.428774,0.838167
2026-04-02T12:30:20.153723,2545076,13.255604,0.363902,0.782350
2026-04-02T12:30:20.156812,2545669,13.258693,0.365987,0.775805
2026-04-02T12:30:20.166812,2547589,13.268693,0.378253,0.835129
2026-04-02T12:30:20.148567,2548182,13.271781,0.397520,0.746829
2026-04-02T12:30:20.158567,2550102,13.281781,0.389092,0.841351
2026-04-02T12:30:20.161656,2550695,13.284870,0.401694,0.786699
2026-04-02T12:30:20.171656,2552615,13.294870,0.405972,0.756494
2026-04-02T12:30:20.196077,2553208,13.297958,0.397258,0.830045
2026-04-02T12:30:20.206077,2555128,13.307958,0.364026,0.784863
2026-04-02T12:30:20.209165,2555721,13.311047,0.365541,0.784649
2026-04-02T12:30:20.219165,2557641,13.321047,0.452809,0.770217
2026-04-02T12:30:20.200920,2558234,13.324135,0.363498,0.750328
2026-04-02T12:30:20.210920,2560154,13.334135,0.385913,0.812627
2026-04-02T12:30:20.214009,2560747,13.337224,0.414340,0.809267
2026-04-02T12:30:20.224009,2562667,13.347224,0.450973,0.776153
2026-04-02T12:30:20.248430,2563260,13.350312,0.402499,0.775095
2026-04-02T12:30:20.258430,2565180,13.360312,0.404331,0.769477
2026-04-02T12:30:20.261519,2565773,13.363401,0.416896,0.816675
2026-04-02T12:30:20.271519,2567693,13.373401,0.376222,0.837842
2026-04-02T12:30:20.253274,2568286,13.376490,0.457575,0.836475
2026-04-02T12:30:20.263274,2570206,13.386490,0.399221,0.810438
2026-04-02T12:30:20.266362,2570799,13.389578,0.383548,0.811955
2026-04-02T12:30:20.276362,2572719,13.399578,0.394162,0.810994
2026-04-02T12:30:20.300784,2573312,13.402667,0.399300,0.791756
2026-04-02T12:30:20.310784,2575232,13.412667,0.413133,0.788163
2026-04-02T12:30:20.313872,2575825,13.415755,0.436481,0.805071
2026-04-02T12:30:20.323872,2577745,13.425755,0.385947,0.800528
2026-04-02T12:30:20.305627,2578338,13.428844,0.432768,0.809618
2026-04-02T12:30:20.315627,2580258,13.438844,0.454008,0.811816
2026-04-02T12:30:20.318716,2580851,13.441932,0.373474,0.800729
2026-04-02T12:30:20.328716,2582771,13.451932,0.438627,0.810591
2026-04-02T12:30:20.353130,2583364,13.455021,0.356751,0.783932
2026-04-02T12:30:20.363130,2585284,13.465021,0.391588,0.766592
2026-04-02T12:30:20.366219,2585877,13.468109,0.395786,0.802922
2026-04-02T12:30:20.376219,2587797,13.478109,0.447578,0.837050
2026-04-02T12:30:20.357974,2588390,13.481198,0.435989,0.822016
2026-04-02T12:30:20.367974,2590310,13.491198,0.420091,0.784808
2026-04-02T12:30:20.371062,2590903,13.494286,0.398677,0.794197
2026-04-02T12:30:20.381062,2592823,13.504286,0.394676,0.784708
2026-04-02T12:30:20.405483,2593416,13.507375,0.417123,0.811857
2026-04-02T12:30:20.415483,2595336,13.517375,0.356885,0.823981
2026-04-02T12:30:20.418572,2595929,13.520464,0.402691,0.783303
2026-04-02T12:30:20.428572,2597849,13.530464,0.392917,0.815783
2026-04-02T12:30:20.410327,2598442,13.533552,0.405136,0.803212
2026-04-02T12:30:20.420327,2600362,13.543552,0.444790,0.828488
2026-04-02T12:30:20.423416,2600955,13.546641,0.404344,0.793955
2026-04-02T12:30:20.433416,2602875,13.556641,0.387927,0.840455
2026-04-02T12:30:20.457837,2603468,13.559729,0.382714,0.782349
2026-04-02T12:30:20.467837,2605388,13.569729,0.376242,0.791352
2026-04-02T12:30:20.470925,2605981,13.572818,0.387678,0.779739
2026-04-02T12:30:20.480925,2607901,13.582818,0.408018,0.768908
2026-04-02T12:30:20.462680,2608494,13.585906,0.442700,0.814906
2026-04-02T12:30:20.472680,2610414,13.595906,0.404909,0.794937
2026-04-02T12:30:20.475769,2611007,13.598995,0.411369,0.808985
2026-04-02T12:30:20.485769,2612927,13.608995,0.388249,0.817522
2026-04-02T12:30:20.510190,2613520,13.612083,0.374156,0.808618
2026-04-02T12:30:20.520190,2615440,13.622083,0.381355,0.785443
2026-04-02T12:30:20.523279,2616033,13.625172,0.400663,0.827163
2026-04-02T12:30:20.533279,2617953,13.635172,0.398370,0.775216
2026-04-02T12:30:20.515034,2618546,13.638260,0.395491,0.817697
2026-04-02T12:30:20.525034,2620466,13.648260,0.436924,0.826564
2026-04-02T12:30:20.528122,2621059,13.651349,0.422601,0.808799
2026-04-02T12:30:20.538122,2622979,13.661349,0.408267,0.853305
2026-04-02T12:30:20.562543,2623572,13.664438,0.411220,0.791521
2026-04-02T12:30:20.572543,2625492,13.674437,0.418506,0.806875
2026-04-02T12:30:20.575632,2626085,13.677526,0.429653,0.768713
2026-04-02T12:30:20.585632,2628005,13.687526,0.421707,0.799739
2026-04-02T12:30:20.567387,2628598,13.690615,0.422971,0.818538
2026-04-02T12:30:20.577387,2630518,13.700615,0.355691,0.747690
2026-04-02T12:30:20.580476,2631111,13.703703,0.386245,0.803152
2026-04-02T12:30:20.590476,2633031,13.713703,0.392431,0.807340
2026-04-02T12:30:20.614897,2633624,13.716792,0.461006,0.785191
2026-04-02T12:30:20.624897,2635544,13.726792,0.410500,0.817299
2026-04-02T12:30:20.627985,2636137,13.729880,0.407149,0.796184
2026-04-02T12:30:20.637985,2638057,13.739880,0.390506,0.792097
2026-04-02T12:30:20.619741,2638650,13.742969,0.363529,0.793755
2026-04-02T12:30:20.629741,2640570,13.752969,0.340270,0.822060
2026-04-02T12:30:20.632829,2641163,13.756057,0.394300,0.837237
2026-04-02T12:30:20.642829,2643083,13.766057,0.401213,0.838558
2026-04-02T12:30:20.667250,2643676,13.769146,0.358275,0.741397
2026-04-02T12:30:20.677250,2645596,13.779146,0.409122,0.788255
2026-04-02T12:30:20.680339,2646189,13.782234,0.374586,0.811467
2026-04-02T12:30:20.690339,2648109,13.792234,0.455842,0.767685
2026-04-02T12:30:20.672094,2648702,13.795323,0.416029,0.813254
2026-04-02T12:30:20.682094,2650622,13.805323,0.408920,0.819700
2026-04-02T12:30:20.685182,2651215,13.808411,0.379514,0.790691
2026-04-02T12:30:20.695182,2653135,13.818411,0.414077,0.816095
2026-04-02T12:30:20.719611,2653728,13.821500,0.424126,0.792599
2026-04-02T12:30:20.729611,2655648,13.831500,0.434599,0.827718
2026-04-02T12:30:20.732700,2656241,13.834589,0.430229,0.763364
2026-04-02T12:30:20.742700,2658161,13.844589,0.374628,0.799850
2026-04-02T12:30:20.724455,2658754,13.847677,0.357835,0.791676
2026-04-02T12:30:20.734455,2660674,13.857677,0.408658,0.796634
2026-04-02T12:30:20.737543,2661267,13.860766,0.418262,0.805860
2026-04-02T12:30:20.747543,2663187,13.870766,0.423336,0.801383
2026-04-02T12:30:20.771965,2663780,13.873854,0.374541,0.804283
2026-04-02T12:30:20.781965,2665700,13.883854,0.463806,0.761234
2026-04-02T12:30:20.785053,2666293,13.886943,0.347248,0.826097
2026-04-02T12:30:20.795053,2668213,13.896943,0.398309,0.849376
2026-04-02T12:30:20.776808,2668806,13.900031,0.386490,0.796017
2026-04-02T12:30:20.786808,2670726,13.910031,0.373861,0.754992
2026-04-02T12:30:20.789897,2671319,13.913120,0.380276,0.779079
2026-04-02T12:30:20.799897,2673239,13.923120,0.397515,0.794734
2026-04-02T12:30:20.824318,2673832,13.926208,0.387832,0.823245
2026-04-02T12:30:20.834318,2675752,13.936208,0.323229,0.810293
2026-04-02T12:30:20.837407,2676345,13.939297,0.398525,0.790082
2026-04-02T12:30:20.847407,2678265,13.949297,0.368939,0.792452
2026-04-02T12:30:20.829162,2678858,13.952385,0.414726,0.821970
2026-04-02T12:30:20.839162,2680778,13.962385,0.419581,0.808364
2026-04-02T12:30:20.842250,2681371,13.965474,0.447065,0.826040
2026-04-02T12:30:20.852250,2683291,13.975474,0.385815,0.807047
2026-04-02T12:30:20.876671,2683884,13.978563,0.379458,0.811893
2026-04-02T12:30:20.886671,2685804,13.988563,0.415548,0.826393
2026-04-02T12:30:20.889760,2686397,13.991651,0.372945,0.779769
2026-04-02T12:30:20.899760,2688317,14.001651,0.410061,0.778430
2026-04-02T12:30:20.881515,2688910,14.004740,0.407981,0.843844
2026-04-02T12:30:20.891515,2690830,14.014740,0.418027,0.788802
2026-04-02T12:30:20.894604,2691423,14.017828,0.421395,0.797785
2026-04-02T12:30:20.904604,2693343,14.027828,0.395355,0.821136
2026-04-02T12:30:20.929025,2693936,14.030917,0.426806,0.818953
2026-04-02T12:30:20.939025,2695856,14.040917,0.410768,0.798099
2026-04-02T12:30:20.942113,2696449,14.044005,0.392978,0.830022
2026-04-02T12:30:20.952113,2698369,14.054005,0.376505,0.780846
2026-04-02T12:30:20.933869,2698962,14.057094,0.428756,0.742921
2026-04-02T12:30:20.943869,2700882,14.067094,0.395024,0.837737
2026-04-02T12:30:20.946957,2701475,14.070182,0.420718,0.808154
2026-04-02T12:30:20.956957,2703395,14.080182,0.437276,0.753772
2026-04-02T12:30:20.981378,2703988,14.083271,0.413797,0.774130
2026-04-02T12:30:20.991378,2705908,14.093271,0.390337,0.823835
2026-04-02T12:30:20.994467,2706501,14.096359,0.418441,0.803605
2026-04-02T12:30:21.004467,2708421,14.106359,0.403705,0.804629
2026-04-02T12:30:20.986222,2709014,14.109448,0.378542,0.824311
2026-04-02T12:30:20.996222,2710934,14.119448,0.460212,0.786208
2026-04-02T12:30:20.999311,2711527,14.122536,0.389863,0.811553
2026-04-02T12:30:21.009311,2713447,14.132536,0.379182,0.830979
2026-04-02T12:30:21.033732,2714040,14.135625,0.420136,0.828740
2026-04-02T12:30:21.043732,2715960,14.145625,0.393945,0.810700
2026-04-02T12:30:21.046820,2716553,14.148714,0.365317,0.755451
2026-04-02T12:30:21.056820,2718473,14.158714,0.416515,0.805253
2026-04-02T12:30:21.038576,2719066,14.161802,0.380338,0.784632
2026-04-02T12:30:21.048576,2720986,14.171802,0.382640,0.778026
2026-04-02T12:30:21.051664,2721579,14.174891,0.412420,0.786278
2026-04-02T12:30:21.061664,2723499,14.184891,0.435325,0.801338
2026-04-02T12:30:21.086085,2724092,14.187979,0.436175,0.781019
2026-04-02T12:30:21.096085,2726012,14.197979,0.452627,0.787874
2026-04-02T12:30:21.099174,2726605,14.201068,0.435149,0.780356
2026-04-02T12:30:21.109174,2728525,14.211068,0.394458,0.810476
2026-04-02T12:30:21.090929,2729118,14.214156,0.388835,0.832258
2026-04-02T12:30:21.100929,2731038,14.224156,0.363375,0.770809
2026-04-02T12:30:21.104018,2731631,14.227245,0.380634,0.815827
2026-04-02T12:30:21.114018,2733551,14.237245,0.343668,0.824672
2026-04-02T12:30:21.138439,2734144,14.240333,0.426707,0.807934
2026-04-02T12:30:21.148439,2736064,14.250333,0.416316,0.774214
2026-04-02T12:30:21.151527,2736657,14.253422,0.376712,0.788045
2026-04-02T12:30:21.161527,2738577,14.263422,0.409697,0.759915
2026-04-02T12:30:21.143283,2739170,14.266510,0.380710,0.834006
2026-04-02T12:30:21.153283,2741090,14.276510,0.396055,0.755989
2026-04-02T12:30:21.156371,2741683,14.279599,0.369685,0.783504
2026-04-02T12:30:21.166371,2743603,14.289599,0.380850,0.859319
2026-04-02T12:30:21.190792,2744196,14.292687,0.453788,0.770237
2026-04-02T12:30:21.200792,2746116,14.302687,0.400618,0.783017
2026-04-02T12:30:21.203881,2746709,14.305776,0.392626,0.793449
2026-04-02T12:30:21.213881,2748629,14.315776,0.399825,0.780120
2026-04-02T12:30:21.195636,2749222,14.318865,0.387139,0.802127
2026-04-02T12:30:21.205636,2751142,14.328865,0.410880,0.803786
2026-04-02T12:30:21.208725,2751735,14.331953,0.379403,0.787247
2026-04-02T12:30:21.218725,2753655,14.341953,0.379468,0.784963
2026-04-02T12:30:21.243146,2754248,14.345042,0.394360,0.822236
2026-04-02T12:30:21.253146,2756168,14.355042,0.402518,0.821037
2026-04-02T12:30:21.256234,2756761,14.358130,0.390860,0.750887
2026-04-02T12:30:21.266234,2758681,14.368130,0.409560,0.842359
2026-04-02T12:30:21.247989,2759274,14.371219,0.423054,0.841322
2026-04-02T12:30:21.257989,2761194,14.381219,0.421570,0.795654
2026-04-02T12:30:21.261078,2761787,14.384307,0.434013,0.791132
2026-04-02T12:30:21.271078,2763707,14.394307,0.388287,0.805170
2026-04-02T12:30:21.295499,2764300,14.397396,0.382724,0.793040
2026-04-02T12:30:21.305499,2766220,14.407396,0.423854,0.802321
2026-04-02T12:30:21.308588,2766813,14.410484,0.372043,0.775265
2026-04-02T12:30:21.318588,2768733,14.420484,0.399082,0.769413
2026-04-02T12:30:21.300343,2769326,14.423573,0.418843,0.770923
2026-04-02T12:30:21.310343,2771246,14.433573,0.418037,0.810656
2026-04-02T12:30:21.313431,2771839,14.436661,0.389645,0.840663
2026-04-02T12:30:21.323431,2773759,14.446661,0.389246,0.818773
2026-04-02T12:30:21.347853,2774352,14.449750,0.364767,0.780510
2026-04-02T12:30:21.357853,2776272,14.459750,0.418532,0.784912
2026-04-02T12:30:21.360941,2776865,14.462839,0.415976,0.780350
2026-04-02T12:30:21.370941,2778785,14.472839,0.416304,0.761646
2026-04-02T12:30:21.352696,2779378,14.475927,0.435580,0.776847
2026-04-02T12:30:21.362696,2781298,14.485927,0.410270,0.833990
2026-04-02T12:30:21.365785,2781891,14.489016,0.373701,0.833724
2026-04-02T12:30:21.375785,2783811,14.499016,0.384031,0.806384
2026-04-02T12:30:21.400206,2784404,14.502104,0.421859,0.842728
2026-04-02T12:30:21.410206,2786324,14.512104,0.438674,0.803486
2026-04-02T12:30:21.413294,2786917,14.515193,0.401122,0.806558
2026-04-02T12:30:21.423294,2788837,14.525193,0.374702,0.779323
2026-04-02T12:30:21.405050,2789430,14.528281,0.394144,0.779440
2026-04-02T12:30:21.415050,2791350,14.538281,0.376466,0.812478
2026-04-02T12:30:21.418138,2791943,14.541370,0.443110,0.773002
2026-04-02T12:30:21.428138,2793863,14.551370,0.394312,0.734555
2026-04-02T12:30:21.452559,2794456,14.554458,0.409210,0.777852
2026-04-02T12:30:21.462559,2796376,14.564458,0.396559,0.802454
2026-04-02T12:30:21.465648,2796969,14.567547,0.369387,0.815615
2026-04-02T12:30:21.475648,2798889,14.577547,0.435680,0.836367
2026-04-02T12:30:21.457403,2799482,14.580635,0.429492,0.766052
2026-04-02T12:30:21.467403,2801402,14.590635,0.406794,0.833667
2026-04-02T12:30:21.470492,2801995,14.593724,0.384607,0.809163
2026-04-02T12:30:21.480492,2803915,14.603724,0.429985,0.760437
2026-04-02T12:30:21.504913,2804508,14.606813,0.461690,0.802847
2026-04-02T12:30:21.514913,2806428,14.616812,0.416372,0.778599
2026-04-02T12:30:21.518001,2807021,14.619901,0.380153,0.804894
2026-04-02T12:30:21.528001,2808941,14.629901,0.395795,0.766381
2026-04-02T12:30:21.509756,2809534,14.632990,0.374745,0.753986
2026-04-02T12:30:21.519756,2811454,14.642990,0.400306,0.792838
2026-04-02T12:30:21.522845,2812047,14.646078,0.431322,0.834784
2026-04-02T12:30:21.532845,2813967,14.656078,0.422821,0.769238
2026-04-02T12:30:21.557266,2814560,14.659167,0.392078,0.824730
2026-04-02T12:30:21.567266,2816480,14.669167,0.401180,0.783081
2026-04-02T12:30:21.570355,2817073,14.672255,0.404732,0.801297
2026-04-02T12:30:21.580355,2818993,14.682255,0.360580,0.806971
2026-04-02T12:30:21.562110,2819586,14.685344,0.381734,0.785355
2026-04-02T12:30:21.572110,2821506,14.695344,0.452661,0.841060
2026-04-02T12:30:21.575198,2822099,14.698432,0.337231,0.793573
2026-04-02T12:30:21.585198,2824019,14.708432,0.415883,0.798394
2026-04-02T12:30:21.609620,2824612,14.711521,0.406502,0.772662
2026-04-02T12:30:21.619620,2826532,14.721521,0.409266,0.781226
2026-04-02T12:30:21.622708,2827125,14.724609,0.397493,0.827100
2026-04-02T12:30:21.632708,2829045,14.734609,0.402326,0.812389
2026-04-02T12:30:21.614463,2829638,14.737698,0.427393,0.788307
2026-04-02T12:30:21.624463,2831558,14.747698,0.395739,0.777437
2026-04-02T12:30:21.627552,2832151,14.750786,0.344415,0.768850
2026-04-02T12:30:21.637552,2834071,14.760786,0.446389,0.787176
2026-04-02T12:30:21.661973,2834664,14.763875,0.430873,0.805708
2026-04-02T12:30:21.671973,2836584,14.773875,0.443034,0.789164
2026-04-02T12:30:21.675062,2837177,14.776964,0.442043,0.751402
2026-04-02T12:30:21.685062,2839097,14.786964,0.381441,0.805993
2026-04-02T12:30:21.666817,2839690,14.790052,0.408422,0.807567
2026-04-02T12:30:21.676817,2841610,14.800052,0.429105,0.764877
2026-04-02T12:30:21.679905,2842203,14.803141,0.359864,0.824036
2026-04-02T12:30:21.689905,2844123,14.813141,0.379031,0.819599
2026-04-02T12:30:21.714327,2844716,14.816229,0.385350,0.826614
2026-04-02T12:30:21.724327,2846636,14.826229,0.439565,0.745050
2026-04-02T12:30:21.727415,2847229,14.829318,0.389215,0.757366
2026-04-02T12:30:21.737415,2849149,14.839318,0.399692,0.775495
2026-04-02T12:30:21.719170,2849742,14.842406,0.457591,0.781083
2026-04-02T12:30:21.729170,2851662,14.852406,0.437332,0.809090
2026-04-02T12:30:21.732259,2852255,14.855495,0.385982,0.844950
2026-04-02T12:30:21.742259,2854175,14.865495,0.398057,0.805527
2026-04-02T12:30:21.766680,2854768,14.868583,0.390057,0.841172
2026-04-02T12:30:21.776680,2856688,14.878583,0.396587,0.806839
2026-04-02T12:30:21.779768,2857281,14.881672,0.411537,0.806784
2026-04-02T12:30:21.789768,2859201,14.891672,0.414427,0.847691
2026-04-02T12:30:21.771523,2859794,14.894760,0.374323,0.831561
2026-04-02T12:30:21.781523,2861714,14.904760,0.393657,0.799559
2026-04-02T12:30:21.784612,2862307,14.907849,0.380480,0.757297
2026-04-02T12:30:21.794612,2864227,14.917849,0.370345,0.802801
2026-04-02T12:30:21.819033,2864820,14.920938,0.433145,0.767906
2026-04-02T12:30:21.829033,2866740,14.930938,0.359155,0.768692
2026-04-02T12:30:21.832122,2867333,14.934026,0.405572,0.792718
2026-04-02T12:30:21.842122,2869253,14.944026,0.423213,0.842581
2026-04-02T12:30:21.823877,2869846,14.947115,0.422494,0.800668
2026-04-02T12:30:21.833877,2871766,14.957115,0.403832,0.805777
2026-04-02T12:30:21.836965,2872359,14.960203,0.417473,0.738976
2026-04-02T12:30:21.846965,2874279,14.970203,0.350571,0.813099
2026-04-02T12:30:21.871387,2874872,14.973292,0.395764,0.779569
2026-04-02T12:30:21.881387,2876792,14.983292,0.371247,0.795117
2026-04-02T12:30:21.884475,2877385,14.986380,0.396735,0.809337
2026-04-02T12:30:21.894475,2879305,14.996380,0.380689,0.844202
2026-04-02T12:30:21.876230,2879898,14.999469,0.422397,0.775126
2026-04-02T12:30:21.886230,2881818,15.009469,0.374962,0.797865
2026-04-02T12:30:21.889319,2882411,15.012557,0.372826,0.819136
2026-04-02T12:30:21.899319,2884331,15.022557,0.353285,0.817291
2026-04-02T12:30:21.923740,2884924,15.025646,0.352127,0.773673
2026-04-02T12:30:21.933740,2886844,15.035646,0.414950,0.778917
2026-04-02T12:30:21.936829,2887437,15.038734,0.419700,0.783077
2026-04-02T12:30:21.946829,2889357,15.048734,0.420059,0.740606
2026-04-02T12:30:21.928584,2889950,15.051823,0.419413,0.836784
2026-04-02T12:30:21.938584,2891870,15.061823,0.418531,0.793808
2026-04-02T12:30:21.941672,2892463,15.064911,0.416998,0.806387
2026-04-02T12:30:21.951672,2894383,15.074911,0.390036,0.862554
2026-04-02T12:30:21.976093,2894976,15.078000,0.359961,0.799301
2026-04-02T12:30:21.986093,2896896,15.088000,0.375330,0.792933
2026-04-02T12:30:21.989182,2897489,15.091089,0.386571,0.779792
2026-04-02T12:30:21.999182,2899409,15.101089,0.364280,0.798230
2026-04-02T12:30:21.980937,2900002,15.104177,0.411275,0.796904
2026-04-02T12:30:21.990937,2901922,15.114177,0.388218,0.813653
2026-04-02T12:30:21.994026,2902515,15.117266,0.395415,0.820735
2026-04-02T12:30:22.004026,2904435,15.127266,0.390241,0.761535
2026-04-02T12:30:22.028447,2905028,15.130354,0.371877,0.757391
2026-04-02T12:30:22.038447,2906948,15.140354,0.392747,0.824284
2026-04-02T12:30:22.041535,2907541,15.143443,0.383994,0.770263
2026-04-02T12:30:22.051535,2909461,15.153443,0.440341,0.788474
2026-04-02T12:30:22.033291,2910054,15.156531,0.406951,0.763379
2026-04-02T12:30:22.043291,2911974,15.166531,0.401886,0.812244
2026-04-02T12:30:22.046379,2912567,15.169620,0.384006,0.833785
2026-04-02T12:30:22.056379,2914487,15.179620,0.376153,0.748664
2026-04-02T12:30:22.080801,2915080,15.182708,0.387576,0.792981
2026-04-02T12:30:22.090801,2917000,15.192708,0.382090,0.788919
2026-04-02T12:30:22.093889,2917593,15.195797,0.360181,0.811399
2026-04-02T12:30:22.103889,2919513,15.205797,0.409086,0.856898
2026-04-02T12:30:22.085645,2920106,15.208885,0.427401,0.776228
2026-04-02T12:30:22.095645,2922026,15.218885,0.419681,0.834765
2026-04-02T12:30:22.098733,2922619,15.221974,0.417538,0.791396
2026-04-02T12:30:22.108733,2924539,15.231974,0.364363,0.770846
2026-04-02T12:30:22.133154,2925132,15.235062,0.421051,0.776797
2026-04-02T12:30:22.143154,2927052,15.245062,0.405776,0.794241
2026-04-02T12:30:22.146243,2927645,15.248151,0.382405,0.817238
2026-04-02T12:30:22.156243,2929565,15.258151,0.420072,0.751679
2026-04-02T12:30:22.137998,2930158,15.261240,0.447652,0.794628
2026-04-02T12:30:22.147998,2932078,15.271240,0.392994,0.787898
2026-04-02T12:30:22.151087,2932671,15.274328,0.426300,0.765095
2026-04-02T12:30:22.161087,2934591,15.284328,0.392465,0.830719
2026-04-02T12:30:22.185508,2935184,15.287417,0.386369,0.772646
2026-04-02T12:30:22.195508,2937104,15.297417,0.392615,0.786852
2026-04-02T12:30:22.198596,2937697,15.300505,0.360258,0.829675
2026-04-02T12:30:22.208596,2939617,15.310505,0.399534,0.841753
2026-04-02T12:30:22.190351,2940210,15.313594,0.383743,0.757675
2026-04-02T12:30:22.200351,2942130,15.323594,0.356407,0.820872
2026-04-02T12:30:22.203440,2942723,15.326682,0.382484,0.770181
2026-04-02T12:30:22.213440,2944643,15.336682,0.387591,0.814199
2026-04-02T12:30:22.237861,2945236,15.339771,0.410135,0.813148
2026-04-02T12:30:22.247861,2947156,15.349771,0.432911,0.862808
2026-04-02T12:30:22.250950,2947749,15.352859,0.389138,0.784868
2026-04-02T12:30:22.260950,2949669,15.362859,0.431657,0.790476
2026-04-02T12:30:22.242705,2950262,15.365948,0.457033,0.772923
2026-04-02T12:30:22.252705,2952182,15.375948,0.382509,0.785871
2026-04-02T12:30:22.255793,2952775,15.379036,0.387675,0.795930
2026-04-02T12:30:22.265793,2954695,15.389036,0.383662,0.793048
2026-04-02T12:30:22.290215,2955288,15.392125,0.379002,0.840806
2026-04-02T12:30:22.300215,2957208,15.402125,0.342934,0.764663
2026-04-02T12:30:22.303303,2957801,15.405214,0.417033,0.796988
2026-04-02T12:30:22.313303,2959721,15.415214,0.388683,0.835914
2026-04-02T12:30:22.295058,2960314,15.418302,0.387131,0.778038
2026-04-02T12:30:22.305058,2962234,15.428302,0.444588,0.823149
2026-04-02T12:30:22.308147,2962827,15.431391,0.389636,0.835325
2026-04-02T12:30:22.318147,2964747,15.441391,0.397902,0.791991
2026-04-02T12:30:22.342568,2965340,15.444479,0.368312,0.789223
2026-04-02T12:30:22.352568,2967260,15.454479,0.386241,0.758324
2026-04-02T12:30:22.355657,2967853,15.457568,0.417167,0.778894
2026-04-02T12:30:22.365657,2969773,15.467568,0.396103,0.789553
2026-04-02T12:30:22.347412,2970366,15.470656,0.393549,0.817353
2026-04-02T12:30:22.357412,2972286,15.480656,0.418816,0.778214
2026-04-02T12:30:22.360500,2972879,15.483745,0.432490,0.821458
2026-04-02T12:30:22.370500,2974799,15.493745,0.449356,0.778859
2026-04-02T12:30:22.394922,2975392,15.496833,0.390538,0.786998
2026-04-02T12:30:22.404922,2977312,15.506833,0.386359,0.789254
2026-04-02T12:30:22.408010,2977905,15.509922,0.421021,0.800585
2026-04-02T12:30:22.418010,2979825,15.519922,0.392951,0.846309
2026-04-02T12:30:22.399765,2980418,15.523010,0.407969,0.784907
2026-04-02T12:30:22.409765,2982338,15.533010,0.419224,0.766119
2026-04-02T12:30:22.412854,2982931,15.536099,0.450288,0.832406
2026-04-02T12:30:22.422854,2984851,15.546099,0.394252,0.818318
2026-04-02T12:30:22.447275,2985444,15.549188,0.416691,0.801626
2026-04-02T12:30:22.457275,2987364,15.559188,0.368639,0.802177
2026-04-02T12:30:22.460363,2987957,15.562276,0.404593,0.805894
2026-04-02T12:30:22.470363,2989877,15.572276,0.451480,0.801832
2026-04-02T12:30:22.452119,2990470,15.575365,0.410633,0.798540
2026-04-02T12:30:22.462119,2992390,15.585365,0.374069,0.834459
2026-04-02T12:30:22.465207,2992983,15.588453,0.402517,0.834695
2026-04-02T12:30:22.475207,2994903,15.598453,0.336570,0.763939
2026-04-02T12:30:22.499628,2995496,15.601542,0.359712,0.795950
2026-04-02T12:30:22.509628,2997416,15.611542,0.422436,0.822432
2026-04-02T12:30:22.512717,2998009,15.614630,0.403477,0.789255
2026-04-02T12:30:22.522717,2999929,15.624630,0.414544,0.836106
2026-04-02T12:30:22.504472,3000522,15.627719,0.412856,0.776787
2026-04-02T12:30:22.514472,3002442,15.637719,0.414041,0.811789
2026-04-02T12:30:22.517561,3003035,15.640807,0.406151,0.811623
2026-04-02T12:30:22.527561,3004955,15.650807,0.427212,0.790701
2026-04-02T12:30:22.551982,3005548,15.653896,0.371968,0.788727
2026-04-02T12:30:22.561982,3007468,15.663896,0.361167,0.783270
2026-04-02T12:30:22.565070,3008061,15.666984,0.440756,0.800930
2026-04-02T12:30:22.575070,3009981,15.676984,0.447090,0.813634
2026-04-02T12:30:22.556825,3010574,15.680073,0.408777,0.831472
2026-04-02T12:30:22.566825,3012494,15.690073,0.381157,0.818653
2026-04-02T12:30:22.569914,3013087,15.693161,0.371788,0.774701
2026-04-02T12:30:22.579914,3015007,15.703161,0.366711,0.857646
2026-04-02T12:30:22.604335,3015600,15.706250,0.408599,0.779147
2026-04-02T12:30:22.614335,3017520,15.716250,0.437517,0.770065
2026-04-02T12:30:22.617424,3018113,15.719339,0.407632,0.794718
2026-04-02T12:30:22.627424,3020033,15.729339,0.398203,0.800793
2026-04-02T12:30:22.609179,3020626,15.732427,0.365641,0.808492
2026-04-02T12:30:22.619179,3022546,15.742427,0.361671,0.793535
2026-04-02T12:30:22.622267,3023139,15.745516,0.435969,0.788685
2026-04-02T12:30:22.632267,3025059,15.755516,0.378853,0.770666
2026-04-02T12:30:22.656689,3025652,15.758604,0.342748,0.796128
2026-04-02T12:30:22.666689,3027572,15.768604,0.459366,0.820645
2026-04-02T12:30:22.669777,3028165,15.771693,0.412959,0.797689
2026-04-02T12:30:22.679777,3030085,15.781693,0.399023,0.763969
2026-04-02T12:30:22.661532,3030678,15.784781,0.452029,0.769394
2026-04-02T12:30:22.671532,3032598,15.794781,0.419704,0.796976
2026-04-02T12:30:22.674621,3033191,15.797870,0.442816,0.820223
2026-04-02T12:30:22.684621,3035111,15.807870,0.341538,0.805892
2026-04-02T12:30:22.709042,3035704,15.810958,0.390030,0.814821
2026-04-02T12:30:22.719042,3037624,15.820958,0.408435,0.831183
2026-04-02T12:30:22.722131,3038217,15.824047,0.383625,0.760921
2026-04-02T12:30:22.732131,3040137,15.834047,0.440650,0.763512
2026-04-02T12:30:22.713886,3040730,15.837135,0.415507,0.786250
2026-04-02T12:30:22.723886,3042650,15.847135,0.329952,0.786979
2026-04-02T12:30:22.726974,3043243,15.850224,0.409529,0.830379
2026-04-02T12:30:22.736974,3045163,15.860224,0.411053,0.755007
2026-04-02T12:30:22.761395,3045756,15.863312,0.380170,0.850292
2026-04-02T12:30:22.771395,3047676,15.873313,0.408370,0.851076
2026-04-02T12:30:22.774484,3048269,15.876401,0.412706,0.830841
2026-04-02T12:30:22.784484,3050189,15.886401,0.402686,0.797268
2026-04-02T12:30:22.766239,3050782,15.889490,0.384964,0.817374
2026-04-02T12:30:22.776239,3052702,15.899490,0.373293,0.793933
2026-04-02T12:30:22.779328,3053295,15.902578,0.383274,0.762654
2026-04-02T12:30:22.789328,3055215,15.912578,0.389901,0.806288
2026-04-02T12:30:22.813749,3055808,15.915667,0.345148,0.845130
2026-04-02T12:30:22.823749,3057728,15.925667,0.414636,0.805074
2026-04-02T12:30:22.826837,3058321,15.928755,0.410527,0.827812
2026-04-02T12:30:22.836837,3060241,15.938755,0.368298,0.801537
2026-04-02T12:30:22.818593,3060834,15.941844,0.356235,0.778243
2026-04-02T12:30:22.828593,3062754,15.951844,0.369300,0.804252
2026-04-02T12:30:22.831681,3063347,15.954932,0.344185,0.856727
2026-04-02T12:30:22.841681,3065267,15.964932,0.403535,0.786803
2026-04-02T12:30:22.866102,3065860,15.968021,0.462969,0.818528
2026-04-02T12:30:22.876102,3067780,15.978021,0.407761,0.843298
2026-04-02T12:30:22.879191,3068373,15.981109,0.425321,0.829579
2026-04-02T12:30:22.889191,3070293,15.991109,0.402137,0.782612
2026-04-02T12:30:22.870946,3070886,15.994198,0.338925,0.778226
2026-04-02T12:30:22.880946,3072806,16.004198,0.433137,0.776054
2026-04-02T12:30:22.884035,3073399,16.007286,0.395460,0.837911
2026-04-02T12:30:22.894035,3075319,16.017286,0.409614,0.812029
2026-04-02T12:30:22.918456,3075912,16.020375,0.419239,0.812182
2026-04-02T12:30:22.928456,3077832,16.030375,0.443931,0.750784
2026-04-02T12:30:22.931544,3078425,16.033464,0.456110,0.810836
2026-04-02T12:30:22.941544,3080345,16.043464,0.402581,0.795228
2026-04-02T12:30:22.923299,3080938,16.046552,0.392971,0.811303
2026-04-02T12:30:22.933299,3082858,16.056552,0.349358,0.815173
2026-04-02T12:30:22.936388,3083451,16.059641,0.392502,0.797234
2026-04-02T12:30:22.946388,3085371,16.069641,0.363755,0.833431
2026-04-02T12:30:22.970809,3085964,16.072729,0.412537,0.776357
2026-04-02T12:30:22.980809,3087884,16.082729,0.440076,0.791521
2026-04-02T12:30:22.983898,3088477,16.085818,0.382080,0.769875
2026-04-02T12:30:22.993898,3090397,16.095818,0.397790,0.796943
2026-04-02T12:30:22.975653,3090990,16.098906,0.384519,0.807996
2026-04-02T12:30:22.985653,3092910,16.108906,0.419319,0.786967
2026-04-02T12:30:22.988741,3093503,16.111995,0.376690,0.798532
2026-04-02T12:30:22.998741,3095423,16.121995,0.456119,0.765508
2026-04-02T12:30:23.023163,3096016,16.125083,0.354188,0.817769
2026-04-02T12:30:23.033163,3097936,16.135083,0.406804,0.760302
2026-04-02T12:30:23.036251,3098529,16.138172,0.364771,0.798511
2026-04-02T12:30:23.046251,3100449,16.148172,0.427040,0.805000
2026-04-02T12:30:23.028006,3101042,16.151260,0.398811,0.809131
2026-04-02T12:30:23.038006,3102962,16.161260,0.406777,0.780149
2026-04-02T12:30:23.041095,3103555,16.164349,0.366058,0.764524
2026-04-02T12:30:23.051095,3105475,16.174349,0.437024,0.826211
2026-04-02T12:30:23.075516,3106068,16.177437,0.385431,0.808973
2026-04-02T12:30:23.085516,3107988,16.187438,0.463441,0.811107
2026-04-02T12:30:23.088605,3108581,16.190526,0.410378,0.772338
2026-04-02T12:30:23.098605,3110501,16.200526,0.372274,0.858399
2026-04-02T12:30:23.080360,3111094,16.203615,0.424248,0.829643
2026-04-02T12:30:23.090360,3113014,16.213615,0.387291,0.771839
2026-04-02T12:30:23.093448,3113607,16.216703,0.404054,0.817736
2026-04-02T12:30:23.103448,3115527,16.226703,0.439306,0.792146
2026-04-02T12:30:23.127869,3116120,16.229792,0.431192,0.803888
2026-04-02T12:30:23.137869,3118040,16.239792,0.392714,0.798372
2026-04-02T12:30:23.140958,3118633,16.242880,0.405363,0.848241
2026-04-02T12:30:23.150958,3120553,16.252880,0.389322,0.814335
2026-04-02T12:30:23.132713,3121146,16.255969,0.387592,0.805079
2026-04-02T12:30:23.142713,3123066,16.265969,0.370813,0.796417
2026-04-02T12:30:23.145802,3123659,16.269057,0.401863,0.806249
2026-04-02T12:30:23.155802,3125579,16.279057,0.383674,0.740894
2026-04-02T12:30:23.180223,3126172,16.282146,0.396217,0.848347
2026-04-02T12:30:23.190223,3128092,16.292146,0.412853,0.817474
2026-04-02T12:30:23.193311,3128685,16.295234,0.403310,0.832943
2026-04-02T12:30:23.203311,3130605,16.305234,0.415323,0.852892
2026-04-02T12:30:23.185067,3131198,16.308323,0.418287,0.848794
2026-04-02T12:30:23.195067,3133118,16.318323,0.385890,0.734060
2026-04-02T12:30:23.198155,3133711,16.321411,0.424719,0.830041
2026-04-02T12:30:23.208155,3135631,16.331411,0.392820,0.790280
2026-04-02T12:30:23.232576,3136224,16.334500,0.403545,0.780442
2026-04-02T12:30:23.242576,3138144,16.344500,0.419910,0.774960
2026-04-02T12:30:23.245665,3138737,16.347589,0.414814,0.811721
2026-04-02T12:30:23.255665,3140657,16.357589,0.446724,0.816753
2026-04-02T12:30:23.237420,3141250,16.360677,0.397747,0.796563
2026-04-02T12:30:23.247420,3143170,16.370677,0.358745,0.774721
2026-04-02T12:30:23.250509,3143763,16.373766,0.383469,0.774600
2026-04-02T12:30:23.260509,3145683,16.383766,0.394083,0.825030
2026-04-02T12:30:23.284930,3146276,16.386854,0.423653,0.806969
2026-04-02T12:30:23.294930,3148196,16.396854,0.408147,0.777842
2026-04-02T12:30:23.298018,3148789,16.399943,0.387040,0.829088
2026-04-02T12:30:23.308018,3150709,16.409943,0.386330,0.803578
2026-04-02T12:30:23.289774,3151302,16.413031,0.417907,0.767476
2026-04-02T12:30:23.299774,3153222,16.423031,0.425696,0.833886
2026-04-02T12:30:23.302862,3153815,16.426120,0.403839,0.790009
2026-04-02T12:30:23.312862,3155735,16.436120,0.406874,0.817986
2026-04-02T12:30:23.337283,3156328,16.439208,0.358445,0.799663
2026-04-02T12:30:23.347283,3158248,16.449208,0.392752,0.790679
2026-04-02T12:30:23.350372,3158841,16.452297,0.420951,0.827785
2026-04-02T12:30:23.360372,3160761,16.462297,0.355402,0.807877
2026-04-02T12:30:23.342127,3161354,16.465385,0.428971,0.772310
2026-04-02T12:30:23.352127,3163274,16.475385,0.386232,0.810433
2026-04-02T12:30:23.355216,3163867,16.478474,0.402854,0.805247
2026-04-02T12:30:23.365216,3165787,16.488474,0.412189,0.806610
2026-04-02T12:30:23.389637,3166380,16.491563,0.370342,0.830914
2026-04-02T12:30:23.399637,3168300,16.501562,0.392633,0.757879
2026-04-02T12:30:23.402725,3168893,16.504651,0.365375,0.800856
2026-04-02T12:30:23.412725,3170813,16.514651,0.428089,0.770279
2026-04-02T12:30:23.394480,3171406,16.517740,0.402140,0.821825
2026-04-02T12:30:23.404480,3173326,16.527740,0.380663,0.792813
2026-04-02T12:30:23.407569,3173919,16.530828,0.410767,0.822832
2026-04-02T12:30:23.417569,3175839,16.540828,0.427847,0.786602
2026-04-02T12:30:23.441990,3176432,16.543917,0.409339,0.801764
2026-04-02T12:30:23.451990,3178352,16.553917,0.385331,0.792283
2026-04-02T12:30:23.455079,3178945,16.557005,0.418564,0.817540
2026-04-02T12:30:23.465079,3180865,16.567005,0.420952,0.858958
2026-04-02T12:30:23.446834,3181458,16.570094,0.392057,0.763734
2026-04-02T12:30:23.456834,3183378,16.580094,0.400458,0.821762
2026-04-02T12:30:23.459922,3183971,16.583182,0.402668,0.816066
2026-04-02T12:30:23.469922,3185891,16.593182,0.382774,0.802734
2026-04-02T12:30:23.494344,3186484,16.596271,0.395038,0.801716
2026-04-02T12:30:23.504344,3188404,16.606271,0.400483,0.831279
2026-04-02T12:30:23.507432,3188997,16.609359,0.388806,0.860350
2026-04-02T12:30:23.517432,3190917,16.619359,0.402442,0.801853
2026-04-02T12:30:23.499188,3191510,16.622448,0.402506,0.784381
2026-04-02T12:30:23.509188,3193430,16.632448,0.427147,0.781277
2026-04-02T12:30:23.512276,3194023,16.635536,0.434222,0.763156
2026-04-02T12:30:23.522276,3195943,16.645536,0.394395,0.789441
2026-04-02T12:30:23.546697,3196536,16.648625,0.367025,0.783876
2026-04-02T12:30:23.556697,3198456,16.658625,0.420254,0.768417
2026-04-02T12:30:23.559786,3199049,16.661714,0.387256,0.791512
2026-04-02T12:30:23.569786,3200969,16.671714,0.373561,0.820811
2026-04-02T12:30:23.551541,3201562,16.674802,0.358068,0.837246
2026-04-02T12:30:23.561541,3203482,16.684802,0.405112,0.813366
2026-04-02T12:30:23.564630,3204075,16.687891,0.359790,0.807393
2026-04-02T12:30:23.574630,3205995,16.697891,0.374615,0.833898
2026-04-02T12:30:23.599051,3206588,16.700979,0.418325,0.797357
2026-04-02T12:30:23.609051,3208508,16.710979,0.425998,0.775063
2026-04-02T12:30:23.612139,3209101,16.714068,0.400383,0.786429
2026-04-02T12:30:23.622139,3211021,16.724068,0.434481,0.800423
2026-04-02T12:30:23.603894,3211614,16.727156,0.395897,0.788258
2026-04-02T12:30:23.613894,3213534,16.737156,0.387737,0.793395
2026-04-02T12:30:23.616983,3214127,16.740245,0.378584,0.788891
2026-04-02T12:30:23.626983,3216047,16.750245,0.445821,0.788537
2026-04-02T12:30:23.651404,3216640,16.753333,0.414896,0.755819
2026-04-02T12:30:23.661404,3218560,16.763333,0.372025,0.763415
2026-04-02T12:30:23.664493,3219153,16.766422,0.411697,0.798453
2026-04-02T12:30:23.674493,3221073,16.776422,0.387656,0.828565
2026-04-02T12:30:23.656248,3221666,16.779510,0.394721,0.763895
2026-04-02T12:30:23.666248,3223586,16.789510,0.422343,0.790308
2026-04-02T12:30:23.669336,3224179,16.792599,0.423580,0.790629
2026-04-02T12:30:23.679336,3226099,16.802599,0.421093,0.853528
2026-04-02T12:30:23.703758,3226692,16.805688,0.418403,0.773119
2026-04-02T12:30:23.713758,3228612,16.815687,0.401212,0.781875
2026-04-02T12:30:23.716846,3229205,16.818776,0.386368,0.802546
2026-04-02T12:30:23.726846,3231125,16.828776,0.412893,0.828837
2026-04-02T12:30:23.708601,3231718,16.831865,0.407287,0.803394
2026-04-02T12:30:23.718601,3233638,16.841865,0.398083,0.763904
2026-04-02T12:30:23.721690,3234231,16.844953,0.421353,0.810704
2026-04-02T12:30:23.731690,3236151,16.854953,0.440417,0.842916
2026-04-02T12:30:23.756111,3236744,16.858042,0.362751,0.814617
2026-04-02T12:30:23.766111,3238664,16.868042,0.428929,0.794709
2026-04-02T12:30:23.769200,3239257,16.871130,0.426185,0.753496
2026-04-02T12:30:23.779200,3241177,16.881130,0.433475,0.773096
2026-04-02T12:30:23.760955,3241770,16.884219,0.426350,0.770583
2026-04-02T12:30:23.770955,3243690,16.894219,0.403420,0.812274
2026-04-02T12:30:23.774043,3244283,16.897307,0.378779,0.818457
2026-04-02T12:30:23.784043,3246203,16.907307,0.377871,0.823207
2026-04-02T12:30:23.808464,3246796,16.910396,0.358787,0.819483
2026-04-02T12:30:23.818464,3248716,16.920396,0.369838,0.782358
2026-04-02T12:30:23.821553,3249309,16.923484,0.424539,0.821929
2026-04-02T12:30:23.831553,3251229,16.933484,0.307834,0.774227
2026-04-02T12:30:23.813308,3251822,16.936573,0.431929,0.819409
2026-04-02T12:30:23.823308,3253742,16.946573,0.387272,0.789315
2026-04-02T12:30:23.826397,3254335,16.949661,0.406865,0.785640
2026-04-02T12:30:23.836397,3256255,16.959661,0.379697,0.785739
2026-04-02T12:30:23.860818,3256848,16.962750,0.409456,0.787784
2026-04-02T12:30:23.870818,3258768,16.972750,0.374411,0.770390
2026-04-02T12:30:23.873906,3259361,16.975839,0.412425,0.825219
2026-04-02T12:30:23.883906,3261281,16.985839,0.402526,0.794064
2026-04-02T12:30:23.865662,3261874,16.988927,0.382039,0.824932
2026-04-02T12:30:23.875662,3263794,16.998927,0.416481,0.789014
2026-04-02T12:30:23.878750,3264387,17.002016,0.419251,0.789576
2026-04-02T12:30:23.888750,3266307,17.012016,0.390091,0.814436
2026-04-02T12:30:23.913171,3266900,17.015104,0.360096,0.841733
2026-04-02T12:30:23.923171,3268820,17.025104,0.397569,0.798060
2026-04-02T12:30:23.926260,3269413,17.028193,0.438310,0.778536
2026-04-02T12:30:23.936260,3271333,17.038193,0.406044,0.807496
2026-04-02T12:30:23.918015,3271926,17.041281,0.391591,0.821247
2026-04-02T12:30:23.928015,3273846,17.051281,0.355585,0.785209
2026-04-02T12:30:23.931104,3274439,17.054370,0.372928,0.793722
2026-04-02T12:30:23.941104,3276359,17.064370,0.391395,0.800493
2026-04-02T12:30:23.965525,3276952,17.067458,0.411151,0.726395
2026-04-02T12:30:23.975525,3278872,17.077458,0.374011,0.808335
2026-04-02T12:30:23.978613,3279465,17.080547,0.345291,0.807016
2026-04-02T12:30:23.988613,3281385,17.090547,0.386523,0.792216
2026-04-02T12:30:23.970368,3281978,17.093635,0.411319,0.813879
2026-04-02T12:30:23.980368,3283898,17.103635,0.403985,0.815087
2026-04-02T12:30:23.983457,3284491,17.106724,0.368802,0.806178
2026-04-02T12:30:23.993457,3286411,17.116724,0.372227,0.800327
2026-04-02T12:30:24.017878,3287004,17.119812,0.417463,0.762883
2026-04-02T12:30:24.027878,3288924,17.129812,0.402481,0.789918
2026-04-02T12:30:24.030967,3289517,17.132901,0.374462,0.780589
2026-04-02T12:30:24.040967,3291437,17.142901,0.403234,0.774604
2026-04-02T12:30:24.022722,3292030,17.145990,0.401376,0.800514
2026-04-02T12:30:24.032722,3293950,17.155990,0.431013,0.838715
2026-04-02T12:30:24.035810,3294543,17.159078,0.449488,0.790374
2026-04-02T12:30:24.045810,3296463,17.169078,0.445048,0.799169
2026-04-02T12:30:24.070232,3297056,17.172167,0.377359,0.834051
2026-04-02T12:30:24.080232,3298976,17.182167,0.393112,0.771460
2026-04-02T12:30:24.083320,3299569,17.185255,0.397923,0.761498
2026-04-02T12:30:24.093320,3301489,17.195255,0.405338,0.786208
2026-04-02T12:30:24.075075,3302082,17.198344,0.413710,0.789795
2026-04-02T12:30:24.085075,3304002,17.208344,0.417540,0.809331
2026-04-02T12:30:24.088164,3304595,17.211432,0.392248,0.785212
2026-04-02T12:30:24.098164,3306515,17.221432,0.408126,0.786386
2026-04-02T12:30:24.122585,3307108,17.224521,0.425420,0.830135
2026-04-02T12:30:24.132585,3309028,17.234521,0.406379,0.798832
2026-04-02T12:30:24.135674,3309621,17.237609,0.414228,0.836352
2026-04-02T12:30:24.145674,3311541,17.247609,0.426273,0.791385
2026-04-02T12:30:24.127429,3312134,17.250698,0.382083,0.803869
2026-04-02T12:30:24.137429,3314054,17.260698,0.406687,0.808604
2026-04-02T12:30:24.140517,3314647,17.263786,0.424067,0.788082
2026-04-02T12:30:24.150517,3316567,17.273786,0.417003,0.842804
2026-04-02T12:30:24.174939,3317160,17.276875,0.417445,0.788172
2026-04-02T12:30:24.184939,3319080,17.286875,0.339942,0.818537
2026-04-02T12:30:24.188027,3319673,17.289964,0.410378,0.766258
2026-04-02T12:30:24.198027,3321593,17.299964,0.421923,0.804753
2026-04-02T12:30:24.179782,3322186,17.303052,0.434569,0.822598
2026-04-02T12:30:24.189782,3324106,17.313052,0.402878,0.777318
2026-04-02T12:30:24.192871,3324699,17.316141,0.409460,0.761226
2026-04-02T12:30:24.202871,3326619,17.326141,0.406414,0.799570
2026-04-02T12:30:24.227292,3327212,17.329229,0.399592,0.771350
2026-04-02T12:30:24.237292,3329132,17.339229,0.444494,0.736385
2026-04-02T12:30:24.240381,3329725,17.342318,0.372511,0.774996
2026-04-02T12:30:24.250381,3331645,17.352318,0.429672,0.814444
2026-04-02T12:30:24.232136,3332238,17.355406,0.403907,0.818071
2026-04-02T12:30:24.242136,3334158,17.365406,0.447773,0.816570
2026-04-02T12:30:24.245224,3334751,17.368495,0.405352,0.823318
2026-04-02T12:30:24.255224,3336671,17.378495,0.420931,0.814735
2026-04-02T12:30:24.279645,3337264,17.381583,0.395523,0.787744
2026-04-02T12:30:24.289645,3339184,17.391583,0.384447,0.833040
2026-04-02T12:30:24.292734,3339777,17.394672,0.372841,0.819380
2026-04-02T12:30:24.302734,3341697,17.404672,0.399750,0.780499
2026-04-02T12:30:24.284489,3342290,17.407760,0.388429,0.784977
2026-04-02T12:30:24.294489,3344210,17.417760,0.442433,0.780938
2026-04-02T12:30:24.297578,3344803,17.420849,0.408785,0.821417
2026-04-02T12:30:24.307578,3346723,17.430849,0.340254,0.801578
2026-04-02T12:30:24.331999,3347316,17.433937,0.391206,0.818727
2026-04-02T12:30:24.341999,3349236,17.443938,0.436592,0.764259
2026-04-02T12:30:24.345087,3349829,17.447026,0.455953,0.789193
2026-04-02T12:30:24.355087,3351749,17.457026,0.426865,0.771393
2026-04-02T12:30:24.336843,3352342,17.460115,0.400798,0.808351
2026-04-02T12:30:24.346843,3354262,17.470115,0.401763,0.735852
2026-04-02T12:30:24.349931,3354855,17.473203,0.380503,0.784626
2026-04-02T12:30:24.359931,3356775,17.483203,0.369536,0.798601
2026-04-02T12:30:24.384352,3357368,17.486292,0.386104,0.754749
2026-04-02T12:30:24.394352,3359288,17.496292,0.414898,0.797592
2026-04-02T12:30:24.397441,3359881,17.499380,0.401639,0.776144
2026-04-02T12:30:24.407441,3361801,17.509380,0.389094,0.781830
2026-04-02T12:30:24.389196,3362394,17.512469,0.396789,0.789632
2026-04-02T12:30:24.399196,3364314,17.522469,0.385274,0.777801
2026-04-02T12:30:24.402285,3364907,17.525557,0.364094,0.786314
2026-04-02T12:30:24.412285,3366827,17.535557,0.403779,0.814416
2026-04-02T12:30:24.436706,3367420,17.538646,0.391399,0.759459
2026-04-02T12:30:24.446706,3369340,17.548646,0.431075,0.816960
2026-04-02T12:30:24.449794,3369933,17.551734,0.392113,0.811469
2026-04-02T12:30:24.459794,3371853,17.561734,0.414028,0.819911
2026-04-02T12:30:24.441550,3372446,17.564823,0.389078,0.787319
2026-04-02T12:30:24.451550,3374366,17.574823,0.393188,0.811362
2026-04-02T12:30:24.454638,3374959,17.577911,0.413711,0.802672
2026-04-02T12:30:24.464638,3376879,17.587911,0.389298,0.766297
2026-04-02T12:30:24.489059,3377472,17.591000,0.367702,0.828566
2026-04-02T12:30:24.499059,3379392,17.601000,0.374692,0.751351
2026-04-02T12:30:24.502148,3379985,17.604089,0.383494,0.864518
2026-04-02T12:30:24.512148,3381905,17.614089,0.417470,0.784693
2026-04-02T12:30:24.493903,3382498,17.617177,0.427273,0.792107
2026-04-02T12:30:24.503903,3384418,17.627177,0.392075,0.811358
2026-04-02T12:30:24.506992,3385011,17.630266,0.392072,0.766197
2026-04-02T12:30:24.516992,3386931,17.640266,0.430670,0.789409
2026-04-02T12:30:24.541413,3387524,17.643354,0.402742,0.812902
2026-04-02T12:30:24.551413,3389444,17.653354,0.411633,0.782884
2026-04-02T12:30:24.554501,3390037,17.656443,0.415845,0.784407
2026-04-02T12:30:24.564501,3391957,17.666443,0.382746,0.809470
2026-04-02T12:30:24.546256,3392550,17.669531,0.392664,0.778490
2026-04-02T12:30:24.556256,3394470,17.679531,0.432570,0.815100
2026-04-02T12:30:24.559345,3395063,17.682620,0.371605,0.847320
2026-04-02T12:30:24.569345,3396983,17.692620,0.400447,0.759254
2026-04-02T12:30:24.593766,3397576,17.695708,0.438505,0.823787
2026-04-02T12:30:24.603766,3399496,17.705708,0.394625,0.807219
2026-04-02T12:30:24.606855,3400089,17.708797,0.405558,0.804951
2026-04-02T12:30:24.616855,3402009,17.718797,0.426199,0.779124
2026-04-02T12:30:24.598610,3402602,17.721885,0.387109,0.814646
2026-04-02T12:30:24.608610,3404522,17.731885,0.393784,0.816562
2026-04-02T12:30:24.611698,3405115,17.734974,0.411400,0.800306
2026-04-02T12:30:24.621698,3407035,17.744974,0.432758,0.808954
2026-04-02T12:30:24.646120,3407628,17.748062,0.421638,0.749331
2026-04-02T12:30:24.656120,3409548,17.758063,0.413466,0.788553
2026-04-02T12:30:24.659208,3410141,17.761151,0.412985,0.795446
2026-04-02T12:30:24.669208,3412061,17.771151,0.371085,0.745540
2026-04-02T12:30:24.650963,3412654,17.774240,0.385813,0.835349
2026-04-02T12:30:24.660963,3414574,17.784240,0.358974,0.822699
2026-04-02T12:30:24.664052,3415167,17.787328,0.391956,0.804716
2026-04-02T12:30:24.674052,3417087,17.797328,0.415041,0.818786
2026-04-02T12:30:24.698473,3417680,17.800417,0.392611,0.819964
2026-04-02T12:30:24.708473,3419600,17.810417,0.429326,0.784546
2026-04-02T12:30:24.711562,3420193,17.813505,0.431654,0.765768
2026-04-02T12:30:24.721562,3422113,17.823505,0.423109,0.753066
2026-04-02T12:30:24.703317,3422706,17.826594,0.387098,0.799200
2026-04-02T12:30:24.713317,3424626,17.836594,0.408773,0.786968
2026-04-02T12:30:24.716405,3425219,17.839682,0.411896,0.772141
2026-04-02T12:30:24.726405,3427139,17.849682,0.360196,0.815093
2026-04-02T12:30:24.750827,3427732,17.852771,0.381376,0.802043
2026-04-02T12:30:24.760827,3429652,17.862771,0.411529,0.811826
2026-04-02T12:30:24.763915,3430245,17.865859,0.440064,0.837151
2026-04-02T12:30:24.773915,3432165,17.875859,0.417561,0.796451
2026-04-02T12:30:24.755670,3432758,17.878948,0.401906,0.804232
2026-04-02T12:30:24.765670,3434678,17.888948,0.416492,0.811079
2026-04-02T12:30:24.768759,3435271,17.892036,0.409960,0.764358
2026-04-02T12:30:24.778759,3437191,17.902036,0.371215,0.792295
2026-04-02T12:30:24.803180,3437784,17.905125,0.407495,0.783898
2026-04-02T12:30:24.813180,3439704,17.915125,0.433185,0.838416
2026-04-02T12:30:24.816269,3440297,17.918214,0.347322,0.808927
2026-04-02T12:30:24.826269,3442217,17.928214,0.383621,0.855123
2026-04-02T12:30:24.808024,3442810,17.931302,0.382103,0.765405
2026-04-02T12:30:24.818024,3444730,17.941302,0.408600,0.822574
2026-04-02T12:30:24.821112,3445323,17.944391,0.407159,0.795193
2026-04-02T12:30:24.831112,3447243,17.954391,0.395382,0.752055
2026-04-02T12:30:24.855533,3447836,17.957479,0.407774,0.773627
2026-04-02T12:30:24.865533,3449756,17.967479,0.377681,0.797470
2026-04-02T12:30:24.868622,3450349,17.970568,0.396269,0.794013
2026-04-02T12:30:24.878622,3452269,17.980568,0.364039,0.764580
2026-04-02T12:30:24.860377,3452862,17.983656,0.369057,0.788231
2026-04-02T12:30:24.870377,3454782,17.993656,0.363519,0.793639
2026-04-02T12:30:24.873465,3455375,17.996745,0.478613,0.803526
2026-04-02T12:30:24.883465,3457295,18.006745,0.401252,0.791415
2026-04-02T12:30:24.907887,3457888,18.009833,0.401340,0.754933
2026-04-02T12:30:24.917887,3459808,18.019833,0.395179,0.771849
2026-04-02T12:30:24.920975,3460401,18.022922,0.374275,0.836763
2026-04-02T12:30:24.930975,3462321,18.032922,0.400615,0.810459
2026-04-02T12:30:24.912730,3462914,18.036010,0.383591,0.801170
2026-04-02T12:30:24.922730,3464834,18.046010,0.432586,0.807638
2026-04-02T12:30:24.925819,3465427,18.049099,0.403567,0.800280
2026-04-02T12:30:24.935819,3467347,18.059099,0.376177,0.747788
2026-04-02T12:30:24.960240,3467940,18.062188,0.440347,0.818536
2026-04-02T12:30:24.970240,3469860,18.072187,0.403412,0.843902
2026-04-02T12:30:24.973329,3470453,18.075276,0.385257,0.824080
2026-04-02T12:30:24.983329,3472373,18.085276,0.397361,0.824399
2026-04-02T12:30:24.965084,3472966,18.088365,0.420643,0.771297
2026-04-02T12:30:24.975084,3474886,18.098365,0.390338,0.791137
2026-04-02T12:30:24.978172,3475479,18.101453,0.355780,0.826313
2026-04-02T12:30:24.988172,3477399,18.111453,0.383304,0.768631
2026-04-02T12:30:25.012594,3477992,18.114542,0.427643,0.790846
2026-04-02T12:30:25.022594,3479912,18.124542,0.414461,0.799447
2026-04-02T12:30:25.025682,3480505,18.127630,0.387175,0.846251
2026-04-02T12:30:25.035682,3482425,18.137630,0.369225,0.771780
2026-04-02T12:30:25.017437,3483018,18.140719,0.395528,0.811799
2026-04-02T12:30:25.027437,3484938,18.150719,0.353968,0.761163
2026-04-02T12:30:25.030526,3485531,18.153807,0.418882,0.793800
2026-04-02T12:30:25.040526,3487451,18.163807,0.388525,0.799688
2026-04-02T12:30:25.064947,3488044,18.166896,0.433567,0.809933
2026-04-02T12:30:25.074947,3489964,18.176896,0.387088,0.795773
2026-04-02T12:30:25.078036,3490557,18.179984,0.411607,0.775974
2026-04-02T12:30:25.088036,3492477,18.189984,0.397904,0.768679
2026-04-02T12:30:25.069791,3493070,18.193073,0.408297,0.771757
2026-04-02T12:30:25.079791,3494990,18.203073,0.429533,0.780727
2026-04-02T12:30:25.082879,3495583,18.206161,0.374839,0.767280
2026-04-02T12:30:25.092879,3497503,18.216161,0.396421,0.780809
2026-04-02T12:30:25.117300,3498096,18.219250,0.358454,0.824819
2026-04-02T12:30:25.127300,3500016,18.229250,0.373087,0.773439
2026-04-02T12:30:25.130389,3500609,18.232339,0.386048,0.823474
2026-04-02T12:30:25.140389,3502529,18.242339,0.362802,0.786441
2026-04-02T12:30:25.122144,3503122,18.245427,0.426202,0.754673
2026-04-02T12:30:25.132144,3505042,18.255427,0.471973,0.802988
2026-04-02T12:30:25.135233,3505635,18.258516,0.396339,0.757925
2026-04-02T12:30:25.145233,3507555,18.268516,0.424374,0.818128
2026-04-02T12:30:25.169654,3508148,18.271604,0.399119,0.800510
2026-04-02T12:30:25.179654,3510068,18.281604,0.393888,0.748489
2026-04-02T12:30:25.182742,3510661,18.284693,0.424258,0.805242
2026-04-02T12:30:25.192742,3512581,18.294693,0.369670,0.793930
2026-04-02T12:30:25.174498,3513174,18.297781,0.398770,0.829058
2026-04-02T12:30:25.184498,3515094,18.307781,0.392260,0.825807
2026-04-02T12:30:25.187586,3515687,18.310870,0.393324,0.810479
2026-04-02T12:30:25.197586,3517607,18.320870,0.389306,0.802054
2026-04-02T12:30:25.222008,3518200,18.323958,0.382858,0.804678
2026-04-02T12:30:25.232008,3520120,18.333958,0.449185,0.774786
2026-04-02T12:30:25.235096,3520713,18.337047,0.362540,0.793813
2026-04-02T12:30:25.245096,3522633,18.347047,0.392360,0.792502
2026-04-02T12:30:25.226851,3523226,18.350135,0.455041,0.843775
2026-04-02T12:30:25.236851,3525146,18.360135,0.394100,0.789280
2026-04-02T12:30:25.239940,3525739,18.363224,0.398419,0.764999
2026-04-02T12:30:25.249940,3527659,18.373224,0.412520,0.822216
2026-04-02T12:30:25.274361,3528252,18.376313,0.378072,0.797936
2026-04-02T12:30:25.284361,3530172,18.386312,0.410313,0.800855
2026-04-02T12:30:25.287450,3530765,18.389401,0.434467,0.806663
2026-04-02T12:30:25.297450,3532685,18.399401,0.394927,0.862104
2026-04-02T12:30:25.279205,3533278,18.402490,0.392369,0.834591
2026-04-02T12:30:25.289205,3535198,18.412490,0.421251,0.779470
2026-04-02T12:30:25.292293,3535791,18.415578,0.437477,0.812323
2026-04-02T12:30:25.302293,3537711,18.425578,0.430005,0.811512
2026-04-02T12:30:25.326715,3538304,18.428667,0.401977,0.772449
2026-04-02T12:30:25.336715,3540224,18.438667,0.412525,0.852743
2026-04-02T12:30:25.339803,3540817,18.441755,0.422194,0.822225
2026-04-02T12:30:25.349803,3542737,18.451755,0.394619,0.811759
2026-04-02T12:30:25.331558,3543330,18.454844,0.403841,0.736741
2026-04-02T12:30:25.341558,3545250,18.464844,0.406707,0.810073
2026-04-02T12:30:25.344647,3545843,18.467932,0.385325,0.800353
2026-04-02T12:30:25.354647,3547763,18.477932,0.346436,0.788260
2026-04-02T12:30:25.379068,3548356,18.481021,0.425471,0.800658
2026-04-02T12:30:25.389068,3550276,18.491021,0.395478,0.807622
2026-04-02T12:30:25.392157,3550869,18.494109,0.392802,0.832569
2026-04-02T12:30:25.402157,3552789,18.504109,0.407891,0.818556
2026-04-02T12:30:25.383912,3553382,18.507198,0.383960,0.833063
2026-04-02T12:30:25.393912,3555302,18.517198,0.392270,0.769628
2026-04-02T12:30:25.397000,3555895,18.520286,0.377496,0.796808
2026-04-02T12:30:25.407000,3557815,18.530286,0.338012,0.788905
2026-04-02T12:30:25.431421,3558408,18.533375,0.414584,0.823917
2026-04-02T12:30:25.441421,3560328,18.543375,0.430815,0.742389
2026-04-02T12:30:25.444510,3560921,18.546464,0.424598,0.803394
2026-04-02T12:30:25.454510,3562841,18.556464,0.402053,0.778025
2026-04-02T12:30:25.436265,3563434,18.559552,0.383643,0.769433
2026-04-02T12:30:25.446265,3565354,18.569552,0.400671,0.760641
2026-04-02T12:30:25.449354,3565947,18.572641,0.403174,0.875374
2026-04-02T12:30:25.459354,3567867,18.582641,0.393098,0.864384
2026-04-02T12:30:25.483775,3568460,18.585729,0.316045,0.807605
2026-04-02T12:30:25.493775,3570380,18.595729,0.389774,0.840133
2026-04-02T12:30:25.496863,3570973,18.598818,0.399681,0.796519
2026-04-02T12:30:25.506863,3572893,18.608818,0.402348,0.805726
2026-04-02T12:30:25.488619,3573486,18.611906,0.372727,0.768527
2026-04-02T12:30:25.498619,3575406,18.621906,0.363104,0.858998
2026-04-02T12:30:25.501707,3575999,18.624995,0.448760,0.814646
2026-04-02T12:30:25.511707,3577919,18.634995,0.432079,0.825553
2026-04-02T12:30:25.536128,3578512,18.638083,0.370920,0.798465
2026-04-02T12:30:25.546128,3580432,18.648083,0.408488,0.799248
2026-04-02T12:30:25.549217,3581025,18.651172,0.401031,0.799855
2026-04-02T12:30:25.559217,3582945,18.661172,0.407634,0.788033
2026-04-02T12:30:25.540972,3583538,18.664260,0.370255,0.794069
2026-04-02T12:30:25.550972,3585458,18.674260,0.428467,0.808520
2026-04-02T12:30:25.554061,3586051,18.677349,0.359760,0.813559
2026-04-02T12:30:25.564061,3587971,18.687349,0.375768,0.803086
2026-04-02T12:30:25.588482,3588564,18.690438,0.388533,0.783368
2026-04-02T12:30:25.598482,3590484,18.700437,0.389051,0.837495
2026-04-02T12:30:25.601570,3591077,18.703526,0.410827,0.809182
2026-04-02T12:30:25.611570,3592997,18.713526,0.442569,0.755021
2026-04-02T12:30:25.593326,3593590,18.716615,0.424265,0.770612
2026-04-02T12:30:25.603326,3595510,18.726615,0.414914,0.807961
2026-04-02T12:30:25.606414,3596103,18.729703,0.433702,0.834105
2026-04-02T12:30:25.616414,3598023,18.739703,0.409261,0.796367
2026-04-02T12:30:25.640835,3598616,18.742792,0.384036,0.804616
2026-04-02T12:30:25.650835,3600536,18.752792,0.369924,0.831404
2026-04-02T12:30:25.653924,3601129,18.755880,0.388095,0.818895
2026-04-02T12:30:25.663924,3603049,18.765880,0.407891,0.822114
2026-04-02T12:30:25.645679,3603642,18.768969,0.421788,0.816644
2026-04-02T12:30:25.655679,3605562,18.778969,0.428937,0.822855
2026-04-02T12:30:25.658768,3606155,18.782057,0.356232,0.789702
2026-04-02T12:30:25.668768,3608075,18.792057,0.401438,0.776697
2026-04-02T12:30:25.693189,3608668,18.795146,0.370840,0.827575
2026-04-02T12:30:25.703189,3610588,18.805146,0.399116,0.810424
2026-04-02T12:30:25.706277,3611181,18.808234,0.433184,0.741379
2026-04-02T12:30:25.716277,3613101,18.818234,0.368934,0.804741
2026-04-02T12:30:25.698033,3613694,18.821323,0.390447,0.787393
2026-04-02T12:30:25.708033,3615614,18.831323,0.414097,0.814998
2026-04-02T12:30:25.711121,3616207,18.834411,0.365333,0.783137
2026-04-02T12:30:25.721121,3618127,18.844411,0.353204,0.800495
2026-04-02T12:30:25.745542,3618720,18.847500,0.404411,0.781488
2026-04-02T12:30:25.755542,3620640,18.857500,0.406346,0.808516
2026-04-02T12:30:25.758631,3621233,18.860589,0.413710,0.831345
2026-04-02T12:30:25.768631,3623153,18.870589,0.410711,0.808869
2026-04-02T12:30:25.750386,3623746,18.873677,0.426872,0.821583
2026-04-02T12:30:25.760386,3625666,18.883677,0.394332,0.798107
2026-04-02T12:30:25.763475,3626259,18.886766,0.383335,0.795856
2026-04-02T12:30:25.773475,3628179,18.896766,0.363073,0.811138
2026-04-02T12:30:25.797896,3628772,18.899854,0.415546,0.818650
2026-04-02T12:30:25.807896,3630692,18.909854,0.387944,0.799861
2026-04-02T12:30:25.810984,3631285,18.912943,0.391683,0.749130
2026-04-02T12:30:25.820984,3633205,18.922943,0.396720,0.807380
2026-04-02T12:30:25.802739,3633798,18.926031,0.440578,0.845648
2026-04-02T12:30:25.812739,3635718,18.936031,0.415088,0.812952
2026-04-02T12:30:25.815828,3636311,18.939120,0.406949,0.726600
2026-04-02T12:30:25.825828,3638231,18.949120,0.410299,0.840660
2026-04-02T12:30:25.850249,3638824,18.952208,0.410190,0.816837
2026-04-02T12:30:25.860249,3640744,18.962208,0.404895,0.804058
2026-04-02T12:30:25.863338,3641337,18.965297,0.393466,0.833034
2026-04-02T12:30:25.873338,3643257,18.975297,0.453484,0.786736
2026-04-02T12:30:25.855093,3643850,18.978385,0.400735,0.802257
2026-04-02T12:30:25.865093,3645770,18.988385,0.400644,0.809125
2026-04-02T12:30:25.868181,3646363,18.991474,0.413423,0.757298
2026-04-02T12:30:25.878181,3648283,19.001474,0.393679,0.774414
2026-04-02T12:30:25.902602,3648876,19.004562,0.389923,0.779872
2026-04-02T12:30:25.912602,3650796,19.014563,0.338274,0.798423
2026-04-02T12:30:25.915691,3651389,19.017651,0.402517,0.836475
2026-04-02T12:30:25.925691,3653309,19.027651,0.370403,0.800861
2026-04-02T12:30:25.907446,3653902,19.030740,0.406161,0.808872
2026-04-02T12:30:25.917446,3655822,19.040740,0.380498,0.792132
2026-04-02T12:30:25.920535,3656415,19.043828,0.420731,0.760106
2026-04-02T12:30:25.930535,3658335,19.053828,0.360859,0.774481
2026-04-02T12:30:25.954956,3658928,19.056917,0.371896,0.783232
2026-04-02T12:30:25.964956,3660848,19.066917,0.401646,0.816061
2026-04-02T12:30:25.968044,3661441,19.070005,0.417132,0.819818
2026-04-02T12:30:25.978044,3663361,19.080005,0.393229,0.805612
2026-04-02T12:30:25.959800,3663954,19.083094,0.388034,0.782663
2026-04-02T12:30:25.969800,3665874,19.093094,0.431455,0.824530
2026-04-02T12:30:25.972888,3666467,19.096182,0.412726,0.765322
2026-04-02T12:30:25.982888,3668387,19.106182,0.399943,0.801477
2026-04-02T12:30:26.007309,3668980,19.109271,0.371525,0.799672
2026-04-02T12:30:26.017309,3670900,19.119271,0.410538,0.842761
2026-04-02T12:30:26.020398,3671493,19.122359,0.384163,0.829893
2026-04-02T12:30:26.030398,3673413,19.132359,0.433096,0.796465
2026-04-02T12:30:26.012153,3674006,19.135448,0.406215,0.788367
2026-04-02T12:30:26.022153,3675926,19.145448,0.441220,0.814068
2026-04-02T12:30:26.025242,3676519,19.148536,0.393481,0.785966
2026-04-02T12:30:26.035242,3678439,19.158536,0.383968,0.816858
2026-04-02T12:30:26.059663,3679032,19.161625,0.412111,0.808418
2026-04-02T12:30:26.069663,3680952,19.171625,0.366825,0.751151
2026-04-02T12:30:26.072751,3681545,19.174714,0.360156,0.838459
2026-04-02T12:30:26.082751,3683465,19.184714,0.373784,0.846489
2026-04-02T12:30:26.064506,3684058,19.187802,0.394540,0.799826
2026-04-02T12:30:26.074506,3685978,19.197802,0.417620,0.793463
2026-04-02T12:30:26.077595,3686571,19.200891,0.399521,0.776338
2026-04-02T12:30:26.087595,3688491,19.210891,0.380016,0.808904
2026-04-02T12:30:26.112016,3689084,19.213979,0.404693,0.819759
2026-04-02T12:30:26.122016,3691004,19.223979,0.377030,0.822166
2026-04-02T12:30:26.125105,3691597,19.227068,0.388075,0.853888
2026-04-02T12:30:26.135105,3693517,19.237068,0.398374,0.795454
2026-04-02T12:30:26.116860,3694110,19.240156,0.405340,0.777168
2026-04-02T12:30:26.126860,3696030,19.250156,0.363189,0.843745
2026-04-02T12:30:26.129948,3696623,19.253245,0.456158,0.785754
2026-04-02T12:30:26.139948,3698543,19.263245,0.401458,0.807803
2026-04-02T12:30:26.164370,3699136,19.266333,0.431849,0.815382
2026-04-02T12:30:26.174370,3701056,19.276333,0.389022,0.793928
2026-04-02T12:30:26.177458,3701649,19.279422,0.377155,0.773562
2026-04-02T12:30:26.187458,3703569,19.289422,0.428751,0.844315
2026-04-02T12:30:26.169213,3704162,19.292510,0.382571,0.797947
2026-04-02T12:30:26.179213,3706082,19.302510,0.436377,0.830644
2026-04-02T12:30:26.182302,3706675,19.305599,0.405878,0.827133
2026-04-02T12:30:26.192302,3708595,19.315599,0.393594,0.850313
2026-04-02T12:30:26.216723,3709188,19.318687,0.396807,0.798751
2026-04-02T12:30:26.226723,3711108,19.328688,0.413794,0.800627
2026-04-02T12:30:26.229812,3711701,19.331776,0.381434,0.783437
2026-04-02T12:30:26.239812,3713621,19.341776,0.367043,0.803501
2026-04-02T12:30:26.221567,3714214,19.344865,0.414777,0.804952
2026-04-02T12:30:26.231567,3716134,19.354865,0.381911,0.801252
2026-04-02T12:30:26.234655,3716727,19.357953,0.413793,0.816088
2026-04-02T12:30:26.244655,3718647,19.367953,0.410108,0.762435
2026-04-02T12:30:26.269077,3719240,19.371042,0.353207,0.790350
2026-04-02T12:30:26.279077,3721160,19.381042,0.376062,0.809540
2026-04-02T12:30:26.282165,3721753,19.384130,0.366069,0.824647
2026-04-02T12:30:26.292165,3723673,19.394130,0.404325,0.776746
2026-04-02T12:30:26.273920,3724266,19.397219,0.385307,0.805070
2026-04-02T12:30:26.283920,3726186,19.407219,0.409354,0.785409
2026-04-02T12:30:26.287009,3726779,19.410307,0.372608,0.799633
2026-04-02T12:30:26.297009,3728699,19.420307,0.403449,0.827185
2026-04-02T12:30:26.321430,3729292,19.423396,0.414021,0.827630
2026-04-02T12:30:26.331430,3731212,19.433396,0.397724,0.827028
2026-04-02T12:30:26.334519,3731805,19.436484,0.346384,0.778773
2026-04-02T12:30:26.344519,3733725,19.446484,0.410634,0.764383
2026-04-02T12:30:26.326274,3734318,19.449573,0.432299,0.825358
2026-04-02T12:30:26.336274,3736238,19.459573,0.423201,0.786717
2026-04-02T12:30:26.339362,3736831,19.462661,0.370864,0.801987
2026-04-02T12:30:26.349362,3738751,19.472661,0.378877,0.811467
2026-04-02T12:30:26.373784,3739344,19.475750,0.416069,0.774004
2026-04-02T12:30:26.383784,3741264,19.485750,0.412731,0.797201
2026-04-02T12:30:26.386872,3741857,19.488839,0.397095,0.805945
2026-04-02T12:30:26.396872,3743777,19.498839,0.416310,0.793252
2026-04-02T12:30:26.378627,3744370,19.501927,0.419164,0.796318
2026-04-02T12:30:26.388627,3746290,19.511927,0.407976,0.813206
2026-04-02T12:30:26.391716,3746883,19.515016,0.398163,0.824583
2026-04-02T12:30:26.401716,3748803,19.525016,0.406454,0.816467
2026-04-02T12:30:26.426137,3749396,19.528104,0.393855,0.830744
2026-04-02T12:30:26.436137,3751316,19.538104,0.426429,0.788421
2026-04-02T12:30:26.439226,3751909,19.541193,0.400824,0.831176
2026-04-02T12:30:26.449226,3753829,19.551193,0.397914,0.754031
2026-04-02T12:30:26.430981,3754422,19.554281,0.390623,0.814851
2026-04-02T12:30:26.440981,3756342,19.564281,0.373962,0.785427
2026-04-02T12:30:26.444069,3756935,19.567370,0.384758,0.805314
2026-04-02T12:30:26.454069,3758855,19.577370,0.414827,0.829950
2026-04-02T12:30:26.478491,3759448,19.580458,0.382349,0.830284
2026-04-02T12:30:26.488491,3761368,19.590458,0.371636,0.806677
2026-04-02T12:30:26.491579,3761961,19.593547,0.433191,0.754708
2026-04-02T12:30:26.501579,3763881,19.603547,0.402954,0.809240
2026-04-02T12:30:26.483334,3764474,19.606635,0.375118,0.812329
2026-04-02T12:30:26.493334,3766394,19.616635,0.441553,0.760964
2026-04-02T12:30:26.496423,3766987,19.619724,0.404661,0.771593
2026-04-02T12:30:26.506423,3768907,19.629724,0.409185,0.814563
2026-04-02T12:30:26.530844,3769500,19.632812,0.398905,0.812044
2026-04-02T12:30:26.540844,3771420,19.642813,0.435827,0.776838
2026-04-02T12:30:26.543933,3772013,19.645901,0.418333,0.813347
2026-04-02T12:30:26.553933,3773933,19.655901,0.419626,0.792972
2026-04-02T12:30:26.535688,3774526,19.658990,0.401661,0.768059
2026-04-02T12:30:26.545688,3776446,19.668990,0.401126,0.807694
2026-04-02T12:30:26.548776,3777039,19.672078,0.396171,0.851030
2026-04-02T12:30:26.558776,3778959,19.682078,0.432399,0.864340
2026-04-02T12:30:26.583197,3779552,19.685167,0.420135,0.774721
2026-04-02T12:30:26.593197,3781472,19.695167,0.387166,0.808808
2026-04-02T12:30:26.596286,3782065,19.698255,0.361237,0.794327
2026-04-02T12:30:26.606286,3783985,19.708255,0.384125,0.809261
2026-04-02T12:30:26.588041,3784578,19.711344,0.435173,0.812355
2026-04-02T12:30:26.598041,3786498,19.721344,0.385091,0.826358
2026-04-02T12:30:26.601130,3787091,19.724432,0.364345,0.822656
2026-04-02T12:30:26.611130,3789011,19.734432,0.436047,0.845958
2026-04-02T12:30:26.635551,3789604,19.737521,0.422879,0.805256
2026-04-02T12:30:26.645551,3791524,19.747521,0.381542,0.784885
2026-04-02T12:30:26.648639,3792117,19.750609,0.376804,0.785117
2026-04-02T12:30:26.658639,3794037,19.760609,0.378358,0.829783
2026-04-02T12:30:26.640394,3794630,19.763698,0.361591,0.789345
2026-04-02T12:30:26.650394,3796550,19.773698,0.386292,0.760429
2026-04-02T12:30:26.653483,3797143,19.776786,0.407381,0.836506
2026-04-02T12:30:26.663483,3799063,19.786786,0.391433,0.852436
2026-04-02T12:30:26.687904,3799656,19.789875,0.407385,0.796140
2026-04-02T12:30:26.697904,3801576,19.799875,0.460451,0.822938
2026-04-02T12:30:26.700993,3802169,19.802964,0.435815,0.862510
2026-04-02T12:30:26.710993,3804089,19.812964,0.372872,0.769914
2026-04-02T12:30:26.692748,3804682,19.816052,0.429628,0.820764
2026-04-02T12:30:26.702748,3806602,19.826052,0.449669,0.826285
2026-04-02T12:30:26.705836,3807195,19.829141,0.403986,0.761833
2026-04-02T12:30:26.715836,3809115,19.839141,0.389015,0.757805
2026-04-02T12:30:26.740258,3809708,19.842229,0.380665,0.809223
2026-04-02T12:30:26.750258,3811628,19.852229,0.436846,0.815362
2026-04-02T12:30:26.753346,3812221,19.855318,0.417626,0.760591
2026-04-02T12:30:26.763346,3814141,19.865318,0.428927,0.815405
2026-04-02T12:30:26.745101,3814734,19.868406,0.414984,0.820433
2026-04-02T12:30:26.755101,3816654,19.878406,0.455171,0.766499
2026-04-02T12:30:26.758190,3817247,19.881495,0.382738,0.784485
2026-04-02T12:30:26.768190,3819167,19.891495,0.371205,0.811657
2026-04-02T12:30:26.792611,3819760,19.894583,0.409493,0.844221
2026-04-02T12:30:26.802611,3821680,19.904583,0.412837,0.848198
2026-04-02T12:30:26.805700,3822273,19.907672,0.417951,0.792909
2026-04-02T12:30:26.815700,3824193,19.917672,0.374333,0.786681
2026-04-02T12:30:26.797455,3824786,19.920760,0.368269,0.861839
2026-04-02T12:30:26.807455,3826706,19.930760,0.373542,0.818965
2026-04-02T12:30:26.810543,3827299,19.933849,0.388549,0.796768
2026-04-02T12:30:26.820543,3829219,19.943849,0.397744,0.805141
2026-04-02T12:30:26.844965,3829812,19.946938,0.445307,0.832263
2026-04-02T12:30:26.854965,3831732,19.956937,0.355579,0.836468
2026-04-02T12:30:26.858053,3832325,19.960026,0.370175,0.808714
2026-04-02T12:30:26.868053,3834245,19.970026,0.346770,0.842607
2026-04-02T12:30:26.849808,3834838,19.973115,0.451400,0.860856
2026-04-02T12:30:26.859808,3836758,19.983115,0.406831,0.834349
2026-04-02T12:30:26.862897,3837351,19.986203,0.419869,0.814256
2026-04-02T12:30:26.872897,3839271,19.996203,0.359035,0.799964
2026-04-02T12:30:26.897318,3839864,19.999292,0.402222,0.771770
2026-04-02T12:30:26.907318,3841784,20.009292,0.413968,0.793250
2026-04-02T12:30:26.910407,3842377,20.012380,0.399865,0.783596
2026-04-02T12:30:26.920407,3844297,20.022380,0.434136,0.745668
2026-04-02T12:30:26.902162,3844890,20.025469,0.391213,0.766316
2026-04-02T12:30:26.912162,3846810,20.035469,0.379495,0.787270
2026-04-02T12:30:26.915250,3847403,20.038557,0.436383,0.810187
2026-04-02T12:30:26.925250,3849323,20.048557,0.402583,0.789662
2026-04-02T12:30:26.949672,3849916,20.051646,0.430551,0.790222
2026-04-02T12:30:26.959672,3851836,20.061646,0.414669,0.767766
2026-04-02T12:30:26.962760,3852429,20.064734,0.370564,0.806853
2026-04-02T12:30:26.972760,3854349,20.074734,0.459089,0.813014
2026-04-02T12:30:26.954515,3854942,20.077823,0.421633,0.787717
2026-04-02T12:30:26.964515,3856862,20.087823,0.404952,0.793945
2026-04-02T12:30:26.967604,3857455,20.090911,0.408216,0.799556
2026-04-02T12:30:26.977604,3859375,20.100911,0.406212,0.799230
2026-04-02T12:30:27.002025,3859968,20.104000,0.382951,0.811981
2026-04-02T12:30:27.012025,3861888,20.114000,0.360479,0.735141
2026-04-02T12:30:27.015114,3862481,20.117089,0.377067,0.846283
2026-04-02T12:30:27.025114,3864401,20.127089,0.418055,0.776601
2026-04-02T12:30:27.006869,3864994,20.130177,0.363596,0.817820
2026-04-02T12:30:27.016869,3866914,20.140177,0.437403,0.835630
2026-04-02T12:30:27.019957,3867507,20.143266,0.387020,0.813339
2026-04-02T12:30:27.029957,3869427,20.153266,0.425123,0.766696
2026-04-02T12:30:27.054378,3870020,20.156354,0.410012,0.791214
2026-04-02T12:30:27.064378,3871940,20.166354,0.357600,0.818067
2026-04-02T12:30:27.067467,3872533,20.169443,0.360042,0.862926
2026-04-02T12:30:27.077467,3874453,20.179443,0.430255,0.769638
2026-04-02T12:30:27.059222,3875046,20.182531,0.371698,0.784671
2026-04-02T12:30:27.069222,3876966,20.192531,0.416359,0.809436
2026-04-02T12:30:27.072311,3877559,20.195620,0.424546,0.850139
2026-04-02T12:30:27.082311,3879479,20.205620,0.371270,0.778400
2026-04-02T12:30:27.106732,3880072,20.208708,0.403903,0.784272
2026-04-02T12:30:27.116732,3881992,20.218708,0.389938,0.794063
2026-04-02T12:30:27.119820,3882585,20.221797,0.415362,0.785146
2026-04-02T12:30:27.129820,3884505,20.231797,0.379472,0.828937
2026-04-02T12:30:27.111576,3885098,20.234885,0.387045,0.807659
2026-04-02T12:30:27.121576,3887018,20.244885,0.383051,0.782232
2026-04-02T12:30:27.124664,3887611,20.247974,0.423252,0.799866
2026-04-02T12:30:27.134664,3889531,20.257974,0.359836,0.792695
2026-04-02T12:30:27.159085,3890124,20.261063,0.400177,0.804188
2026-04-02T12:30:27.169085,3892044,20.271062,0.407838,0.777867
2026-04-02T12:30:27.172174,3892637,20.274151,0.426178,0.804271
2026-04-02T12:30:27.182174,3894557,20.284151,0.395854,0.796394
2026-04-02T12:30:27.163929,3895150,20.287240,0.395363,0.775129
2026-04-02T12:30:27.173929,3897070,20.297240,0.388033,0.818261
2026-04-02T12:30:27.177018,3897663,20.300328,0.419575,0.787491
2026-04-02T12:30:27.187018,3899583,20.310328,0.427587,0.779919
2026-04-02T12:30:27.211439,3900176,20.313417,0.441510,0.795526
2026-04-02T12:30:27.221439,3902096,20.323417,0.373956,0.813831
2026-04-02T12:30:27.224527,3902689,20.326505,0.387486,0.760905
2026-04-02T12:30:27.234527,3904609,20.336505,0.416042,0.807943
2026-04-02T12:30:27.216283,3905202,20.339594,0.435929,0.848313
2026-04-02T12:30:27.226283,3907122,20.349594,0.409712,0.796948
2026-04-02T12:30:27.229371,3907715,20.352682,0.452008,0.835279
2026-04-02T12:30:27.239371,3909635,20.362682,0.391372,0.803207
2026-04-02T12:30:27.263792,3910228,20.365771,0.353103,0.797501
2026-04-02T12:30:27.273792,3912148,20.375771,0.409751,0.764554
2026-04-02T12:30:27.276881,3912741,20.378859,0.402318,0.782985
2026-04-02T12:30:27.286881,3914661,20.388859,0.362518,0.785560
2026-04-02T12:30:27.268636,3915254,20.391948,0.357551,0.772048
2026-04-02T12:30:27.278636,3917174,20.401948,0.368886,0.781629
2026-04-02T12:30:27.281724,3917767,20.405036,0.419105,0.828143
2026-04-02T12:30:27.291724,3919687,20.415036,0.422520,0.784356
2026-04-02T12:30:27.316145,3920280,20.418125,0.435210,0.785919
2026-04-02T12:30:27.326145,3922200,20.428125,0.404483,0.780753
2026-04-02T12:30:27.329234,3922793,20.431214,0.414373,0.840714
2026-04-02T12:30:27.339234,3924713,20.441214,0.384192,0.848208
2026-04-02T12:30:27.320989,3925306,20.444302,0.418424,0.775555
2026-04-02T12:30:27.330989,3927226,20.454302,0.429497,0.843858
2026-04-02T12:30:27.334078,3927819,20.457391,0.413057,0.764286
2026-04-02T12:30:27.344078,3929739,20.467391,0.386286,0.833741
2026-04-02T12:30:27.368499,3930332,20.470479,0.386001,0.801210
2026-04-02T12:30:27.378499,3932252,20.480479,0.399339,0.796750
2026-04-02T12:30:27.381587,3932845,20.483568,0.423039,0.830992
2026-04-02T12:30:27.391587,3934765,20.493568,0.362140,0.787750
2026-04-02T12:30:27.373343,3935358,20.496656,0.382755,0.785436
2026-04-02T12:30:27.383343,3937278,20.506656,0.384414,0.806774
2026-04-02T12:30:27.386431,3937871,20.509745,0.393566,0.760941
2026-04-02T12:30:27.396431,3939791,20.519745,0.402782,0.772759
2026-04-02T12:30:27.420852,3940384,20.522833,0.441105,0.805729
2026-04-02T12:30:27.430852,3942304,20.532833,0.420897,0.782928
2026-04-02T12:30:27.433941,3942897,20.535922,0.436439,0.796293
2026-04-02T12:30:27.443941,3944817,20.545922,0.440137,0.785130
2026-04-02T12:30:27.425696,3945410,20.549010,0.425594,0.795673
2026-04-02T12:30:27.435696,3947330,20.559010,0.417797,0.786028
2026-04-02T12:30:27.438785,3947923,20.562099,0.378924,0.773643
2026-04-02T12:30:27.448785,3949843,20.572099,0.405295,0.797258
2026-04-02T12:30:27.473206,3950436,20.575187,0.402350,0.816556
2026-04-02T12:30:27.483206,3952356,20.585187,0.353054,0.788948
2026-04-02T12:30:27.486294,3952949,20.588276,0.356434,0.770762
2026-04-02T12:30:27.496294,3954869,20.598276,0.420045,0.856340
2026-04-02T12:30:27.478050,3955462,20.601365,0.380122,0.782631
2026-04-02T12:30:27.488050,3957382,20.611365,0.405075,0.787830
2026-04-02T12:30:27.491138,3957975,20.614453,0.365351,0.804488
2026-04-02T12:30:27.501138,3959895,20.624453,0.453374,0.794450
2026-04-02T12:30:27.525559,3960488,20.627542,0.408497,0.837901
2026-04-02T12:30:27.535559,3962408,20.637542,0.439637,0.791362
2026-04-02T12:30:27.538648,3963001,20.640630,0.437243,0.786199
2026-04-02T12:30:27.548648,3964921,20.650630,0.382316,0.767523
2026-04-02T12:30:27.530403,3965514,20.653719,0.369349,0.786503
2026-04-02T12:30:27.540403,3967434,20.663719,0.382053,0.822510
2026-04-02T12:30:27.543492,3968027,20.666807,0.423160,0.765037
2026-04-02T12:30:27.553492,3969947,20.676807,0.338124,0.785429
2026-04-02T12:30:27.577913,3970540,20.679896,0.418410,0.819053
2026-04-02T12:30:27.587913,3972460,20.689896,0.392532,0.792163
2026-04-02T12:30:27.591001,3973053,20.692984,0.392386,0.816897
2026-04-02T12:30:27.601001,3974973,20.702984,0.394097,0.765973
2026-04-02T12:30:27.582756,3975566,20.706073,0.418810,0.816039
2026-04-02T12:30:27.592756,3977486,20.716073,0.403333,0.825292
2026-04-02T12:30:27.595845,3978079,20.719161,0.386966,0.806162
2026-04-02T12:30:27.605845,3979999,20.729161,0.389094,0.796944
2026-04-02T12:30:27.630266,3980592,20.732250,0.374340,0.789939
2026-04-02T12:30:27.640266,3982512,20.742250,0.389696,0.772504
2026-04-02T12:30:27.643355,3983105,20.745339,0.422861,0.811593
2026-04-02T12:30:27.653355,3985025,20.755339,0.422389,0.744710
2026-04-02T12:30:27.635110,3985618,20.758427,0.409726,0.807190
2026-04-02T12:30:27.645110,3987538,20.768427,0.391916,0.759516
2026-04-02T12:30:27.648199,3988131,20.771516,0.386623,0.797679
2026-04-02T12:30:27.658199,3990051,20.781516,0.409096,0.793244
2026-04-02T12:30:27.682620,3990644,20.784604,0.410541,0.798090
2026-04-02T12:30:27.692620,3992564,20.794604,0.364921,0.741333
2026-04-02T12:30:27.695708,3993157,20.797693,0.393300,0.781526
2026-04-02T12:30:27.705708,3995077,20.807693,0.377567,0.796541
2026-04-02T12:30:27.687463,3995670,20.810781,0.401582,0.791257
2026-04-02T12:30:27.697463,3997590,20.820781,0.393575,0.805267
2026-04-02T12:30:27.700552,3998183,20.823870,0.376717,0.825161
2026-04-02T12:30:27.710552,4000103,20.833870,0.378921,0.794304
2026-04-02T12:30:27.734973,4000696,20.836958,0.412152,0.821822
2026-04-02T12:30:27.744973,4002616,20.846958,0.430436,0.818176
2026-04-02T12:30:27.748062,4003209,20.850047,0.389600,0.784449
2026-04-02T12:30:27.758062,4005129,20.860047,0.395166,0.817571
2026-04-02T12:30:27.739817,4005722,20.863135,0.364564,0.751687
2026-04-02T12:30:27.749817,4007642,20.873135,0.388914,0.827360
2026-04-02T12:30:27.752905,4008235,20.876224,0.393776,0.840255
2026-04-02T12:30:27.762905,4010155,20.886224,0.409572,0.727523
2026-04-02T12:30:27.787327,4010748,20.889312,0.433832,0.827774
2026-04-02T12:30:27.797327,4012668,20.899313,0.386490,0.824784
2026-04-02T12:30:27.800415,4013261,20.902401,0.396398,0.831827
2026-04-02T12:30:27.810415,4015181,20.912401,0.392277,0.792029
2026-04-02T12:30:27.792170,4015774,20.915490,0.403561,0.760824
2026-04-02T12:30:27.802170,4017694,20.925490,0.388250,0.779743
2026-04-02T12:30:27.805259,4018287,20.928578,0.392241,0.810746
2026-04-02T12:30:27.815259,4020207,20.938578,0.370867,0.806932
2026-04-02T12:30:27.839680,4020800,20.941667,0.415611,0.818531
2026-04-02T12:30:27.849680,4022720,20.951667,0.389918,0.780614
2026-04-02T12:30:27.852769,4023313,20.954755,0.373425,0.804492
2026-04-02T12:30:27.862769,4025233,20.964755,0.385815,0.805435
2026-04-02T12:30:27.844524,4025826,20.967844,0.395662,0.795175
2026-04-02T12:30:27.854524,4027746,20.977844,0.348946,0.778498
2026-04-02T12:30:27.857612,4028339,20.980932,0.407692,0.846453
2026-04-02T12:30:27.867612,4030259,20.990932,0.397557,0.809047
2026-04-02T12:30:27.892033,4030852,20.994021,0.406617,0.784988
2026-04-02T12:30:27.902033,4032772,21.004021,0.375232,0.773107
2026-04-02T12:30:27.905122,4033365,21.007109,0.392740,0.803922
2026-04-02T12:30:27.915122,4035285,21.017109,0.386451,0.834539
2026-04-02T12:30:27.896877,4035878,21.020198,0.413570,0.859570
2026-04-02T12:30:27.906877,4037798,21.030198,0.367879,0.791355
2026-04-02T12:30:27.909966,4038391,21.033286,0.405346,0.783232
2026-04-02T12:30:27.919966,4040311,21.043286,0.381173,0.822905
2026-04-02T12:30:27.944387,4040904,21.046375,0.387261,0.803976
2026-04-02T12:30:27.954387,4042824,21.056375,0.430839,0.760633
2026-04-02T12:30:27.957475,4043417,21.059464,0.363113,0.849930
2026-04-02T12:30:27.967475,4045337,21.069464,0.390245,0.807236
2026-04-02T12:30:27.949231,4045930,21.072552,0.415358,0.787397
2026-04-02T12:30:27.959231,4047850,21.082552,0.385706,0.819047
2026-04-02T12:30:27.962319,4048443,21.085641,0.392314,0.808327
2026-04-02T12:30:27.972319,4050363,21.095641,0.423159,0.784231
2026-04-02T12:30:27.996740,4050956,21.098729,0.404799,0.781829
2026-04-02T12:30:28.006740,4052876,21.108729,0.397506,0.791111
2026-04-02T12:30:28.009829,4053469,21.111818,0.386994,0.751777
2026-04-02T12:30:28.019829,4055389,21.121818,0.388815,0.815937
2026-04-02T12:30:28.001584,4055982,21.124906,0.415690,0.805914
2026-04-02T12:30:28.011584,4057902,21.134906,0.446351,0.784687
2026-04-02T12:30:28.014673,4058495,21.137995,0.432546,0.797626
2026-04-02T12:30:28.024673,4060415,21.147995,0.388599,0.780216
2026-04-02T12:30:28.049094,4061008,21.151083,0.372768,0.849633
2026-04-02T12:30:28.059094,4062928,21.161083,0.381988,0.801190
2026-04-02T12:30:28.062182,4063521,21.164172,0.415493,0.803161
2026-04-02T12:30:28.072182,4065441,21.174172,0.383120,0.785567
2026-04-02T12:30:28.053938,4066034,21.177260,0.402205,0.790386
2026-04-02T12:30:28.063938,4067954,21.187260,0.429144,0.792308
2026-04-02T12:30:28.067026,4068547,21.190349,0.446269,0.775939
2026-04-02T12:30:28.077026,4070467,21.200349,0.388742,0.787925
2026-04-02T12:30:28.101447,4071060,21.203437,0.399708,0.800501
2026-04-02T12:30:28.111447,4072980,21.213438,0.401757,0.828147
2026-04-02T12:30:28.114536,4073573,21.216526,0.408545,0.841811
2026-04-02T12:30:28.124536,4075493,21.226526,0.447460,0.826387
2026-04-02T12:30:28.106291,4076086,21.229615,0.393625,0.821426
2026-04-02T12:30:28.116291,4078006,21.239615,0.397251,0.793227
2026-04-02T12:30:28.119380,4078599,21.242703,0.368994,0.760198
2026-04-02T12:30:28.129380,4080519,21.252703,0.396734,0.797633
2026-04-02T12:30:28.153801,4081112,21.255792,0.436822,0.784942
2026-04-02T12:30:28.163801,4083032,21.265792,0.386224,0.815819
2026-04-02T12:30:28.166889,4083625,21.268880,0.445187,0.740373
2026-04-02T12:30:28.176889,4085545,21.278880,0.376177,0.810313
2026-04-02T12:30:28.158644,4086138,21.281969,0.381024,0.777017
2026-04-02T12:30:28.168644,4088058,21.291969,0.359952,0.814841
2026-04-02T12:30:28.171733,4088651,21.295057,0.391126,0.821471
2026-04-02T12:30:28.181733,4090571,21.305057,0.399464,0.809992
2026-04-02T12:30:28.206154,4091164,21.308146,0.384390,0.801166
2026-04-02T12:30:28.216154,4093084,21.318146,0.394508,0.822729
2026-04-02T12:30:28.219243,4093677,21.321234,0.368018,0.798875
2026-04-02T12:30:28.229243,4095597,21.331234,0.402164,0.781430
2026-04-02T12:30:28.210998,4096190,21.334323,0.418383,0.765590
2026-04-02T12:30:28.220998,4098110,21.344323,0.390995,0.826312
2026-04-02T12:30:28.224086,4098703,21.347411,0.436735,0.803515
2026-04-02T12:30:28.234086,4100623,21.357411,0.422748,0.805198
2026-04-02T12:30:28.258508,4101216,21.360500,0.355615,0.798353
2026-04-02T12:30:28.268508,4103136,21.370500,0.402199,0.829101
2026-04-02T12:30:28.271596,4103729,21.373589,0.396943,0.785861
2026-04-02T12:30:28.281596,4105649,21.383589,0.433794,0.837240
2026-04-02T12:30:28.263351,4106242,21.386677,0.410200,0.780743
2026-04-02T12:30:28.273351,4108162,21.396677,0.386858,0.840541
2026-04-02T12:30:28.276440,4108755,21.399766,0.392863,0.803767
2026-04-02T12:30:28.286440,4110675,21.409766,0.411203,0.818146
2026-04-02T12:30:28.310861,4111268,21.412854,0.379803,0.815277
2026-04-02T12:30:28.320861,4113188,21.422854,0.382272,0.801256
2026-04-02T12:30:28.323950,4113781,21.425943,0.397514,0.769165
2026-04-02T12:30:28.333950,4115701,21.435943,0.436593,0.786402
2026-04-02T12:30:28.315705,4116294,21.439031,0.394933,0.865120
2026-04-02T12:30:28.325705,4118214,21.449031,0.404593,0.803756
2026-04-02T12:30:28.328793,4118807,21.452120,0.362847,0.831401
2026-04-02T12:30:28.338793,4120727,21.462120,0.400558,0.841086
2026-04-02T12:30:28.363215,4121320,21.465208,0.426459,0.794782
2026-04-02T12:30:28.373215,4123240,21.475208,0.424127,0.794827
2026-04-02T12:30:28.376303,4123833,21.478297,0.400674,0.760291
2026-04-02T12:30:28.386303,4125753,21.488297,0.407078,0.822372
2026-04-02T12:30:28.368058,4126346,21.491385,0.393369,0.770258
2026-04-02T12:30:28.378058,4128266,21.501385,0.383307,0.811780
2026-04-02T12:30:28.381147,4128859,21.504474,0.377428,0.800399
2026-04-02T12:30:28.391147,4130779,21.514474,0.384358,0.788429
2026-04-02T12:30:28.415568,4131372,21.517563,0.368619,0.835703
2026-04-02T12:30:28.425568,4133292,21.527562,0.419725,0.798069
2026-04-02T12:30:28.428657,4133885,21.530651,0.389447,0.776244
2026-04-02T12:30:28.438657,4135805,21.540651,0.365123,0.761734
2026-04-02T12:30:28.420412,4136398,21.543740,0.384224,0.779157
2026-04-02T12:30:28.430412,4138318,21.553740,0.360656,0.812035
2026-04-02T12:30:28.433500,4138911,21.556828,0.396862,0.798252
2026-04-02T12:30:28.443500,4140831,21.566828,0.388586,0.788733
2026-04-02T12:30:28.467921,4141424,21.569917,0.416321,0.830066
2026-04-02T12:30:28.477921,4143344,21.579917,0.399269,0.802974
2026-04-02T12:30:28.481010,4143937,21.583005,0.365461,0.761897
2026-04-02T12:30:28.491010,4145857,21.593005,0.397928,0.841692
2026-04-02T12:30:28.472765,4146450,21.596094,0.428424,0.772327
2026-04-02T12:30:28.482765,4148370,21.606094,0.413738,0.783198
2026-04-02T12:30:28.485854,4148963,21.609182,0.404853,0.810578
2026-04-02T12:30:28.495854,4150883,21.619182,0.385233,0.845206
2026-04-02T12:30:28.520275,4151476,21.622271,0.387853,0.782091
2026-04-02T12:30:28.530275,4153396,21.632271,0.404754,0.781305
2026-04-02T12:30:28.533363,4153989,21.635359,0.411102,0.796409
2026-04-02T12:30:28.543363,4155909,21.645359,0.391947,0.769580
2026-04-02T12:30:28.525119,4156502,21.648448,0.419983,0.777265
2026-04-02T12:30:28.535119,4158422,21.658448,0.399779,0.804043
2026-04-02T12:30:28.538207,4159015,21.661536,0.386183,0.794703
2026-04-02T12:30:28.548207,4160935,21.671536,0.397283,0.796793
2026-04-02T12:30:28.572628,4161528,21.674625,0.406055,0.777615
2026-04-02T12:30:28.582628,4163448,21.684625,0.381411,0.829577
2026-04-02T12:30:28.585717,4164041,21.687714,0.445142,0.782694
2026-04-02T12:30:28.595717,4165961,21.697714,0.412184,0.814046
2026-04-02T12:30:28.577472,4166554,21.700802,0.379962,0.768529
2026-04-02T12:30:28.587472,4168474,21.710802,0.422640,0.806587
2026-04-02T12:30:28.590561,4169067,21.713891,0.419515,0.802531
2026-04-02T12:30:28.600561,4170987,21.723891,0.433245,0.821137
2026-04-02T12:30:28.624982,4171580,21.726979,0.409645,0.747862
2026-04-02T12:30:28.634982,4173500,21.736979,0.426391,0.792915
2026-04-02T12:30:28.638070,4174093,21.740068,0.398624,0.785998
2026-04-02T12:30:28.648070,4176013,21.750068,0.406078,0.809769
2026-04-02T12:30:28.629826,4176606,21.753156,0.409951,0.794547
2026-04-02T12:30:28.639826,4178526,21.763156,0.394444,0.777233
2026-04-02T12:30:28.642914,4179119,21.766245,0.389339,0.785034
2026-04-02T12:30:28.652914,4181039,21.776245,0.393947,0.764179
2026-04-02T12:30:28.677335,4181632,21.779333,0.393152,0.806896
2026-04-02T12:30:28.687335,4183552,21.789333,0.417066,0.797778
2026-04-02T12:30:28.690424,4184145,21.792422,0.411791,0.858600
2026-04-02T12:30:28.700424,4186065,21.802422,0.449362,0.802079
2026-04-02T12:30:28.682179,4186658,21.805510,0.378496,0.787395
2026-04-02T12:30:28.692179,4188578,21.815510,0.392681,0.808696
2026-04-02T12:30:28.695267,4189171,21.818599,0.368931,0.824820
2026-04-02T12:30:28.705267,4191091,21.828599,0.430149,0.804178
2026-04-02T12:30:28.729689,4191684,21.831688,0.405668,0.826428
2026-04-02T12:30:28.739689,4193604,21.841687,0.378070,0.789860
2026-04-02T12:30:28.742777,4194197,21.844776,0.397945,0.764406
2026-04-02T12:30:28.752777,4196117,21.854776,0.422868,0.846586
2026-04-02T12:30:28.734532,4196710,21.857865,0.400945,0.772186
2026-04-02T12:30:28.744532,4198630,21.867865,0.444651,0.783778
2026-04-02T12:30:28.747621,4199223,21.870953,0.370565,0.802822
2026-04-02T12:30:28.757621,4201143,21.880953,0.431828,0.790559
2026-04-02T12:30:28.782042,4201736,21.884042,0.398709,0.812080
2026-04-02T12:30:28.792042,4203656,21.894042,0.361929,0.792666
2026-04-02T12:30:28.795131,4204249,21.897130,0.428992,0.819097
2026-04-02T12:30:28.805131,4206169,21.907130,0.375867,0.752047
2026-04-02T12:30:28.786886,4206762,21.910219,0.415495,0.786377
2026-04-02T12:30:28.796886,4208682,21.920219,0.373395,0.841674
2026-04-02T12:30:28.799974,4209275,21.923307,0.403425,0.777617
2026-04-02T12:30:28.809974,4211195,21.933307,0.393868,0.770244
2026-04-02T12:30:28.834395,4211788,21.936396,0.426366,0.835276
2026-04-02T12:30:28.844395,4213708,21.946396,0.398173,0.796694
2026-04-02T12:30:28.847484,4214301,21.949484,0.417071,0.797055
2026-04-02T12:30:28.857484,4216221,21.959484,0.364481,0.813361
2026-04-02T12:30:28.839239,4216814,21.962573,0.414973,0.811271
2026-04-02T12:30:28.849239,4218734,21.972573,0.419035,0.794177
2026-04-02T12:30:28.852328,4219327,21.975661,0.411260,0.782449
2026-04-02T12:30:28.862328,4221247,21.985661,0.390122,0.780859
2026-04-02T12:30:28.886749,4221840,21.988750,0.387310,0.855764
2026-04-02T12:30:28.896749,4223760,21.998750,0.372076,0.831496
2026-04-02T12:30:28.899837,4224353,22.001839,0.386707,0.777323
2026-04-02T12:30:28.909837,4226273,22.011839,0.422199,0.806940
2026-04-02T12:30:28.891593,4226866,22.014927,0.380671,0.780665
2026-04-02T12:30:28.901593,4228786,22.024927,0.382097,0.822920
2026-04-02T12:30:28.904681,4229379,22.028016,0.427807,0.824707
2026-04-02T12:30:28.914681,4231299,22.038016,0.458620,0.806129
2026-04-02T12:30:28.939102,4231892,22.041104,0.398184,0.810463
2026-04-02T12:30:28.949102,4233812,22.051104,0.389755,0.776469
2026-04-02T12:30:28.952191,4234405,22.054193,0.378833,0.787559
2026-04-02T12:30:28.962191,4236325,22.064193,0.428385,0.768603
2026-04-02T12:30:28.943946,4236918,22.067281,0.381321,0.807134
2026-04-02T12:30:28.953946,4238838,22.077281,0.434874,0.832588
2026-04-02T12:30:28.957035,4239431,22.080370,0.443595,0.839036
2026-04-02T12:30:28.967035,4241351,22.090370,0.344506,0.816512
2026-04-02T12:30:28.991456,4241944,22.093458,0.387969,0.790844
2026-04-02T12:30:29.001456,4243864,22.103458,0.430742,0.821213
2026-04-02T12:30:29.004544,4244457,22.106547,0.404922,0.850723
2026-04-02T12:30:29.014544,4246377,22.116547,0.387423,0.771587
2026-04-02T12:30:28.996300,4246970,22.119635,0.417243,0.799235
2026-04-02T12:30:29.006300,4248890,22.129635,0.386831,0.768750
2026-04-02T12:30:29.009388,4249483,22.132724,0.377362,0.786266
2026-04-02T12:30:29.019388,4251403,22.142724,0.399744,0.799677
2026-04-02T12:30:29.043809,4251996,22.145813,0.419137,0.787928
2026-04-02T12:30:29.053809,4253916,22.155812,0.399555,0.811592
2026-04-02T12:30:29.056898,4254509,22.158901,0.456108,0.797596
2026-04-02T12:30:29.066898,4256429,22.168901,0.374283,0.827441
2026-04-02T12:30:29.048653,4257022,22.171990,0.407715,0.850499
2026-04-02T12:30:29.058653,4258942,22.181990,0.428935,0.789281
2026-04-02T12:30:29.061742,4259535,22.185078,0.374249,0.743886
2026-04-02T12:30:29.071742,4261455,22.195078,0.452559,0.790014
2026-04-02T12:30:29.096163,4262048,22.198167,0.405635,0.753502
2026-04-02T12:30:29.106163,4263968,22.208167,0.409594,0.824890
2026-04-02T12:30:29.109251,4264561,22.211255,0.395549,0.766527
2026-04-02T12:30:29.119251,4266481,22.221255,0.425877,0.814988
2026-04-02T12:30:29.101007,4267074,22.224344,0.376176,0.749109
2026-04-02T12:30:29.111007,4268994,22.234344,0.401903,0.784279
2026-04-02T12:30:29.114095,4269587,22.237432,0.383348,0.796310
2026-04-02T12:30:29.124095,4271507,22.247432,0.389919,0.764293
2026-04-02T12:30:29.148516,4272100,22.250521,0.388892,0.819634
2026-04-02T12:30:29.158516,4274020,22.260521,0.414509,0.785680
2026-04-02T12:30:29.161605,4274613,22.263609,0.382480,0.818450
2026-04-02T12:30:29.171605,4276533,22.273609,0.403764,0.764386
2026-04-02T12:30:29.153360,4277126,22.276698,0.385213,0.805294
2026-04-02T12:30:29.163360,4279046,22.286698,0.399423,0.784255
2026-04-02T12:30:29.166448,4279639,22.289786,0.427147,0.842625
2026-04-02T12:30:29.176448,4281559,22.299786,0.398788,0.784731
2026-04-02T12:30:29.200870,4282152,22.302875,0.363457,0.805302
2026-04-02T12:30:29.210870,4284072,22.312875,0.388428,0.832517
2026-04-02T12:30:29.213958,4284665,22.315964,0.441971,0.799058
2026-04-02T12:30:29.223958,4286585,22.325964,0.430499,0.786003
2026-04-02T12:30:29.205713,4287178,22.329052,0.442404,0.814047
2026-04-02T12:30:29.215713,4289098,22.339052,0.359508,0.812318
2026-04-02T12:30:29.218802,4289691,22.342141,0.362098,0.836777
2026-04-02T12:30:29.228802,4291611,22.352141,0.352107,0.829043
2026-04-02T12:30:29.253223,4292204,22.355229,0.383182,0.765230
2026-04-02T12:30:29.263223,4294124,22.365229,0.387112,0.801108
2026-04-02T12:30:29.266312,4294717,22.368318,0.427988,0.820066
2026-04-02T12:30:29.276312,4296637,22.378318,0.397009,0.799951
2026-04-02T12:30:29.258067,4297230,22.381406,0.450559,0.754544
2026-04-02T12:30:29.268067,4299150,22.391406,0.424281,0.767793
2026-04-02T12:30:29.271155,4299743,22.394495,0.410207,0.812534
2026-04-02T12:30:29.281155,4301663,22.404495,0.432176,0.861405
2026-04-02T12:30:29.305577,4302256,22.407583,0.369480,0.861075
2026-04-02T12:30:29.315577,4304176,22.417583,0.407024,0.789521
2026-04-02T12:30:29.318665,4304769,22.420672,0.417885,0.883314
2026-04-02T12:30:29.328665,4306689,22.430672,0.393964,0.770953
2026-04-02T12:30:29.310420,4307282,22.433760,0.350135,0.793185
2026-04-02T12:30:29.320420,4309202,22.443760,0.404810,0.789036
2026-04-02T12:30:29.323509,4309795,22.446849,0.400272,0.786049
2026-04-02T12:30:29.333509,4311715,22.456849,0.405163,0.824288
2026-04-02T12:30:29.357930,4312308,22.459937,0.362878,0.770831
2026-04-02T12:30:29.367930,4314228,22.469938,0.420020,0.826780
2026-04-02T12:30:29.371019,4314821,22.473026,0.411663,0.821039
2026-04-02T12:30:29.381019,4316741,22.483026,0.396692,0.842950
2026-04-02T12:30:29.362774,4317334,22.486115,0.395082,0.785178
2026-04-02T12:30:29.372774,4319254,22.496115,0.379794,0.764679
2026-04-02T12:30:29.375862,4319847,22.499203,0.384193,0.810124
2026-04-02T12:30:29.385862,4321767,22.509203,0.395784,0.777455
2026-04-02T12:30:29.410283,4322360,22.512292,0.384728,0.822213
2026-04-02T12:30:29.420283,4324280,22.522292,0.394966,0.790999
2026-04-02T12:30:29.423372,4324873,22.525380,0.412373,0.792013
2026-04-02T12:30:29.433372,4326793,22.535380,0.422039,0.784406
2026-04-02T12:30:29.415127,4327386,22.538469,0.386623,0.806270
2026-04-02T12:30:29.425127,4329306,22.548469,0.425242,0.780771
2026-04-02T12:30:29.428216,4329899,22.551557,0.398170,0.800406
2026-04-02T12:30:29.438216,4331819,22.561557,0.377264,0.786498
2026-04-02T12:30:29.462637,4332412,22.564646,0.405628,0.776292
2026-04-02T12:30:29.472637,4334332,22.574646,0.321871,0.816010
2026-04-02T12:30:29.475725,4334925,22.577734,0.402150,0.768432
2026-04-02T12:30:29.485725,4336845,22.587734,0.409910,0.838610
2026-04-02T12:30:29.467481,4337438,22.590823,0.391799,0.822551
2026-04-02T12:30:29.477481,4339358,22.600823,0.418266,0.790931
2026-04-02T12:30:29.480569,4339951,22.603911,0.420038,0.774934
2026-04-02T12:30:29.490569,4341871,22.613911,0.408418,0.802210
2026-04-02T12:30:29.514990,4342464,22.617000,0.441687,0.797848
2026-04-02T12:30:29.524990,4344384,22.627000,0.460865,0.761545
2026-04-02T12:30:29.528079,4344977,22.630089,0.359787,0.747464
2026-04-02T12:30:29.538079,4346897,22.640089,0.424781,0.821893
2026-04-02T12:30:29.519834,4347490,22.643177,0.399531,0.775862
2026-04-02T12:30:29.529834,4349410,22.653177,0.427456,0.826391
2026-04-02T12:30:29.532923,4350003,22.656266,0.382497,0.736847
2026-04-02T12:30:29.542923,4351923,22.666266,0.362948,0.869571
2026-04-02T12:30:29.567344,4352516,22.669354,0.385860,0.884012
2026-04-02T12:30:29.577344,4354436,22.679354,0.393635,0.779068
2026-04-02T12:30:29.580432,4355029,22.682443,0.377033,0.772924
2026-04-02T12:30:29.590432,4356949,22.692443,0.319242,0.768593
2026-04-02T12:30:29.572188,4357542,22.695531,0.382520,0.809977
2026-04-02T12:30:29.582188,4359462,22.705531,0.380301,0.773804
2026-04-02T12:30:29.585276,4360055,22.708620,0.386994,0.802544
2026-04-02T12:30:29.595276,4361975,22.718620,0.401880,0.820591
2026-04-02T12:30:29.619697,4362568,22.721708,0.372310,0.818883
2026-04-02T12:30:29.629697,4364488,22.731708,0.384490,0.780525
2026-04-02T12:30:29.632786,4365081,22.734797,0.337263,0.771534
2026-04-02T12:30:29.642786,4367001,22.744797,0.418506,0.815827
2026-04-02T12:30:29.624541,4367594,22.747885,0.433133,0.815142
2026-04-02T12:30:29.634541,4369514,22.757885,0.372849,0.776121
2026-04-02T12:30:29.637630,4370107,22.760974,0.349930,0.813437
2026-04-02T12:30:29.647630,4372027,22.770974,0.416739,0.784323
2026-04-02T12:30:29.672051,4372620,22.774062,0.441477,0.833334
2026-04-02T12:30:29.682051,4374540,22.784063,0.423089,0.759335
2026-04-02T12:30:29.685139,4375133,22.787151,0.381442,0.788832
2026-04-02T12:30:29.695139,4377053,22.797151,0.415124,0.830412
2026-04-02T12:30:29.676894,4377646,22.800240,0.426983,0.755037
2026-04-02T12:30:29.686894,4379566,22.810240,0.412311,0.850493
2026-04-02T12:30:29.689983,4380159,22.813328,0.413532,0.799010
2026-04-02T12:30:29.699983,4382079,22.823328,0.415747,0.741477
2026-04-02T12:30:29.724399,4382672,22.826417,0.368012,0.764020
2026-04-02T12:30:29.734399,4384592,22.836417,0.437022,0.796392
2026-04-02T12:30:29.737487,4385185,22.839505,0.387864,0.769863
2026-04-02T12:30:29.747487,4387105,22.849505,0.425024,0.805818
2026-04-02T12:30:29.729243,4387698,22.852594,0.368672,0.777867
2026-04-02T12:30:29.739243,4389618,22.862594,0.371110,0.782593
2026-04-02T12:30:29.742331,4390211,22.865682,0.440237,0.840580
2026-04-02T12:30:29.752331,4392131,22.875682,0.402455,0.792068
2026-04-02T12:30:29.776752,4392724,22.878771,0.382951,0.787565
2026-04-02T12:30:29.786752,4394644,22.888771,0.412303,0.787911
2026-04-02T12:30:29.789841,4395237,22.891859,0.400945,0.795638
2026-04-02T12:30:29.799841,4397157,22.901859,0.411368,0.816629
2026-04-02T12:30:29.781596,4397750,22.904948,0.397149,0.768962
2026-04-02T12:30:29.791596,4399670,22.914948,0.410270,0.805692
2026-04-02T12:30:29.794684,4400263,22.918036,0.433460,0.773815
2026-04-02T12:30:29.804684,4402183,22.928036,0.390790,0.807552
2026-04-02T12:30:29.829106,4402776,22.931125,0.411399,0.796465
2026-04-02T12:30:29.839106,4404696,22.941125,0.380323,0.795044
2026-04-02T12:30:29.842194,4405289,22.944214,0.406959,0.778536
2026-04-02T12:30:29.852194,4407209,22.954214,0.418285,0.734619
2026-04-02T12:30:29.833949,4407802,22.957302,0.412937,0.819947
2026-04-02T12:30:29.843949,4409722,22.967302,0.357102,0.791907
2026-04-02T12:30:29.847038,4410315,22.970391,0.430915,0.834893
2026-04-02T12:30:29.857038,4412235,22.980391,0.420923,0.813562
2026-04-02T12:30:29.881459,4412828,22.983479,0.402306,0.826229
2026-04-02T12:30:29.891459,4414748,22.993479,0.403399,0.804140
2026-04-02T12:30:29.894547,4415341,22.996568,0.386718,0.783325
2026-04-02T12:30:29.904547,4417261,23.006568,0.430568,0.815892
2026-04-02T12:30:29.886303,4417854,23.009656,0.410193,0.791897
2026-04-02T12:30:29.896303,4419774,23.019656,0.400633,0.799578
2026-04-02T12:30:29.899391,4420367,23.022745,0.404604,0.771692
2026-04-02T12:30:29.909391,4422287,23.032745,0.373698,0.798241
2026-04-02T12:30:29.933812,4422880,23.035833,0.419178,0.811132
2026-04-02T12:30:29.943812,4424800,23.045833,0.396299,0.823888
2026-04-02T12:30:29.946901,4425393,23.048922,0.363229,0.834110
2026-04-02T12:30:29.956901,4427313,23.058922,0.398767,0.827250
2026-04-02T12:30:29.938656,4427906,23.062010,0.385775,0.811412
2026-04-02T12:30:29.948656,4429826,23.072010,0.431939,0.804921
2026-04-02T12:30:29.951745,4430419,23.075099,0.417963,0.786375
2026-04-02T12:30:29.961745,4432339,23.085099,0.363596,0.859149
2026-04-02T12:30:29.986166,4432932,23.088188,0.375089,0.780241
2026-04-02T12:30:29.996166,4434852,23.098188,0.367091,0.814488
2026-04-02T12:30:29.999254,4435445,23.101276,0.377116,0.777499
2026-04-02T12:30:30.009254,4437365,23.111276,0.407011,0.748933
2026-04-02T12:30:29.991009,4437958,23.114365,0.406066,0.808872
2026-04-02T12:30:30.001009,4439878,23.124365,0.377149,0.794128
2026-04-02T12:30:30.004098,4440471,23.127453,0.396911,0.813828
2026-04-02T12:30:30.014098,4442391,23.137453,0.405190,0.737972
2026-04-02T12:30:30.038524,4442984,23.140542,0.419254,0.789394
2026-04-02T12:30:30.048524,4444904,23.150542,0.430999,0.830632
2026-04-02T12:30:30.051613,4445497,23.153630,0.409081,0.793588
2026-04-02T12:30:30.061613,4447417,23.163630,0.383990,0.765811
2026-04-02T12:30:30.043368,4448010,23.166719,0.350456,0.829022
2026-04-02T12:30:30.053368,4449930,23.176719,0.438455,0.810256
2026-04-02T12:30:30.056457,4450523,23.179807,0.400230,0.836240
2026-04-02T12:30:30.066457,4452443,23.189807,0.379586,0.845796
2026-04-02T12:30:30.090878,4453036,23.192896,0.449438,0.788974
2026-04-02T12:30:30.100878,4454956,23.202896,0.367098,0.803587
2026-04-02T12:30:30.103966,4455549,23.205984,0.361110,0.765538
2026-04-02T12:30:30.113966,4457469,23.215984,0.382896,0.779642
2026-04-02T12:30:30.095722,4458062,23.219073,0.380740,0.811723
2026-04-02T12:30:30.105722,4459982,23.229073,0.371115,0.803599
2026-04-02T12:30:30.108810,4460575,23.232161,0.388344,0.815283
2026-04-02T12:30:30.118810,4462495,23.242161,0.425448,0.804781
2026-04-02T12:30:30.143231,4463088,23.245250,0.429901,0.832796
2026-04-02T12:30:30.153231,4465008,23.255250,0.386706,0.802392
2026-04-02T12:30:30.156320,4465601,23.258339,0.350480,0.842021
2026-04-02T12:30:30.166320,4467521,23.268339,0.444318,0.805565
2026-04-02T12:30:30.148075,4468114,23.271427,0.390546,0.777281
2026-04-02T12:30:30.158075,4470034,23.281427,0.400457,0.792541
2026-04-02T12:30:30.161164,4470627,23.284516,0.385177,0.850206
2026-04-02T12:30:30.171164,4472547,23.294516,0.426652,0.744788
2026-04-02T12:30:30.195585,4473140,23.297604,0.381455,0.835586
2026-04-02T12:30:30.205585,4475060,23.307604,0.362084,0.816917
2026-04-02T12:30:30.208673,4475653,23.310693,0.380139,0.787413
2026-04-02T12:30:30.218673,4477573,23.320693,0.387437,0.796035
2026-04-02T12:30:30.200429,4478166,23.323781,0.423721,0.804548
2026-04-02T12:30:30.210429,4480086,23.333781,0.395898,0.820736
2026-04-02T12:30:30.213517,4480679,23.336870,0.398410,0.805597
2026-04-02T12:30:30.223517,4482599,23.346870,0.393310,0.749578
2026-04-02T12:30:30.247938,4483192,23.349958,0.394567,0.763332
2026-04-02T12:30:30.257938,4485112,23.359958,0.351923,0.810732
2026-04-02T12:30:30.261027,4485705,23.363047,0.407158,0.784184
2026-04-02T12:30:30.271027,4487625,23.373047,0.398575,0.754772
2026-04-02T12:30:30.252782,4488218,23.376135,0.405803,0.831479
2026-04-02T12:30:30.262782,4490138,23.386135,0.416526,0.792338
2026-04-02T12:30:30.265871,4490731,23.389224,0.396384,0.799417
2026-04-02T12:30:30.275871,4492651,23.399224,0.417490,0.802009
2026-04-02T12:30:30.300292,4493244,23.402313,0.392929,0.786860
2026-04-02T12:30:30.310292,4495164,23.412312,0.372166,0.775540
2026-04-02T12:30:30.313380,4495757,23.415401,0.415022,0.778776
2026-04-02T12:30:30.323380,4497677,23.425401,0.398567,0.812375
2026-04-02T12:30:30.305135,4498270,23.428490,0.448860,0.793964
2026-04-02T12:30:30.315135,4500190,23.438490,0.421418,0.798801
2026-04-02T12:30:30.318224,4500783,23.441578,0.419946,0.822933
2026-04-02T12:30:30.328224,4502703,23.451578,0.444910,0.802156
2026-04-02T12:30:30.352645,4503296,23.454667,0.395103,0.790089
2026-04-02T12:30:30.362645,4505216,23.464667,0.397268,0.790646
2026-04-02T12:30:30.365734,4505809,23.467755,0.368114,0.813222
2026-04-02T12:30:30.375734,4507729,23.477755,0.366519,0.767723
2026-04-02T12:30:30.357489,4508322,23.480844,0.422893,0.833672
2026-04-02T12:30:30.367489,4510242,23.490844,0.427186,0.749464
2026-04-02T12:30:30.370577,4510835,23.493932,0.422010,0.830680
2026-04-02T12:30:30.380577,4512755,23.503932,0.380350,0.809493
2026-04-02T12:30:30.404994,4513348,23.507021,0.356688,0.757835
2026-04-02T12:30:30.414994,4515268,23.517021,0.425671,0.835998
2026-04-02T12:30:30.418083,4515861,23.520109,0.395031,0.802679
2026-04-02T12:30:30.428083,4517781,23.530109,0.383287,0.816290
2026-04-02T12:30:30.409838,4518374,23.533198,0.377529,0.794249
2026-04-02T12:30:30.419838,4520294,23.543198,0.411196,0.818614
2026-04-02T12:30:30.422926,4520887,23.546286,0.383766,0.785418
2026-04-02T12:30:30.432926,4522807,23.556286,0.381117,0.821315
2026-04-02T12:30:30.457347,4523400,23.559375,0.414767,0.800265
2026-04-02T12:30:30.467347,4525320,23.569375,0.364553,0.811411
2026-04-02T12:30:30.470436,4525913,23.572464,0.401478,0.784402
2026-04-02T12:30:30.480436,4527833,23.582464,0.413222,0.821106
2026-04-02T12:30:30.462191,4528426,23.585552,0.339791,0.836696
2026-04-02T12:30:30.472191,4530346,23.595552,0.407283,0.769358
2026-04-02T12:30:30.475280,4530939,23.598641,0.344415,0.772582
2026-04-02T12:30:30.485280,4532859,23.608641,0.382730,0.771838
2026-04-02T12:30:30.509701,4533452,23.611729,0.338082,0.797692
2026-04-02T12:30:30.519701,4535372,23.621729,0.355719,0.839842
2026-04-02T12:30:30.522789,4535965,23.624818,0.394083,0.832585
2026-04-02T12:30:30.532789,4537885,23.634818,0.407168,0.799752
2026-04-02T12:30:30.514545,4538478,23.637906,0.426263,0.828114
2026-04-02T12:30:30.524545,4540398,23.647906,0.442321,0.805469
2026-04-02T12:30:30.527633,4540991,23.650995,0.413166,0.799560
2026-04-02T12:30:30.537633,4542911,23.660995,0.400930,0.757797
2026-04-02T12:30:30.562054,4543504,23.664083,0.392709,0.751952
2026-04-02T12:30:30.572054,4545424,23.674083,0.374508,0.842251
2026-04-02T12:30:30.575143,4546017,23.677172,0.385095,0.834827
2026-04-02T12:30:30.585143,4547937,23.687172,0.384973,0.812805
2026-04-02T12:30:30.566898,4548530,23.690260,0.411976,0.793175
2026-04-02T12:30:30.576898,4550450,23.700260,0.347621,0.806299
2026-04-02T12:30:30.579987,4551043,23.703349,0.408905,0.770465
2026-04-02T12:30:30.589987,4552963,23.713349,0.362569,0.808806
2026-04-02T12:30:30.614408,4553556,23.716438,0.392574,0.813827
2026-04-02T12:30:30.624408,4555476,23.726437,0.328889,0.765502
2026-04-02T12:30:30.627496,4556069,23.729526,0.431912,0.787942
2026-04-02T12:30:30.637496,4557989,23.739526,0.404376,0.804910
2026-04-02T12:30:30.619251,4558582,23.742615,0.437136,0.805866
2026-04-02T12:30:30.629251,4560502,23.752615,0.361743,0.794968
2026-04-02T12:30:30.632340,4561095,23.755703,0.368441,0.779750
2026-04-02T12:30:30.642340,4563015,23.765703,0.382938,0.804016
2026-04-02T12:30:30.666761,4563608,23.768792,0.422804,0.804339
2026-04-02T12:30:30.676761,4565528,23.778792,0.425958,0.822291
2026-04-02T12:30:30.679850,4566121,23.781880,0.403522,0.818260
2026-04-02T12:30:30.689850,4568041,23.791880,0.402418,0.781168
2026-04-02T12:30:30.671605,4568634,23.794969,0.360296,0.800825
2026-04-02T12:30:30.681605,4570554,23.804969,0.369179,0.809698
2026-04-02T12:30:30.684693,4571147,23.808057,0.410651,0.817516
2026-04-02T12:30:30.694693,4573067,23.818057,0.391784,0.758985
2026-04-02T12:30:30.719114,4573660,23.821146,0.402731,0.838946
2026-04-02T12:30:30.729114,4575580,23.831146,0.390081,0.809415
2026-04-02T12:30:30.732203,4576173,23.834234,0.405401,0.847328
2026-04-02T12:30:30.742203,4578093,23.844234,0.439851,0.809411
2026-04-02T12:30:30.723958,4578686,23.847323,0.404537,0.833130
2026-04-02T12:30:30.733958,4580606,23.857323,0.370599,0.799797
2026-04-02T12:30:30.737047,4581199,23.860411,0.419566,0.812903
2026-04-02T12:30:30.747047,4583119,23.870411,0.395487,0.791447
2026-04-02T12:30:30.771473,4583712,23.873500,0.418344,0.785036
2026-04-02T12:30:30.781473,4585632,23.883500,0.371058,0.784374
2026-04-02T12:30:30.784562,4586225,23.886589,0.399219,0.819158
2026-04-02T12:30:30.794562,4588145,23.896589,0.413410,0.799284
2026-04-02T12:30:30.776317,4588738,23.899677,0.419928,0.794521
2026-04-02T12:30:30.786317,4590658,23.909677,0.373555,0.803991
2026-04-02T12:30:30.789405,4591251,23.912766,0.389711,0.778624
2026-04-02T12:30:30.799405,4593171,23.922766,0.397957,0.799927
2026-04-02T12:30:30.823827,4593764,23.925854,0.404905,0.807481
2026-04-02T12:30:30.833827,4595684,23.935854,0.378980,0.823501
2026-04-02T12:30:30.836915,4596277,23.938943,0.386102,0.840924
2026-04-02T12:30:30.846915,4598197,23.948943,0.386046,0.829715
2026-04-02T12:30:30.828670,4598790,23.952031,0.355224,0.773355
2026-04-02T12:30:30.838670,4600710,23.962031,0.422394,0.848677
2026-04-02T12:30:30.841759,4601303,23.965120,0.393761,0.833958
2026-04-02T12:30:30.851759,4603223,23.975120,0.386230,0.767014
2026-04-02T12:30:30.876180,4603816,23.978208,0.368474,0.815779
2026-04-02T12:30:30.886180,4605736,23.988208,0.387977,0.804929
2026-04-02T12:30:30.889269,4606329,23.991297,0.402190,0.800703
2026-04-02T12:30:30.899269,4608249,24.001297,0.396972,0.775321
2026-04-02T12:30:30.881024,4608842,24.004385,0.405154,0.829859
2026-04-02T12:30:30.891024,4610762,24.014385,0.411351,0.809183
2026-04-02T12:30:30.894112,4611355,24.017474,0.431618,0.790534
2026-04-02T12:30:30.904112,4613275,24.027474,0.399905,0.840781
2026-04-02T12:30:30.928533,4613868,24.030562,0.357697,0.808191
2026-04-02T12:30:30.938533,4615788,24.040563,0.410908,0.788082
2026-04-02T12:30:30.941622,4616381,24.043651,0.428258,0.808612
2026-04-02T12:30:30.951622,4618301,24.053651,0.390740,0.829297
2026-04-02T12:30:30.933377,4618894,24.056740,0.397954,0.801944
2026-04-02T12:30:30.943377,4620814,24.066740,0.418310,0.846308
2026-04-02T12:30:30.946466,4621407,24.069828,0.404354,0.774150
2026-04-02T12:30:30.956466,4623327,24.079828,0.371163,0.831520
2026-04-02T12:30:30.980887,4623920,24.082917,0.383487,0.738804
2026-04-02T12:30:30.990887,4625840,24.092917,0.404248,0.801844
2026-04-02T12:30:30.993975,4626433,24.096005,0.389632,0.863032
2026-04-02T12:30:31.003975,4628353,24.106005,0.383015,0.771891
2026-04-02T12:30:30.985731,4628946,24.109094,0.354707,0.827807
2026-04-02T12:30:30.995731,4630866,24.119094,0.376598,0.827245
2026-04-02T12:30:30.998819,4631459,24.122182,0.386953,0.846547
2026-04-02T12:30:31.008819,4633379,24.132182,0.373020,0.813974
2026-04-02T12:30:31.033240,4633972,24.135271,0.374408,0.795620
2026-04-02T12:30:31.043240,4635892,24.145271,0.397800,0.794245
2026-04-02T12:30:31.046329,4636485,24.148359,0.354946,0.801716
2026-04-02T12:30:31.056329,4638405,24.158359,0.416549,0.799383
2026-04-02T12:30:31.038084,4638998,24.161448,0.366908,0.787307
2026-04-02T12:30:31.048084,4640918,24.171448,0.392039,0.766269
2026-04-02T12:30:31.051173,4641511,24.174536,0.418465,0.804261
2026-04-02T12:30:31.061173,4643431,24.184536,0.357373,0.807598
2026-04-02T12:30:31.085594,4644024,24.187625,0.402356,0.813144
2026-04-02T12:30:31.095594,4645944,24.197625,0.389643,0.774233
2026-04-02T12:30:31.098682,4646537,24.200714,0.389314,0.782739
2026-04-02T12:30:31.108682,4648457,24.210714,0.419725,0.794842
2026-04-02T12:30:31.090438,4649050,24.213802,0.418365,0.815202
2026-04-02T12:30:31.100438,4650970,24.223802,0.374258,0.806532
2026-04-02T12:30:31.103526,4651563,24.226891,0.395422,0.783592
2026-04-02T12:30:31.113526,4653483,24.236891,0.350602,0.770337
2026-04-02T12:30:31.137947,4654076,24.239979,0.419244,0.800756
2026-04-02T12:30:31.147947,4655996,24.249979,0.415530,0.800313
2026-04-02T12:30:31.151036,4656589,24.253068,0.402706,0.786338
2026-04-02T12:30:31.161036,4658509,24.263068,0.388001,0.768615
2026-04-02T12:30:31.142791,4659102,24.266156,0.378250,0.854867
2026-04-02T12:30:31.152791,4661022,24.276156,0.368095,0.838371
2026-04-02T12:30:31.155880,4661615,24.279245,0.374410,0.781082
2026-04-02T12:30:31.165880,4663535,24.289245,0.397000,0.791783
2026-04-02T12:30:31.190301,4664128,24.292333,0.401068,0.827051
2026-04-02T12:30:31.200301,4666048,24.302333,0.454030,0.806957
2026-04-02T12:30:31.203389,4666641,24.305422,0.426377,0.794571
2026-04-02T12:30:31.213389,4668561,24.315422,0.410546,0.796282
2026-04-02T12:30:31.195144,4669154,24.318510,0.391401,0.841368
2026-04-02T12:30:31.205144,4671074,24.328510,0.408382,0.801769
2026-04-02T12:30:31.208233,4671667,24.331599,0.380618,0.781890
2026-04-02T12:30:31.218233,4673587,24.341599,0.385943,0.855408
2026-04-02T12:30:31.242654,4674180,24.344687,0.405472,0.791651
2026-04-02T12:30:31.252654,4676100,24.354688,0.386406,0.788292
2026-04-02T12:30:31.255743,4676693,24.357776,0.397270,0.763691
2026-04-02T12:30:31.265743,4678613,24.367776,0.378664,0.771411
2026-04-02T12:30:31.247498,4679206,24.370865,0.406571,0.804199
2026-04-02T12:30:31.257498,4681126,24.380865,0.386319,0.814208
2026-04-02T12:30:31.260586,4681719,24.383953,0.393549,0.780438
2026-04-02T12:30:31.270586,4683639,24.393953,0.421666,0.757359
2026-04-02T12:30:31.295008,4684232,24.397042,0.355570,0.774887
2026-04-02T12:30:31.305008,4686152,24.407042,0.434296,0.757952
2026-04-02T12:30:31.308096,4686745,24.410130,0.405429,0.789654
2026-04-02T12:30:31.318096,4688665,24.420130,0.373005,0.791016
2026-04-02T12:30:31.299851,4689258,24.423219,0.403615,0.813915
2026-04-02T12:30:31.309851,4691178,24.433219,0.451062,0.834269
2026-04-02T12:30:31.312940,4691771,24.436307,0.376589,0.830022
2026-04-02T12:30:31.322940,4693691,24.446307,0.418298,0.778850
2026-04-02T12:30:31.347361,4694284,24.449396,0.398184,0.790943
2026-04-02T12:30:31.357361,4696204,24.459396,0.452196,0.800321
2026-04-02T12:30:31.360450,4696797,24.462484,0.410699,0.811646
2026-04-02T12:30:31.370450,4698717,24.472484,0.365736,0.772382
2026-04-02T12:30:31.352205,4699310,24.475573,0.381703,0.754454
2026-04-02T12:30:31.362205,4701230,24.485573,0.407263,0.799788
2026-04-02T12:30:31.365293,4701823,24.488661,0.444524,0.830075
2026-04-02T12:30:31.375293,4703743,24.498661,0.407102,0.798527
2026-04-02T12:30:31.399715,4704336,24.501750,0.401491,0.786194
2026-04-02T12:30:31.409715,4706256,24.511750,0.380604,0.778700
2026-04-02T12:30:31.412803,4706849,24.514839,0.434747,0.780997
2026-04-02T12:30:31.422803,4708769,24.524839,0.395732,0.768186
2026-04-02T12:30:31.404558,4709362,24.527927,0.413253,0.830767
2026-04-02T12:30:31.414558,4711282,24.537927,0.450844,0.824472
2026-04-02T12:30:31.417647,4711875,24.541016,0.388208,0.813624
2026-04-02T12:30:31.427647,4713795,24.551016,0.395268,0.804989
2026-04-02T12:30:31.452068,4714388,24.554104,0.436443,0.745899
2026-04-02T12:30:31.462068,4716308,24.564104,0.454031,0.791232
2026-04-02T12:30:31.465157,4716901,24.567193,0.415892,0.812377
2026-04-02T12:30:31.475157,4718821,24.577193,0.412714,0.809805
2026-04-02T12:30:31.456912,4719414,24.580281,0.344489,0.850633
2026-04-02T12:30:31.466912,4721334,24.590281,0.408013,0.848338
2026-04-02T12:30:31.470000,4721927,24.593370,0.422509,0.851028
2026-04-02T12:30:31.480000,4723847,24.603370,0.392910,0.782818
2026-04-02T12:30:31.504421,4724440,24.606458,0.419106,0.788623
2026-04-02T12:30:31.514421,4726360,24.616458,0.383926,0.817657
2026-04-02T12:30:31.517510,4726953,24.619547,0.372864,0.739069
2026-04-02T12:30:31.527510,4728873,24.629547,0.384974,0.761008
2026-04-02T12:30:31.509265,4729466,24.632635,0.411366,0.784594
2026-04-02T12:30:31.519265,4731386,24.642635,0.350151,0.808533
2026-04-02T12:30:31.522354,4731979,24.645724,0.380730,0.776302
2026-04-02T12:30:31.532354,4733899,24.655724,0.431276,0.783107
2026-04-02T12:30:31.556775,4734492,24.658812,0.474215,0.790791
2026-04-02T12:30:31.566775,4736412,24.668813,0.450373,0.806013
2026-04-02T12:30:31.569863,4737005,24.671901,0.386502,0.790618
2026-04-02T12:30:31.579863,4738925,24.681901,0.352079,0.764869
2026-04-02T12:30:31.561619,4739518,24.684990,0.451675,0.795650
2026-04-02T12:30:31.571619,4741438,24.694990,0.409369,0.823599
2026-04-02T12:30:31.574707,4742031,24.698078,0.399164,0.752354
2026-04-02T12:30:31.584707,4743951,24.708078,0.374313,0.789400
2026-04-02T12:30:31.609128,4744544,24.711167,0.401730,0.816284
2026-04-02T12:30:31.619128,4746464,24.721167,0.399731,0.817381
2026-04-02T12:30:31.622217,4747057,24.724255,0.458230,0.818408
2026-04-02T12:30:31.632217,4748977,24.734255,0.407886,0.749903
2026-04-02T12:30:31.613972,4749570,24.737344,0.395966,0.800187
2026-04-02T12:30:31.623972,4751490,24.747344,0.417150,0.813112
2026-04-02T12:30:31.627061,4752083,24.750432,0.417412,0.784873
2026-04-02T12:30:31.637061,4754003,24.760432,0.414530,0.788216
2026-04-02T12:30:31.661482,4754596,24.763521,0.394133,0.802970
2026-04-02T12:30:31.671482,4756516,24.773521,0.381647,0.833049
2026-04-02T12:30:31.674570,4757109,24.776609,0.440468,0.771627
2026-04-02T12:30:31.684570,4759029,24.786609,0.412322,0.807109
2026-04-02T12:30:31.666326,4759622,24.789698,0.429367,0.784343
2026-04-02T12:30:31.676326,4761542,24.799698,0.402369,0.787291
2026-04-02T12:30:31.679414,4762135,24.802786,0.415017,0.784384
2026-04-02T12:30:31.689414,4764055,24.812786,0.365081,0.824848
2026-04-02T12:30:31.713835,4764648,24.815875,0.389387,0.744443
2026-04-02T12:30:31.723835,4766568,24.825875,0.402992,0.833490
2026-04-02T12:30:31.726924,4767161,24.828964,0.426423,0.799446
2026-04-02T12:30:31.736924,4769081,24.838964,0.387176,0.812123
2026-04-02T12:30:31.718679,4769674,24.842052,0.392151,0.782429
2026-04-02T12:30:31.728679,4771594,24.852052,0.364225,0.761891
2026-04-02T12:30:31.731768,4772187,24.855141,0.400187,0.789884
2026-04-02T12:30:31.741768,4774107,24.865141,0.326645,0.814939
2026-04-02T12:30:31.766189,4774700,24.868229,0.407060,0.807006
2026-04-02T12:30:31.776189,4776620,24.878229,0.401053,0.789283
2026-04-02T12:30:31.779277,4777213,24.881318,0.365020,0.745175
2026-04-02T12:30:31.789277,4779133,24.891318,0.382103,0.822834
2026-04-02T12:30:31.771033,4779726,24.894406,0.401500,0.786167
2026-04-02T12:30:31.781033,4781646,24.904406,0.410700,0.869813
2026-04-02T12:30:31.784121,4782239,24.907495,0.383290,0.810991
2026-04-02T12:30:31.794121,4784159,24.917495,0.384747,0.779502
2026-04-02T12:30:31.818542,4784752,24.920583,0.418361,0.769060
2026-04-02T12:30:31.828542,4786672,24.930583,0.362476,0.823115
2026-04-02T12:30:31.831631,4787265,24.933672,0.403748,0.823084
2026-04-02T12:30:31.841631,4789185,24.943672,0.374311,0.782516
2026-04-02T12:30:31.823386,4789778,24.946760,0.378283,0.809335
2026-04-02T12:30:31.833386,4791698,24.956760,0.417620,0.836214
2026-04-02T12:30:31.836474,4792291,24.959849,0.416013,0.810067
2026-04-02T12:30:31.846474,4794211,24.969849,0.381704,0.771286
2026-04-02T12:30:31.870896,4794804,24.972938,0.386844,0.792159
2026-04-02T12:30:31.880896,4796724,24.982937,0.431219,0.815612
2026-04-02T12:30:31.883984,4797317,24.986026,0.392336,0.764896
2026-04-02T12:30:31.893984,4799237,24.996026,0.464627,0.813113
2026-04-02T12:30:31.875739,4799830,24.999115,0.360159,0.752180
2026-04-02T12:30:31.885739,4801750,25.009115,0.414336,0.812200
2026-04-02T12:30:31.888828,4802343,25.012203,0.382348,0.827241
2026-04-02T12:30:31.898828,4804263,25.022203,0.346929,0.773365
2026-04-02T12:30:31.923249,4804856,25.025292,0.421971,0.804667
2026-04-02T12:30:31.933249,4806776,25.035292,0.409379,0.763794
2026-04-02T12:30:31.936338,4807369,25.038380,0.441661,0.791179
2026-04-02T12:30:31.946338,4809289,25.048380,0.388065,0.831566
2026-04-02T12:30:31.928093,4809882,25.051469,0.414127,0.827682
2026-04-02T12:30:31.938093,4811802,25.061469,0.396099,0.792539
2026-04-02T12:30:31.941181,4812395,25.064557,0.409201,0.736484
2026-04-02T12:30:31.951181,4814315,25.074557,0.416859,0.854672
2026-04-02T12:30:31.975603,4814908,25.077646,0.404879,0.840979
2026-04-02T12:30:31.985603,4816828,25.087646,0.401012,0.841552
2026-04-02T12:30:31.988691,4817421,25.090734,0.420536,0.798201
2026-04-02T12:30:31.998691,4819341,25.100734,0.405692,0.820294
2026-04-02T12:30:31.980446,4819934,25.103823,0.428668,0.801064
2026-04-02T12:30:31.990446,4821854,25.113823,0.355422,0.776842
2026-04-02T12:30:31.993535,4822447,25.116911,0.426268,0.789360
2026-04-02T12:30:32.003535,4824367,25.126911,0.346396,0.790635
2026-04-02T12:30:32.027956,4824960,25.130000,0.400968,0.806064
2026-04-02T12:30:32.037956,4826880,25.140000,0.390199,0.789569
2026-04-02T12:30:32.041045,4827473,25.143089,0.422648,0.822367
2026-04-02T12:30:32.051045,4829393,25.153089,0.441393,0.791266
2026-04-02T12:30:32.032800,4829986,25.156177,0.378420,0.796280
2026-04-02T12:30:32.042800,4831906,25.166177,0.410529,0.827913
2026-04-02T12:30:32.045888,4832499,25.169266,0.404539,0.774048
2026-04-02T12:30:32.055888,4834419,25.179266,0.410855,0.808857
2026-04-02T12:30:32.080309,4835012,25.182354,0.379915,0.835826
2026-04-02T12:30:32.090309,4836932,25.192354,0.383669,0.841510
2026-04-02T12:30:32.093398,4837525,25.195443,0.375929,0.774709
2026-04-02T12:30:32.103398,4839445,25.205443,0.406536,0.782350
2026-04-02T12:30:32.085153,4840038,25.208531,0.398260,0.805323
2026-04-02T12:30:32.095153,4841958,25.218531,0.377256,0.780830
2026-04-02T12:30:32.098242,4842551,25.221620,0.385179,0.784396
2026-04-02T12:30:32.108242,4844471,25.231620,0.435953,0.739844
2026-04-02T12:30:32.132663,4845064,25.234708,0.385605,0.787482
2026-04-02T12:30:32.142663,4846984,25.244708,0.390312,0.830088
2026-04-02T12:30:32.145751,4847577,25.247797,0.395978,0.811981
2026-04-02T12:30:32.155751,4849497,25.257797,0.419852,0.799295
2026-04-02T12:30:32.137507,4850090,25.260885,0.377423,0.780351
2026-04-02T12:30:32.147507,4852010,25.270885,0.373847,0.797339
2026-04-02T12:30:32.150595,4852603,25.273974,0.423229,0.839549
2026-04-02T12:30:32.160595,4854523,25.283974,0.404287,0.790521
2026-04-02T12:30:32.185016,4855116,25.287063,0.385864,0.789948
2026-04-02T12:30:32.195016,4857036,25.297062,0.404939,0.817506
2026-04-02T12:30:32.198105,4857629,25.300151,0.398358,0.786523
2026-04-02T12:30:32.208105,4859549,25.310151,0.415997,0.790675
2026-04-02T12:30:32.189860,4860142,25.313240,0.375850,0.808826
2026-04-02T12:30:32.199860,4862062,25.323240,0.433624,0.786531
2026-04-02T12:30:32.202949,4862655,25.326328,0.409928,0.815109
2026-04-02T12:30:32.212949,4864575,25.336328,0.385461,0.769917
2026-04-02T12:30:32.237370,4865168,25.339417,0.382130,0.797442
2026-04-02T12:30:32.247370,4867088,25.349417,0.427550,0.840926
2026-04-02T12:30:32.250458,4867681,25.352505,0.391960,0.780015
2026-04-02T12:30:32.260458,4869601,25.362505,0.407650,0.789020
2026-04-02T12:30:32.242213,4870194,25.365594,0.404260,0.747301
2026-04-02T12:30:32.252213,4872114,25.375594,0.431655,0.828248
2026-04-02T12:30:32.255302,4872707,25.378682,0.407570,0.841414
2026-04-02T12:30:32.265302,4874627,25.388682,0.415218,0.795856
2026-04-02T12:30:32.289723,4875220,25.391771,0.433488,0.836981
2026-04-02T12:30:32.299723,4877140,25.401771,0.435897,0.806436
2026-04-02T12:30:32.302812,4877733,25.404859,0.421139,0.813919
2026-04-02T12:30:32.312812,4879653,25.414859,0.377421,0.791564
2026-04-02T12:30:32.294567,4880246,25.417948,0.406458,0.771141
2026-04-02T12:30:32.304567,4882166,25.427948,0.407467,0.810255
2026-04-02T12:30:32.307655,4882759,25.431036,0.413232,0.761748
2026-04-02T12:30:32.317655,4884679,25.441036,0.389094,0.788312
2026-04-02T12:30:32.342077,4885272,25.444125,0.384668,0.874964
2026-04-02T12:30:32.352077,4887192,25.454125,0.404253,0.808026
2026-04-02T12:30:32.355165,4887785,25.457214,0.399621,0.785732
2026-04-02T12:30:32.365165,4889705,25.467214,0.449609,0.760774
2026-04-02T12:30:32.346920,4890298,25.470302,0.438631,0.784441
2026-04-02T12:30:32.356920,4892218,25.480302,0.348797,0.794631
2026-04-02T12:30:32.360009,4892811,25.483391,0.401695,0.791875
2026-04-02T12:30:32.370009,4894731,25.493391,0.362717,0.786193
2026-04-02T12:30:32.394430,4895324,25.496479,0.455553,0.779737
2026-04-02T12:30:32.404430,4897244,25.506479,0.413118,0.824448
2026-04-02T12:30:32.407519,4897837,25.509568,0.375428,0.768626
2026-04-02T12:30:32.417519,4899757,25.519568,0.415255,0.814969
2026-04-02T12:30:32.399274,4900350,25.522656,0.399499,0.789498
2026-04-02T12:30:32.409274,4902270,25.532656,0.387171,0.804740
2026-04-02T12:30:32.412362,4902863,25.535745,0.374369,0.769404
2026-04-02T12:30:32.422362,4904783,25.545745,0.383717,0.803890
2026-04-02T12:30:32.446783,4905376,25.548833,0.367046,0.780691
2026-04-02T12:30:32.456783,4907296,25.558833,0.443083,0.819097
2026-04-02T12:30:32.459872,4907889,25.561922,0.390404,0.822093
2026-04-02T12:30:32.469872,4909809,25.571922,0.407177,0.769952
2026-04-02T12:30:32.451627,4910402,25.575010,0.413217,0.775050
2026-04-02T12:30:32.461627,4912322,25.585010,0.447028,0.812454
2026-04-02T12:30:32.464716,4912915,25.588099,0.399403,0.803072
2026-04-02T12:30:32.474716,4914835,25.598099,0.357249,0.792104
2026-04-02T12:30:32.499137,4915428,25.601188,0.442004,0.784516
2026-04-02T12:30:32.509137,4917348,25.611187,0.429034,0.813249
2026-04-02T12:30:32.512225,4917941,25.614276,0.391305,0.798789
2026-04-02T12:30:32.522225,4919861,25.624276,0.373563,0.853608
2026-04-02T12:30:32.503980,4920454,25.627365,0.415012,0.818743
2026-04-02T12:30:32.513980,4922374,25.637365,0.418579,0.833823
2026-04-02T12:30:32.517069,4922967,25.640453,0.392040,0.829842
2026-04-02T12:30:32.527069,4924887,25.650453,0.418088,0.831227
2026-04-02T12:30:32.551490,4925480,25.653542,0.377308,0.765298
2026-04-02T12:30:32.561490,4927400,25.663542,0.386719,0.808445
2026-04-02T12:30:32.564579,4927993,25.666630,0.404517,0.809230
2026-04-02T12:30:32.574579,4929913,25.676630,0.416757,0.825192
2026-04-02T12:30:32.556334,4930506,25.679719,0.381907,0.827546
2026-04-02T12:30:32.566334,4932426,25.689719,0.426734,0.806541
2026-04-02T12:30:32.569422,4933019,25.692807,0.407914,0.776570
2026-04-02T12:30:32.579422,4934939,25.702807,0.422501,0.811919
2026-04-02T12:30:32.603844,4935532,25.705896,0.364971,0.810725
2026-04-02T12:30:32.613844,4937452,25.715896,0.463189,0.823110
2026-04-02T12:30:32.616932,4938045,25.718984,0.385965,0.823955
2026-04-02T12:30:32.626932,4939965,25.728984,0.358823,0.804629
2026-04-02T12:30:32.608687,4940558,25.732073,0.412505,0.780670
2026-04-02T12:30:32.618687,4942478,25.742073,0.368850,0.792547
2026-04-02T12:30:32.621776,4943071,25.745161,0.386675,0.789583
2026-04-02T12:30:32.631776,4944991,25.755161,0.435705,0.856488
2026-04-02T12:30:32.656197,4945584,25.758250,0.404343,0.816257
2026-04-02T12:30:32.666197,4947504,25.768250,0.355892,0.836234
2026-04-02T12:30:32.669286,4948097,25.771339,0.393690,0.820410
2026-04-02T12:30:32.679286,4950017,25.781339,0.388802,0.794445
2026-04-02T12:30:32.661041,4950610,25.784427,0.361259,0.812361
2026-04-02T12:30:32.671041,4952530,25.794427,0.433312,0.815712
2026-04-02T12:30:32.674129,4953123,25.797516,0.386142,0.801192
2026-04-02T12:30:32.684129,4955043,25.807516,0.425480,0.770702
2026-04-02T12:30:32.708551,4955636,25.810604,0.419242,0.751282
2026-04-02T12:30:32.718551,4957556,25.820604,0.391697,0.809793
2026-04-02T12:30:32.721639,4958149,25.823693,0.392363,0.803429
2026-04-02T12:30:32.731639,4960069,25.833693,0.332811,0.817279
2026-04-02T12:30:32.713394,4960662,25.836781,0.409725,0.790888
2026-04-02T12:30:32.723394,4962582,25.846781,0.398681,0.782438
2026-04-02T12:30:32.726483,4963175,25.849870,0.380821,0.794665
2026-04-02T12:30:32.736483,4965095,25.859870,0.345204,0.753380
2026-04-02T12:30:32.760904,4965688,25.862958,0.392103,0.797808
2026-04-02T12:30:32.770904,4967608,25.872958,0.381281,0.838269
2026-04-02T12:30:32.773993,4968201,25.876047,0.421735,0.834432
2026-04-02T12:30:32.783993,4970121,25.886047,0.401238,0.814769
2026-04-02T12:30:32.765748,4970714,25.889135,0.431261,0.783593
2026-04-02T12:30:32.775748,4972634,25.899135,0.374599,0.796810
2026-04-02T12:30:32.778836,4973227,25.902224,0.433549,0.825746
2026-04-02T12:30:32.788836,4975147,25.912224,0.401558,0.794110
2026-04-02T12:30:32.813258,4975740,25.915312,0.410200,0.782817
2026-04-02T12:30:32.823258,4977660,25.925313,0.431504,0.791866
2026-04-02T12:30:32.826346,4978253,25.928401,0.371960,0.819139
2026-04-02T12:30:32.836346,4980173,25.938401,0.424040,0.816320
2026-04-02T12:30:32.818101,4980766,25.941490,0.422613,0.837532
2026-04-02T12:30:32.828101,4982686,25.951490,0.401129,0.751978
2026-04-02T12:30:32.831190,4983279,25.954578,0.425392,0.789049
2026-04-02T12:30:32.841190,4985199,25.964578,0.416477,0.804243
2026-04-02T12:30:32.865611,4985792,25.967667,0.420177,0.781018
2026-04-02T12:30:32.875611,4987712,25.977667,0.414571,0.797260
2026-04-02T12:30:32.878700,4988305,25.980755,0.413495,0.780763
2026-04-02T12:30:32.888700,4990225,25.990755,0.411234,0.779634
2026-04-02T12:30:32.870455,4990818,25.993844,0.399528,0.766481
2026-04-02T12:30:32.880455,4992738,26.003844,0.422399,0.772460
2026-04-02T12:30:32.883543,4993331,26.006932,0.380703,0.769644
2026-04-02T12:30:32.893543,4995251,26.016932,0.399777,0.830649
2026-04-02T12:30:32.917964,4995844,26.020021,0.359889,0.782837
2026-04-02T12:30:32.927964,4997764,26.030021,0.358885,0.742230
2026-04-02T12:30:32.931053,4998357,26.033109,0.467997,0.809975
2026-04-02T12:30:32.941053,5000277,26.043109,0.374644,0.778974
2026-04-02T12:30:32.922808,5000870,26.046198,0.418868,0.830721
2026-04-02T12:30:32.932808,5002790,26.056198,0.386023,0.798869
2026-04-02T12:30:32.935897,5003383,26.059286,0.412362,0.794586
2026-04-02T12:30:32.945897,5005303,26.069286,0.388395,0.837692
2026-04-02T12:30:32.970318,5005896,26.072375,0.417310,0.825387
2026-04-02T12:30:32.980318,5007816,26.082375,0.362924,0.778703
2026-04-02T12:30:32.983406,5008409,26.085464,0.363623,0.822212
2026-04-02T12:30:32.993406,5010329,26.095464,0.379089,0.818952
2026-04-02T12:30:32.975162,5010922,26.098552,0.396846,0.816801
2026-04-02T12:30:32.985162,5012842,26.108552,0.369137,0.806300
2026-04-02T12:30:32.988250,5013435,26.111641,0.395844,0.774838
2026-04-02T12:30:32.998250,5015355,26.121641,0.398804,0.802668
2026-04-02T12:30:33.022671,5015948,26.124729,0.418734,0.801174
2026-04-02T12:30:33.032671,5017868,26.134729,0.399257,0.837360
2026-04-02T12:30:33.035760,5018461,26.137818,0.439589,0.754317
2026-04-02T12:30:33.045760,5020381,26.147818,0.404874,0.792711
2026-04-02T12:30:33.027515,5020974,26.150906,0.381219,0.852518
2026-04-02T12:30:33.037515,5022894,26.160906,0.367109,0.800760
2026-04-02T12:30:33.040604,5023487,26.163995,0.390755,0.811047
2026-04-02T12:30:33.050604,5025407,26.173995,0.339620,0.773028
2026-04-02T12:30:33.075025,5026000,26.177083,0.386182,0.810882
2026-04-02T12:30:33.085025,5027920,26.187083,0.427349,0.828675
2026-04-02T12:30:33.088113,5028513,26.190172,0.454862,0.808936
2026-04-02T12:30:33.098113,5030433,26.200172,0.426567,0.821809
2026-04-02T12:30:33.079869,5031026,26.203260,0.422986,0.802191
2026-04-02T12:30:33.089869,5032946,26.213260,0.428170,0.805153
2026-04-02T12:30:33.092957,5033539,26.216349,0.363386,0.813515
2026-04-02T12:30:33.102957,5035459,26.226349,0.379276,0.830233
2026-04-02T12:30:33.127378,5036052,26.229437,0.423494,0.804515
2026-04-02T12:30:33.137378,5037972,26.239438,0.418298,0.772472
2026-04-02T12:30:33.140467,5038565,26.242526,0.360041,0.808591
2026-04-02T12:30:33.150467,5040485,26.252526,0.362502,0.817608
2026-04-02T12:30:33.132222,5041078,26.255615,0.383838,0.777988
2026-04-02T12:30:33.142222,5042998,26.265615,0.410141,0.828709
2026-04-02T12:30:33.145311,5043591,26.268703,0.434479,0.806891
2026-04-02T12:30:33.155311,5045511,26.278703,0.391360,0.800122
2026-04-02T12:30:33.179732,5046104,26.281792,0.374026,0.780585
2026-04-02T12:30:33.189732,5048024,26.291792,0.373668,0.829135
2026-04-02T12:30:33.192820,5048617,26.294880,0.433386,0.804960
2026-04-02T12:30:33.202820,5050537,26.304880,0.364587,0.829306
2026-04-02T12:30:33.184575,5051130,26.307969,0.416716,0.802107
2026-04-02T12:30:33.194575,5053050,26.317969,0.442455,0.829118
2026-04-02T12:30:33.197664,5053643,26.321057,0.435103,0.797198
2026-04-02T12:30:33.207664,5055563,26.331057,0.429638,0.784638
2026-04-02T12:30:33.232085,5056156,26.334146,0.415610,0.796292
2026-04-02T12:30:33.242085,5058076,26.344146,0.400344,0.819684
2026-04-02T12:30:33.245174,5058669,26.347234,0.410235,0.805162
2026-04-02T12:30:33.255174,5060589,26.357234,0.383593,0.811271
2026-04-02T12:30:33.236929,5061182,26.360323,0.401441,0.796559
2026-04-02T12:30:33.246929,5063102,26.370323,0.415766,0.834002
2026-04-02T12:30:33.250017,5063695,26.373411,0.373559,0.755790
2026-04-02T12:30:33.260017,5065615,26.383411,0.372888,0.823982
2026-04-02T12:30:33.284439,5066208,26.386500,0.396515,0.795884
2026-04-02T12:30:33.294439,5068128,26.396500,0.412634,0.802613
2026-04-02T12:30:33.297527,5068721,26.399589,0.435187,0.783691
2026-04-02T12:30:33.307527,5070641,26.409589,0.394648,0.788956
2026-04-02T12:30:33.289282,5071234,26.412677,0.395762,0.789012
2026-04-02T12:30:33.299282,5073154,26.422677,0.406134,0.793886
2026-04-02T12:30:33.302371,5073747,26.425766,0.403195,0.760258
2026-04-02T12:30:33.312371,5075667,26.435766,0.395372,0.786070
2026-04-02T12:30:33.336792,5076260,26.438854,0.387685,0.848790
2026-04-02T12:30:33.346792,5078180,26.448854,0.378339,0.806112
2026-04-02T12:30:33.349881,5078773,26.451943,0.382101,0.798330
2026-04-02T12:30:33.359881,5080693,26.461943,0.366835,0.847592
2026-04-02T12:30:33.341636,5081286,26.465031,0.398723,0.794172
2026-04-02T12:30:33.351636,5083206,26.475031,0.380841,0.804361
2026-04-02T12:30:33.354724,5083799,26.478120,0.396812,0.822201
2026-04-02T12:30:33.364724,5085719,26.488120,0.376394,0.802115
2026-04-02T12:30:33.389146,5086312,26.491208,0.427703,0.808792
2026-04-02T12:30:33.399146,5088232,26.501208,0.405136,0.831119
2026-04-02T12:30:33.402234,5088825,26.504297,0.416213,0.857828
2026-04-02T12:30:33.412234,5090745,26.514297,0.415605,0.810309
2026-04-02T12:30:33.393989,5091338,26.517385,0.389297,0.793716
2026-04-02T12:30:33.403989,5093258,26.527385,0.390134,0.822819
2026-04-02T12:30:33.407078,5093851,26.530474,0.393317,0.856151
2026-04-02T12:30:33.417078,5095771,26.540474,0.411646,0.809406
2026-04-02T12:30:33.441499,5096364,26.543563,0.413347,0.797072
2026-04-02T12:30:33.451499,5098284,26.553563,0.414642,0.791094
2026-04-02T12:30:33.454588,5098877,26.556651,0.378539,0.760989
2026-04-02T12:30:33.464588,5100797,26.566651,0.458330,0.815911
2026-04-02T12:30:33.446343,5101390,26.569740,0.389296,0.795704
2026-04-02T12:30:33.456343,5103310,26.579740,0.405197,0.829794
2026-04-02T12:30:33.459431,5103903,26.582828,0.389864,0.792607
2026-04-02T12:30:33.469431,5105823,26.592828,0.416971,0.787188
2026-04-02T12:30:33.493852,5106416,26.595917,0.443540,0.798181
2026-04-02T12:30:33.503852,5108336,26.605917,0.390845,0.744403
2026-04-02T12:30:33.506941,5108929,26.609005,0.458707,0.783884
2026-04-02T12:30:33.516941,5110849,26.619005,0.342016,0.767771
2026-04-02T12:30:33.498696,5111442,26.622094,0.414855,0.777600
2026-04-02T12:30:33.508696,5113362,26.632094,0.395406,0.798193
2026-04-02T12:30:33.511785,5113955,26.635182,0.427104,0.819438
2026-04-02T12:30:33.521785,5115875,26.645182,0.435242,0.787435
2026-04-02T12:30:33.546205,5116468,26.648271,0.384342,0.808800
2026-04-02T12:30:33.556205,5118388,26.658271,0.386903,0.812620
2026-04-02T12:30:33.559294,5118981,26.661359,0.373898,0.828340
2026-04-02T12:30:33.569294,5120901,26.671359,0.400426,0.803425
2026-04-02T12:30:33.551049,5121494,26.674448,0.360428,0.812348
2026-04-02T12:30:33.561049,5123414,26.684448,0.428708,0.792457
2026-04-02T12:30:33.564138,5124007,26.687536,0.398785,0.799604
2026-04-02T12:30:33.574138,5125927,26.697536,0.406085,0.792186
2026-04-02T12:30:33.598559,5126520,26.700625,0.405634,0.787292
2026-04-02T12:30:33.608559,5128440,26.710625,0.422762,0.801837
2026-04-02T12:30:33.611647,5129033,26.713714,0.404088,0.753515
2026-04-02T12:30:33.621647,5130953,26.723714,0.411078,0.821681
2026-04-02T12:30:33.603403,5131546,26.726802,0.398444,0.837871
2026-04-02T12:30:33.613403,5133466,26.736802,0.450583,0.786482
2026-04-02T12:30:33.616491,5134059,26.739891,0.408406,0.798409
2026-04-02T12:30:33.626491,5135979,26.749891,0.408972,0.866855
2026-04-02T12:30:33.650912,5136572,26.752979,0.366677,0.811270
2026-04-02T12:30:33.660912,5138492,26.762979,0.417051,0.831063
2026-04-02T12:30:33.664001,5139085,26.766068,0.429598,0.811310
2026-04-02T12:30:33.674001,5141005,26.776068,0.392846,0.769378
2026-04-02T12:30:33.655756,5141598,26.779156,0.470007,0.792001
2026-04-02T12:30:33.665756,5143518,26.789156,0.439543,0.801274
2026-04-02T12:30:33.668845,5144111,26.792245,0.419117,0.789161
2026-04-02T12:30:33.678845,5146031,26.802245,0.415923,0.792487
2026-04-02T12:30:33.703266,5146624,26.805333,0.401440,0.776721
2026-04-02T12:30:33.713266,5148544,26.815333,0.421126,0.789213
2026-04-02T12:30:33.716354,5149137,26.818422,0.395441,0.806078
2026-04-02T12:30:33.726354,5151057,26.828422,0.409765,0.802853
2026-04-02T12:30:33.708109,5151650,26.831510,0.418370,0.804121
2026-04-02T12:30:33.718109,5153570,26.841510,0.395631,0.834185
2026-04-02T12:30:33.721198,5154163,26.844599,0.383127,0.798822
2026-04-02T12:30:33.731198,5156083,26.854599,0.375076,0.791199
2026-04-02T12:30:33.755619,5156676,26.857688,0.356509,0.840706
2026-04-02T12:30:33.765619,5158596,26.867687,0.413407,0.812690
2026-04-02T12:30:33.768708,5159189,26.870776,0.410373,0.809564
2026-04-02T12:30:33.778708,5161109,26.880776,0.420503,0.803928
2026-04-02T12:30:33.760463,5161702,26.883865,0.423204,0.818085
2026-04-02T12:30:33.770463,5163622,26.893865,0.405386,0.837792
2026-04-02T12:30:33.773551,5164215,26.896953,0.364705,0.807825
2026-04-02T12:30:33.783551,5166135,26.906953,0.396930,0.823145
2026-04-02T12:30:33.807973,5166728,26.910042,0.415698,0.815437
2026-04-02T12:30:33.817973,5168648,26.920042,0.405962,0.818228
2026-04-02T12:30:33.821061,5169241,26.923130,0.376535,0.789357
2026-04-02T12:30:33.831061,5171161,26.933130,0.390723,0.782035
2026-04-02T12:30:33.812816,5171754,26.936219,0.407350,0.806665
2026-04-02T12:30:33.822816,5173674,26.946219,0.361985,0.800948
2026-04-02T12:30:33.825905,5174267,26.949307,0.431690,0.776605
2026-04-02T12:30:33.835905,5176187,26.959307,0.405959,0.802303
2026-04-02T12:30:33.860327,5176780,26.962396,0.364257,0.798648
2026-04-02T12:30:33.870327,5178700,26.972396,0.383718,0.838797
2026-04-02T12:30:33.873415,5179293,26.975484,0.421184,0.843157
2026-04-02T12:30:33.883415,5181213,26.985484,0.387195,0.823192
2026-04-02T12:30:33.865170,5181806,26.988573,0.402830,0.791875
2026-04-02T12:30:33.875170,5183726,26.998573,0.385049,0.791213
2026-04-02T12:30:33.878259,5184319,27.001661,0.388939,0.805164
2026-04-02T12:30:33.888259,5186239,27.011661,0.401884,0.809742
2026-04-02T12:30:33.912680,5186832,27.014750,0.393404,0.783943
2026-04-02T12:30:33.922680,5188752,27.024750,0.354950,0.829401
2026-04-02T12:30:33.925769,5189345,27.027839,0.374440,0.840991
2026-04-02T12:30:33.935769,5191265,27.037839,0.434654,0.772861
2026-04-02T12:30:33.917524,5191858,27.040927,0.398174,0.843138
2026-04-02T12:30:33.927524,5193778,27.050927,0.380614,0.782046
2026-04-02T12:30:33.930612,5194371,27.054016,0.374850,0.815760
2026-04-02T12:30:33.940612,5196291,27.064016,0.424921,0.831714
2026-04-02T12:30:33.965033,5196884,27.067104,0.371775,0.794124
2026-04-02T12:30:33.975033,5198804,27.077104,0.412050,0.792070
2026-04-02T12:30:33.978122,5199397,27.080193,0.434226,0.801356
2026-04-02T12:30:33.988122,5201317,27.090193,0.388979,0.796590
2026-04-02T12:30:33.969877,5201910,27.093281,0.407274,0.754774
2026-04-02T12:30:33.979877,5203830,27.103281,0.480395,0.814039
2026-04-02T12:30:33.982966,5204423,27.106370,0.424152,0.829720
2026-04-02T12:30:33.992966,5206343,27.116370,0.400011,0.774108
2026-04-02T12:30:34.017387,5206936,27.119458,0.415800,0.780252
2026-04-02T12:30:34.027387,5208856,27.129458,0.427130,0.798636
2026-04-02T12:30:34.030475,5209449,27.132547,0.421841,0.792007
2026-04-02T12:30:34.040475,5211369,27.142547,0.348064,0.814690
2026-04-02T12:30:34.022231,5211962,27.145635,0.392911,0.809221
2026-04-02T12:30:34.032231,5213882,27.155635,0.380254,0.788122
2026-04-02T12:30:34.035319,5214475,27.158724,0.364603,0.792392
2026-04-02T12:30:34.045319,5216395,27.168724,0.439741,0.823556
2026-04-02T12:30:34.069740,5216988,27.171813,0.408241,0.803791
2026-04-02T12:30:34.079740,5218908,27.181812,0.404478,0.807997
2026-04-02T12:30:34.082829,5219501,27.184901,0.395273,0.832897
2026-04-02T12:30:34.092829,5221421,27.194901,0.357829,0.799749
2026-04-02T12:30:34.074584,5222014,27.197990,0.453622,0.803314
2026-04-02T12:30:34.084584,5223934,27.207990,0.395237,0.796289
2026-04-02T12:30:34.087673,5224527,27.211078,0.406338,0.822915
2026-04-02T12:30:34.097673,5226447,27.221078,0.349791,0.829846
2026-04-02T12:30:34.122094,5227040,27.224167,0.440669,0.760196
2026-04-02T12:30:34.132094,5228960,27.234167,0.411761,0.811481
2026-04-02T12:30:34.135182,5229553,27.237255,0.383873,0.764365
2026-04-02T12:30:34.145182,5231473,27.247255,0.369286,0.800340
2026-04-02T12:30:34.126938,5232066,27.250344,0.377465,0.821216
2026-04-02T12:30:34.136938,5233986,27.260344,0.361185,0.811725
2026-04-02T12:30:34.140026,5234579,27.263432,0.345558,0.780941
2026-04-02T12:30:34.150026,5236499,27.273432,0.392787,0.814650
2026-04-02T12:30:34.174447,5237092,27.276521,0.384776,0.806541
2026-04-02T12:30:34.184447,5239012,27.286521,0.379288,0.842828
2026-04-02T12:30:34.187536,5239605,27.289609,0.407158,0.786915
2026-04-02T12:30:34.197536,5241525,27.299609,0.390735,0.782611
2026-04-02T12:30:34.179291,5242118,27.302698,0.421995,0.754819
2026-04-02T12:30:34.189291,5244038,27.312698,0.442810,0.765530
2026-04-02T12:30:34.192380,5244631,27.315786,0.381098,0.788149
2026-04-02T12:30:34.202380,5246551,27.325786,0.366046,0.848497
2026-04-02T12:30:34.226801,5247144,27.328875,0.391753,0.811413
2026-04-02T12:30:34.236801,5249064,27.338875,0.422302,0.807411
2026-04-02T12:30:34.239889,5249657,27.341964,0.404886,0.791861
2026-04-02T12:30:34.249889,5251577,27.351964,0.407778,0.816440
2026-04-02T12:30:34.231644,5252170,27.355052,0.417169,0.818152
2026-04-02T12:30:34.241644,5254090,27.365052,0.398258,0.786438
2026-04-02T12:30:34.244733,5254683,27.368141,0.356792,0.827007
2026-04-02T12:30:34.254733,5256603,27.378141,0.408553,0.821511
2026-04-02T12:30:34.279154,5257196,27.381229,0.396331,0.787690
2026-04-02T12:30:34.289154,5259116,27.391229,0.428140,0.793925
2026-04-02T12:30:34.292243,5259709,27.394318,0.426673,0.796859
2026-04-02T12:30:34.302243,5261629,27.404318,0.404633,0.808356
2026-04-02T12:30:34.283998,5262222,27.407406,0.407656,0.809429
2026-04-02T12:30:34.293998,5264142,27.417406,0.391462,0.781049
2026-04-02T12:30:34.297086,5264735,27.420495,0.346728,0.774219
2026-04-02T12:30:34.307086,5266655,27.430495,0.428859,0.795453
2026-04-02T12:30:34.331508,5267248,27.433583,0.367837,0.844075
2026-04-02T12:30:34.341508,5269168,27.443583,0.415743,0.820770
2026-04-02T12:30:34.344596,5269761,27.446672,0.411428,0.842417
2026-04-02T12:30:34.354596,5271681,27.456672,0.445416,0.810887
2026-04-02T12:30:34.336351,5272274,27.459760,0.389258,0.801832
2026-04-02T12:30:34.346351,5274194,27.469760,0.396509,0.784520
2026-04-02T12:30:34.349440,5274787,27.472849,0.418032,0.714231
2026-04-02T12:30:34.359440,5276707,27.482849,0.398815,0.799248
2026-04-02T12:30:34.383861,5277300,27.485937,0.390766,0.787626
2026-04-02T12:30:34.393861,5279220,27.495938,0.456284,0.793419
2026-04-02T12:30:34.396950,5279813,27.499026,0.432070,0.794852
2026-04-02T12:30:34.406950,5281733,27.509026,0.422719,0.806222
2026-04-02T12:30:34.388705,5282326,27.512115,0.374185,0.804749
2026-04-02T12:30:34.398705,5284246,27.522115,0.385621,0.779800
2026-04-02T12:30:34.401793,5284839,27.525203,0.413256,0.778839
2026-04-02T12:30:34.411793,5286759,27.535203,0.382758,0.793150
2026-04-02T12:30:34.436214,5287352,27.538292,0.413279,0.823179
2026-04-02T12:30:34.446214,5289272,27.548292,0.379214,0.824613
2026-04-02T12:30:34.449303,5289865,27.551380,0.403434,0.788485
2026-04-02T12:30:34.459303,5291785,27.561380,0.393459,0.757672
2026-04-02T12:30:34.441058,5292378,27.564469,0.364647,0.821437
2026-04-02T12:30:34.451058,5294298,27.574469,0.374196,0.807884
2026-04-02T12:30:34.454147,5294891,27.577557,0.390593,0.794948
2026-04-02T12:30:34.464147,5296811,27.587557,0.417765,0.795303
2026-04-02T12:30:34.488568,5297404,27.590646,0.424781,0.810308
2026-04-02T12:30:34.498568,5299324,27.600646,0.402513,0.751088
2026-04-02T12:30:34.501656,5299917,27.603734,0.398620,0.773301
2026-04-02T12:30:34.511656,5301837,27.613734,0.367216,0.811381
2026-04-02T12:30:34.493412,5302430,27.616823,0.414494,0.788004
2026-04-02T12:30:34.503412,5304350,27.626823,0.394556,0.806499
2026-04-02T12:30:34.506500,5304943,27.629911,0.430079,0.735674
2026-04-02T12:30:34.516500,5306863,27.639911,0.455266,0.781204
2026-04-02T12:30:34.540921,5307456,27.643000,0.385623,0.798544
2026-04-02T12:30:34.550921,5309376,27.653000,0.435902,0.803352
2026-04-02T12:30:34.554010,5309969,27.656089,0.415376,0.820011
2026-04-02T12:30:34.564010,5311889,27.666089,0.364077,0.765928
2026-04-02T12:30:34.545765,5312482,27.669177,0.386014,0.820271
2026-04-02T12:30:34.555765,5314402,27.679177,0.411017,0.780095
2026-04-02T12:30:34.558854,5314995,27.682266,0.435267,0.828513
2026-04-02T12:30:34.568854,5316915,27.692266,0.420215,0.803970
2026-04-02T12:30:34.593275,5317508,27.695354,0.378956,0.796433
2026-04-02T12:30:34.603275,5319428,27.705354,0.410354,0.842934
2026-04-02T12:30:34.606363,5320021,27.708443,0.404344,0.752800
2026-04-02T12:30:34.616363,5321941,27.718443,0.399376,0.772944
2026-04-02T12:30:34.598118,5322534,27.721531,0.382248,0.803503
2026-04-02T12:30:34.608118,5324454,27.731531,0.435249,0.794452
2026-04-02T12:30:34.611207,5325047,27.734620,0.371127,0.794524
2026-04-02T12:30:34.621207,5326967,27.744620,0.405685,0.807536
2026-04-02T12:30:34.645628,5327560,27.747708,0.394181,0.793499
2026-04-02T12:30:34.655628,5329480,27.757708,0.379863,0.793675
2026-04-02T12:30:34.658717,5330073,27.760797,0.351497,0.787655
2026-04-02T12:30:34.668717,5331993,27.770797,0.413996,0.797718
2026-04-02T12:30:34.650472,5332586,27.773885,0.392276,0.794891
2026-04-02T12:30:34.660472,5334506,27.783885,0.430026,0.812600
2026-04-02T12:30:34.663560,5335099,27.786974,0.406604,0.764139
2026-04-02T12:30:34.673560,5337019,27.796974,0.403187,0.808976
2026-04-02T12:30:34.697981,5337612,27.800062,0.429196,0.766934
2026-04-02T12:30:34.707981,5339532,27.810063,0.404241,0.763444
2026-04-02T12:30:34.711070,5340125,27.813151,0.346914,0.841403
2026-04-02T12:30:34.721070,5342045,27.823151,0.405777,0.816590
2026-04-02T12:30:34.702825,5342638,27.826240,0.414303,0.763791
2026-04-02T12:30:34.712825,5344558,27.836240,0.447851,0.787705
2026-04-02T12:30:34.715914,5345151,27.839328,0.381523,0.788172
2026-04-02T12:30:34.725914,5347071,27.849328,0.407488,0.817155
2026-04-02T12:30:34.750335,5347664,27.852417,0.386796,0.819862
2026-04-02T12:30:34.760335,5349584,27.862417,0.391468,0.791458
2026-04-02T12:30:34.763423,5350177,27.865505,0.383691,0.813263
2026-04-02T12:30:34.773423,5352097,27.875505,0.408844,0.828119
2026-04-02T12:30:34.755179,5352690,27.878594,0.381805,0.788285
2026-04-02T12:30:34.765179,5354610,27.888594,0.439812,0.799204
2026-04-02T12:30:34.768267,5355203,27.891682,0.400512,0.803685
2026-04-02T12:30:34.778267,5357123,27.901682,0.374148,0.834936
2026-04-02T12:30:34.802688,5357716,27.904771,0.421491,0.799638
2026-04-02T12:30:34.812688,5359636,27.914771,0.409709,0.771291
2026-04-02T12:30:34.815777,5360229,27.917859,0.412654,0.797786
2026-04-02T12:30:34.825777,5362149,27.927859,0.394555,0.782776
2026-04-02T12:30:34.807532,5362742,27.930948,0.375946,0.742111
2026-04-02T12:30:34.817532,5364662,27.940948,0.408927,0.798511
2026-04-02T12:30:34.820621,5365255,27.944036,0.378238,0.809940
2026-04-02T12:30:34.830621,5367175,27.954036,0.390181,0.814957
2026-04-02T12:30:34.855042,5367768,27.957125,0.384464,0.790169
2026-04-02T12:30:34.865042,5369688,27.967125,0.388837,0.821678
2026-04-02T12:30:34.868130,5370281,27.970214,0.422880,0.826536
2026-04-02T12:30:34.878130,5372201,27.980214,0.398726,0.776697
2026-04-02T12:30:34.859886,5372794,27.983302,0.414746,0.808575
2026-04-02T12:30:34.869886,5374714,27.993302,0.397380,0.799382
2026-04-02T12:30:34.872974,5375307,27.996391,0.440875,0.830212
2026-04-02T12:30:34.882974,5377227,28.006391,0.452011,0.810036
2026-04-02T12:30:34.907395,5377820,28.009479,0.328122,0.795662
2026-04-02T12:30:34.917395,5379740,28.019479,0.391654,0.780401
2026-04-02T12:30:34.920484,5380333,28.022568,0.424640,0.795782
2026-04-02T12:30:34.930484,5382253,28.032568,0.405936,0.771137
2026-04-02T12:30:34.912239,5382846,28.035656,0.381240,0.771385
2026-04-02T12:30:34.922239,5384766,28.045656,0.411051,0.787376
2026-04-02T12:30:34.925327,5385359,28.048745,0.413622,0.831465
2026-04-02T12:30:34.935327,5387279,28.058745,0.411406,0.759197
2026-04-02T12:30:34.959748,5387872,28.061833,0.366029,0.791832
2026-04-02T12:30:34.969748,5389792,28.071833,0.415607,0.776549
2026-04-02T12:30:34.972837,5390385,28.074922,0.381190,0.772345
2026-04-02T12:30:34.982837,5392305,28.084922,0.415716,0.803729
2026-04-02T12:30:34.964592,5392898,28.088010,0.343158,0.797455
2026-04-02T12:30:34.974592,5394818,28.098010,0.424216,0.804650
2026-04-02T12:30:34.977681,5395411,28.101099,0.387939,0.786802
2026-04-02T12:30:34.987681,5397331,28.111099,0.366018,0.838709
2026-04-02T12:30:35.012102,5397924,28.114187,0.363237,0.759712
2026-04-02T12:30:35.022102,5399844,28.124188,0.372118,0.822006
2026-04-02T12:30:35.025190,5400437,28.127276,0.411146,0.753290
2026-04-02T12:30:35.035190,5402357,28.137276,0.422534,0.791617
2026-04-02T12:30:35.016946,5402950,28.140365,0.400861,0.838166
2026-04-02T12:30:35.026946,5404870,28.150365,0.353051,0.816164
2026-04-02T12:30:35.030034,5405463,28.153453,0.395976,0.805345
2026-04-02T12:30:35.040034,5407383,28.163453,0.435030,0.804780
2026-04-02T12:30:35.064455,5407976,28.166542,0.345683,0.828815
2026-04-02T12:30:35.074455,5409896,28.176542,0.366752,0.815811
2026-04-02T12:30:35.077544,5410489,28.179630,0.415582,0.785855
2026-04-02T12:30:35.087544,5412409,28.189630,0.422631,0.790339
2026-04-02T12:30:35.069299,5413002,28.192719,0.437091,0.836966
2026-04-02T12:30:35.079299,5414922,28.202719,0.397626,0.786522
2026-04-02T12:30:35.082388,5415515,28.205807,0.432811,0.781779
2026-04-02T12:30:35.092388,5417435,28.215807,0.387933,0.791307
2026-04-02T12:30:35.116809,5418028,28.218896,0.404168,0.853652
2026-04-02T12:30:35.126809,5419948,28.228896,0.391762,0.790460
2026-04-02T12:30:35.129897,5420541,28.231984,0.424465,0.730903
2026-04-02T12:30:35.139897,5422461,28.241984,0.400545,0.761124
2026-04-02T12:30:35.121653,5423054,28.245073,0.376985,0.818136
2026-04-02T12:30:35.131653,5424974,28.255073,0.425047,0.819977
2026-04-02T12:30:35.134741,5425567,28.258161,0.386011,0.832863
2026-04-02T12:30:35.144741,5427487,28.268161,0.425037,0.823863
2026-04-02T12:30:35.169162,5428080,28.271250,0.401164,0.755653
2026-04-02T12:30:35.179162,5430000,28.281250,0.394177,0.790885
2026-04-02T12:30:35.182251,5430593,28.284339,0.387707,0.818427
2026-04-02T12:30:35.192251,5432513,28.294339,0.366621,0.809010
2026-04-02T12:30:35.174006,5433106,28.297427,0.355797,0.803377
2026-04-02T12:30:35.184006,5435026,28.307427,0.427514,0.812456
2026-04-02T12:30:35.187095,5435619,28.310516,0.372172,0.799179
2026-04-02T12:30:35.197095,5437539,28.320516,0.393883,0.793145
2026-04-02T12:30:35.221516,5438132,28.323604,0.423043,0.790711
2026-04-02T12:30:35.231516,5440052,28.333604,0.396317,0.816428
2026-04-02T12:30:35.234604,5440645,28.336693,0.388365,0.807965
2026-04-02T12:30:35.244604,5442565,28.346693,0.393746,0.818123
2026-04-02T12:30:35.226359,5443158,28.349781,0.373743,0.801315
2026-04-02T12:30:35.236359,5445078,28.359781,0.386772,0.793964
2026-04-02T12:30:35.239448,5445671,28.362870,0.359482,0.801189
2026-04-02T12:30:35.249448,5447591,28.372870,0.412175,0.845570
2026-04-02T12:30:35.273869,5448184,28.375958,0.403146,0.816980
2026-04-02T12:30:35.283869,5450104,28.385958,0.455285,0.805665
2026-04-02T12:30:35.286958,5450697,28.389047,0.357380,0.809439
2026-04-02T12:30:35.296958,5452617,28.399047,0.419125,0.814433
2026-04-02T12:30:35.278713,5453210,28.402135,0.391202,0.805854
2026-04-02T12:30:35.288713,5455130,28.412135,0.382993,0.766361
2026-04-02T12:30:35.291802,5455723,28.415224,0.424889,0.761364
2026-04-02T12:30:35.301802,5457643,28.425224,0.358243,0.797469
2026-04-02T12:30:35.326223,5458236,28.428313,0.427638,0.849024
2026-04-02T12:30:35.336223,5460156,28.438312,0.434085,0.852994
2026-04-02T12:30:35.339311,5460749,28.441401,0.418419,0.793486
2026-04-02T12:30:35.349311,5462669,28.451401,0.363550,0.819503
2026-04-02T12:30:35.331067,5463262,28.454490,0.382161,0.843361
2026-04-02T12:30:35.341067,5465182,28.464490,0.392630,0.822017
2026-04-02T12:30:35.344155,5465775,28.467578,0.421224,0.823640
2026-04-02T12:30:35.354155,5467695,28.477578,0.417880,0.798542
2026-04-02T12:30:35.378576,5468288,28.480667,0.352413,0.807534
2026-04-02T12:30:35.388576,5470208,28.490667,0.389172,0.798727
2026-04-02T12:30:35.391665,5470801,28.493755,0.406265,0.786494
2026-04-02T12:30:35.401665,5472721,28.503755,0.407795,0.788635
2026-04-02T12:30:35.383420,5473314,28.506844,0.406985,0.776041
2026-04-02T12:30:35.393420,5475234,28.516844,0.457191,0.825178
2026-04-02T12:30:35.396509,5475827,28.519932,0.389949,0.808580
2026-04-02T12:30:35.406509,5477747,28.529932,0.405166,0.815338
2026-04-02T12:30:35.430930,5478340,28.533021,0.421262,0.843886
2026-04-02T12:30:35.440930,5480260,28.543021,0.402741,0.799015
2026-04-02T12:30:35.444018,5480853,28.546109,0.407004,0.800319
2026-04-02T12:30:35.454018,5482773,28.556109,0.386933,0.803157
2026-04-02T12:30:35.435773,5483366,28.559198,0.350982,0.752315
2026-04-02T12:30:35.445773,5485286,28.569198,0.365066,0.756831
2026-04-02T12:30:35.448862,5485879,28.572286,0.374383,0.784528
2026-04-02T12:30:35.458862,5487799,28.582286,0.412550,0.782038
2026-04-02T12:30:35.483283,5488392,28.585375,0.419204,0.816570
2026-04-02T12:30:35.493283,5490312,28.595375,0.408162,0.812385
2026-04-02T12:30:35.496372,5490905,28.598464,0.403198,0.830618
2026-04-02T12:30:35.506372,5492825,28.608464,0.416169,0.808344
2026-04-02T12:30:35.488127,5493418,28.611552,0.403009,0.828141
2026-04-02T12:30:35.498127,5495338,28.621552,0.410142,0.821729
2026-04-02T12:30:35.501215,5495931,28.624641,0.396032,0.810342
2026-04-02T12:30:35.511215,5497851,28.634641,0.398327,0.798040
2026-04-02T12:30:35.535637,5498444,28.637729,0.400125,0.770852
2026-04-02T12:30:35.545637,5500364,28.647729,0.378345,0.789842
2026-04-02T12:30:35.548725,5500957,28.650818,0.438813,0.830671
2026-04-02T12:30:35.558725,5502877,28.660818,0.421683,0.803494
2026-04-02T12:30:35.540480,5503470,28.663906,0.426806,0.853707
2026-04-02T12:30:35.550480,5505390,28.673906,0.385936,0.811214
2026-04-02T12:30:35.553569,5505983,28.676995,0.405390,0.779166
2026-04-02T12:30:35.563569,5507903,28.686995,0.417966,0.814291
2026-04-02T12:30:35.587990,5508496,28.690083,0.371989,0.834888
2026-04-02T12:30:35.597990,5510416,28.700083,0.443827,0.815517
2026-04-02T12:30:35.601078,5511009,28.703172,0.358759,0.834168
2026-04-02T12:30:35.611078,5512929,28.713172,0.375251,0.826807
2026-04-02T12:30:35.592834,5513522,28.716260,0.379533,0.783953
2026-04-02T12:30:35.602834,5515442,28.726260,0.402935,0.789146
2026-04-02T12:30:35.605922,5516035,28.729349,0.433723,0.807977
2026-04-02T12:30:35.615922,5517955,28.739349,0.436712,0.820709
2026-04-02T12:30:35.640343,5518548,28.742438,0.435272,0.819076
2026-04-02T12:30:35.650343,5520468,28.752437,0.425463,0.796902
2026-04-02T12:30:35.653432,5521061,28.755526,0.390504,0.819998
2026-04-02T12:30:35.663432,5522981,28.765526,0.386446,0.794322
2026-04-02T12:30:35.645187,5523574,28.768615,0.417946,0.766801
2026-04-02T12:30:35.655187,5525494,28.778615,0.420152,0.807835
2026-04-02T12:30:35.658276,5526087,28.781703,0.402858,0.782833
2026-04-02T12:30:35.668276,5528007,28.791703,0.424600,0.792171
2026-04-02T12:30:35.692697,5528600,28.794792,0.366750,0.761637
2026-04-02T12:30:35.702697,5530520,28.804792,0.435272,0.774991
2026-04-02T12:30:35.705785,5531113,28.807880,0.405605,0.810561
2026-04-02T12:30:35.715785,5533033,28.817880,0.384832,0.798319
2026-04-02T12:30:35.697540,5533626,28.820969,0.397421,0.803815
2026-04-02T12:30:35.707540,5535546,28.830969,0.380203,0.798590
2026-04-02T12:30:35.710629,5536139,28.834057,0.358386,0.794148
2026-04-02T12:30:35.720629,5538059,28.844057,0.399993,0.834294
2026-04-02T12:30:35.745050,5538652,28.847146,0.428022,0.823314
2026-04-02T12:30:35.755050,5540572,28.857146,0.395968,0.826831
2026-04-02T12:30:35.758139,5541165,28.860234,0.395413,0.803652
2026-04-02T12:30:35.768139,5543085,28.870234,0.384437,0.786910
2026-04-02T12:30:35.749894,5543678,28.873323,0.363504,0.796380
2026-04-02T12:30:35.759894,5545598,28.883323,0.370697,0.745649
2026-04-02T12:30:35.762982,5546191,28.886411,0.408977,0.824042
2026-04-02T12:30:35.772982,5548111,28.896411,0.404159,0.800706
2026-04-02T12:30:35.797404,5548704,28.899500,0.452214,0.807497
2026-04-02T12:30:35.807404,5550624,28.909500,0.345285,0.785680
2026-04-02T12:30:35.810492,5551217,28.912589,0.395015,0.780165
2026-04-02T12:30:35.820492,5553137,28.922589,0.404734,0.814609
2026-04-02T12:30:35.802247,5553730,28.925677,0.412019,0.803442
2026-04-02T12:30:35.812247,5555650,28.935677,0.412938,0.815304
2026-04-02T12:30:35.815336,5556243,28.938766,0.401878,0.819616
2026-04-02T12:30:35.825336,5558163,28.948766,0.391328,0.827200
2026-04-02T12:30:35.849757,5558756,28.951854,0.378512,0.789535
2026-04-02T12:30:35.859757,5560676,28.961854,0.445124,0.805992
2026-04-02T12:30:35.862846,5561269,28.964943,0.403654,0.783684
2026-04-02T12:30:35.872846,5563189,28.974943,0.414127,0.808168
2026-04-02T12:30:35.854601,5563782,28.978031,0.409106,0.836019
2026-04-02T12:30:35.864601,5565702,28.988031,0.442236,0.817380
2026-04-02T12:30:35.867689,5566295,28.991120,0.405979,0.814273
2026-04-02T12:30:35.877689,5568215,29.001120,0.396314,0.767295
2026-04-02T12:30:35.902111,5568808,29.004208,0.415949,0.800675
2026-04-02T12:30:35.912111,5570728,29.014208,0.409166,0.807422
2026-04-02T12:30:35.915199,5571321,29.017297,0.373070,0.806207
2026-04-02T12:30:35.925199,5573241,29.027297,0.380198,0.763909
2026-04-02T12:30:35.906954,5573834,29.030385,0.361928,0.840599
2026-04-02T12:30:35.916954,5575754,29.040385,0.422332,0.784673
2026-04-02T12:30:35.920043,5576347,29.043474,0.429009,0.818171
2026-04-02T12:30:35.930043,5578267,29.053474,0.393478,0.827026
2026-04-02T12:30:35.954464,5578860,29.056562,0.353535,0.805631
2026-04-02T12:30:35.964464,5580780,29.066562,0.399328,0.821814
2026-04-02T12:30:35.967553,5581373,29.069651,0.398061,0.763584
2026-04-02T12:30:35.977553,5583293,29.079651,0.407775,0.814064
2026-04-02T12:30:35.959308,5583886,29.082740,0.377887,0.791972
2026-04-02T12:30:35.969308,5585806,29.092740,0.389744,0.751556
2026-04-02T12:30:35.972397,5586399,29.095828,0.401811,0.832219
2026-04-02T12:30:35.982397,5588319,29.105828,0.404668,0.783003
2026-04-02T12:30:36.006818,5588912,29.108917,0.427702,0.821374
2026-04-02T12:30:36.016818,5590832,29.118917,0.451158,0.794420
2026-04-02T12:30:36.019906,5591425,29.122005,0.439810,0.818112
2026-04-02T12:30:36.029906,5593345,29.132005,0.357977,0.859659
2026-04-02T12:30:36.011661,5593938,29.135094,0.405651,0.766790
2026-04-02T12:30:36.021661,5595858,29.145094,0.347815,0.856389
2026-04-02T12:30:36.024750,5596451,29.148182,0.392088,0.855365
2026-04-02T12:30:36.034750,5598371,29.158182,0.375519,0.767260
2026-04-02T12:30:36.059171,5598964,29.161271,0.400986,0.797534
2026-04-02T12:30:36.069171,5600884,29.171271,0.409405,0.832580
2026-04-02T12:30:36.072260,5601477,29.174359,0.434140,0.817733
2026-04-02T12:30:36.082260,5603397,29.184359,0.399652,0.793065
2026-04-02T12:30:36.064015,5603990,29.187448,0.421004,0.774045
2026-04-02T12:30:36.074015,5605910,29.197448,0.369676,0.769230
2026-04-02T12:30:36.077103,5606503,29.200536,0.406396,0.786314
2026-04-02T12:30:36.087103,5608423,29.210536,0.375709,0.832957
2026-04-02T12:30:36.111525,5609016,29.213625,0.347572,0.811783
2026-04-02T12:30:36.121525,5610936,29.223625,0.412892,0.789179
2026-04-02T12:30:36.124613,5611529,29.226714,0.389176,0.783150
2026-04-02T12:30:36.134613,5613449,29.236714,0.353066,0.817562
2026-04-02T12:30:36.116368,5614042,29.239802,0.442217,0.790762
2026-04-02T12:30:36.126368,5615962,29.249802,0.407378,0.781764
2026-04-02T12:30:36.129457,5616555,29.252891,0.396804,0.826475
2026-04-02T12:30:36.139457,5618475,29.262891,0.381495,0.824996
2026-04-02T12:30:36.163878,5619068,29.265979,0.417034,0.790449
2026-04-02T12:30:36.173878,5620988,29.275979,0.419798,0.803563
2026-04-02T12:30:36.176967,5621581,29.279068,0.414347,0.797721
2026-04-02T12:30:36.186967,5623501,29.289068,0.375759,0.826994
2026-04-02T12:30:36.168722,5624094,29.292156,0.456860,0.786600
2026-04-02T12:30:36.178722,5626014,29.302156,0.375009,0.815643
2026-04-02T12:30:36.181810,5626607,29.305245,0.401147,0.806814
2026-04-02T12:30:36.191810,5628527,29.315245,0.388300,0.800268
2026-04-02T12:30:36.216232,5629120,29.318333,0.385364,0.757438
2026-04-02T12:30:36.226232,5631040,29.328333,0.396706,0.816765
2026-04-02T12:30:36.229320,5631633,29.331422,0.413122,0.786154
2026-04-02T12:30:36.239320,5633553,29.341422,0.414705,0.786523
2026-04-02T12:30:36.221075,5634146,29.344510,0.402587,0.805388
2026-04-02T12:30:36.231075,5636066,29.354510,0.401453,0.811052
2026-04-02T12:30:36.234164,5636659,29.357599,0.397530,0.823093
2026-04-02T12:30:36.244164,5638579,29.367599,0.387160,0.795069
2026-04-02T12:30:36.268585,5639172,29.370687,0.407879,0.807650
2026-04-02T12:30:36.278585,5641092,29.380688,0.405331,0.809418
2026-04-02T12:30:36.281674,5641685,29.383776,0.413107,0.826730
2026-04-02T12:30:36.291674,5643605,29.393776,0.369641,0.836227
2026-04-02T12:30:36.273429,5644198,29.396865,0.402657,0.797703
2026-04-02T12:30:36.283429,5646118,29.406865,0.375650,0.832374
2026-04-02T12:30:36.286517,5646711,29.409953,0.365574,0.802608
2026-04-02T12:30:36.296517,5648631,29.419953,0.388266,0.807689
2026-04-02T12:30:36.320932,5649224,29.423042,0.385400,0.836653
2026-04-02T12:30:36.330932,5651144,29.433042,0.424386,0.804352
2026-04-02T12:30:36.334020,5651737,29.436130,0.410002,0.767308
2026-04-02T12:30:36.344020,5653657,29.446130,0.431226,0.825134
2026-04-02T12:30:36.325775,5654250,29.449219,0.358180,0.787321
2026-04-02T12:30:36.335775,5656170,29.459219,0.369542,0.801657
2026-04-02T12:30:36.338864,5656763,29.462307,0.379698,0.812330
2026-04-02T12:30:36.348864,5658683,29.472307,0.378688,0.768843
2026-04-02T12:30:36.373285,5659276,29.475396,0.446504,0.742951
2026-04-02T12:30:36.383285,5661196,29.485396,0.372593,0.804179
2026-04-02T12:30:36.386373,5661789,29.488484,0.391395,0.781001
2026-04-02T12:30:36.396373,5663709,29.498484,0.406154,0.797770
2026-04-02T12:30:36.378129,5664302,29.501573,0.391253,0.826594
2026-04-02T12:30:36.388129,5666222,29.511573,0.417147,0.788718
2026-04-02T12:30:36.391217,5666815,29.514661,0.357207,0.794339
2026-04-02T12:30:36.401217,5668735,29.524661,0.396971,0.821314
2026-04-02T12:30:36.425638,5669328,29.527750,0.386260,0.828543
2026-04-02T12:30:36.435638,5671248,29.537750,0.411030,0.828586
2026-04-02T12:30:36.438727,5671841,29.540839,0.394058,0.783435
2026-04-02T12:30:36.448727,5673761,29.550839,0.371612,0.805032
2026-04-02T12:30:36.430482,5674354,29.553927,0.389537,0.811906
2026-04-02T12:30:36.440482,5676274,29.563927,0.392090,0.777634
2026-04-02T12:30:36.443571,5676867,29.567016,0.399582,0.784314
2026-04-02T12:30:36.453571,5678787,29.577016,0.421798,0.854198
2026-04-02T12:30:36.477992,5679380,29.580104,0.404103,0.806915
2026-04-02T12:30:36.487992,5681300,29.590104,0.389723,0.801400
2026-04-02T12:30:36.491080,5681893,29.593193,0.385532,0.818112
2026-04-02T12:30:36.501080,5683813,29.603193,0.441017,0.812762
2026-04-02T12:30:36.482835,5684406,29.606281,0.373243,0.847972
2026-04-02T12:30:36.492835,5686326,29.616281,0.419501,0.773068
2026-04-02T12:30:36.495924,5686919,29.619370,0.402177,0.812647
2026-04-02T12:30:36.505924,5688839,29.629370,0.471053,0.808441
2026-04-02T12:30:36.530345,5689432,29.632458,0.373266,0.827190
2026-04-02T12:30:36.540345,5691352,29.642458,0.349181,0.804215
2026-04-02T12:30:36.543433,5691945,29.645547,0.384437,0.818981
2026-04-02T12:30:36.553433,5693865,29.655547,0.391940,0.821321
2026-04-02T12:30:36.535189,5694458,29.658635,0.407810,0.803595
2026-04-02T12:30:36.545189,5696378,29.668635,0.394107,0.807753
2026-04-02T12:30:36.548277,5696971,29.671724,0.389855,0.804147
2026-04-02T12:30:36.558277,5698891,29.681724,0.323300,0.819808
2026-04-02T12:30:36.582698,5699484,29.684812,0.418801,0.828520
2026-04-02T12:30:36.592698,5701404,29.694813,0.390488,0.787213
2026-04-02T12:30:36.595787,5701997,29.697901,0.386940,0.781435
2026-04-02T12:30:36.605787,5703917,29.707901,0.418678,0.793339
2026-04-02T12:30:36.587542,5704510,29.710990,0.385108,0.783111
2026-04-02T12:30:36.597542,5706430,29.720990,0.432225,0.784480
2026-04-02T12:30:36.600631,5707023,29.724078,0.435546,0.805980
2026-04-02T12:30:36.610631,5708943,29.734078,0.432979,0.808054
2026-04-02T12:30:36.635059,5709536,29.737167,0.376575,0.810169
2026-04-02T12:30:36.645059,5711456,29.747167,0.359584,0.791929
2026-04-02T12:30:36.648147,5712049,29.750255,0.428355,0.788962
2026-04-02T12:30:36.658147,5713969,29.760255,0.394958,0.783032
2026-04-02T12:30:36.639902,5714562,29.763344,0.384081,0.779259
2026-04-02T12:30:36.649902,5716482,29.773344,0.417225,0.801328
2026-04-02T12:30:36.652991,5717075,29.776432,0.390776,0.804666
2026-04-02T12:30:36.662991,5718995,29.786432,0.415838,0.810829
2026-04-02T12:30:36.687412,5719588,29.789521,0.421814,0.837044
2026-04-02T12:30:36.697412,5721508,29.799521,0.350611,0.823671
2026-04-02T12:30:36.700501,5722101,29.802609,0.429560,0.833101
2026-04-02T12:30:36.710501,5724021,29.812609,0.429522,0.807173
2026-04-02T12:30:36.692256,5724614,29.815698,0.395854,0.810023
2026-04-02T12:30:36.702256,5726534,29.825698,0.389711,0.778700
2026-04-02T12:30:36.705344,5727127,29.828786,0.400200,0.826575
2026-04-02T12:30:36.715344,5729047,29.838786,0.411098,0.796874
2026-04-02T12:30:36.739766,5729640,29.841875,0.428004,0.786833
2026-04-02T12:30:36.749766,5731560,29.851875,0.430696,0.782138
2026-04-02T12:30:36.752854,5732153,29.854964,0.388380,0.809883
2026-04-02T12:30:36.762854,5734073,29.864964,0.345724,0.839754
2026-04-02T12:30:36.744609,5734666,29.868052,0.445729,0.780926
2026-04-02T12:30:36.754609,5736586,29.878052,0.400455,0.769279
2026-04-02T12:30:36.757698,5737179,29.881141,0.401844,0.832771
2026-04-02T12:30:36.767698,5739099,29.891141,0.394305,0.752586
2026-04-02T12:30:36.792119,5739692,29.894229,0.390526,0.844984
2026-04-02T12:30:36.802119,5741612,29.904229,0.367685,0.825633
2026-04-02T12:30:36.805208,5742205,29.907318,0.399004,0.801217
2026-04-02T12:30:36.815208,5744125,29.917318,0.389809,0.749541
2026-04-02T12:30:36.796963,5744718,29.920406,0.402036,0.815798
2026-04-02T12:30:36.806963,5746638,29.930406,0.402543,0.824937
2026-04-02T12:30:36.810051,5747231,29.933495,0.404907,0.803727
2026-04-02T12:30:36.820051,5749151,29.943495,0.402815,0.819078
2026-04-02T12:30:36.844472,5749744,29.946583,0.397168,0.804692
2026-04-02T12:30:36.854472,5751664,29.956583,0.359626,0.814317
2026-04-02T12:30:36.857561,5752257,29.959672,0.397848,0.785699
2026-04-02T12:30:36.867561,5754177,29.969672,0.420703,0.792467
2026-04-02T12:30:36.849316,5754770,29.972760,0.395997,0.803071
2026-04-02T12:30:36.859316,5756690,29.982760,0.375711,0.800704
2026-04-02T12:30:36.862405,5757283,29.985849,0.374136,0.784072
2026-04-02T12:30:36.872405,5759203,29.995849,0.416245,0.796741
2026-04-02T12:30:36.896826,5759796,29.998938,0.398562,0.768999
2026-04-02T12:30:36.906826,5761716,30.008937,0.391354,0.795478
2026-04-02T12:30:36.909914,5762309,30.012026,0.432937,0.809926
2026-04-02T12:30:36.919914,5764229,30.022026,0.400073,0.841560
2026-04-02T12:30:36.901670,5764822,30.025115,0.465875,0.822789
2026-04-02T12:30:36.911670,5766742,30.035115,0.390845,0.779368
2026-04-02T12:30:36.914758,5767335,30.038203,0.390379,0.813638
2026-04-02T12:30:36.924758,5769255,30.048203,0.370866,0.759884
2026-04-02T12:30:36.949179,5769848,30.051292,0.360664,0.791273
2026-04-02T12:30:36.959179,5771768,30.061292,0.352637,0.791254
2026-04-02T12:30:36.962268,5772361,30.064380,0.385339,0.793594
2026-04-02T12:30:36.972268,5774281,30.074380,0.391375,0.836036
2026-04-02T12:30:36.954023,5774874,30.077469,0.357212,0.831231
2026-04-02T12:30:36.964023,5776794,30.087469,0.402516,0.772533
2026-04-02T12:30:36.967112,5777387,30.090557,0.427204,0.806092
2026-04-02T12:30:36.977112,5779307,30.100557,0.409523,0.790025
2026-04-02T12:30:37.001533,5779900,30.103646,0.365476,0.800558
2026-04-02T12:30:37.011533,5781820,30.113646,0.344568,0.754768
2026-04-02T12:30:37.014622,5782413,30.116734,0.399061,0.838218
2026-04-02T12:30:37.024622,5784333,30.126734,0.367967,0.813630
2026-04-02T12:30:37.006377,5784926,30.129823,0.409989,0.827205
2026-04-02T12:30:37.016377,5786846,30.139823,0.380991,0.828747
2026-04-02T12:30:37.019466,5787439,30.142911,0.425650,0.793057
2026-04-02T12:30:37.029466,5789359,30.152911,0.421710,0.817325
2026-04-02T12:30:37.053887,5789952,30.156000,0.402378,0.778694
2026-04-02T12:30:37.063887,5791872,30.166000,0.405717,0.753260
2026-04-02T12:30:37.066975,5792465,30.169089,0.412684,0.785648
2026-04-02T12:30:37.076975,5794385,30.179089,0.362145,0.813585
2026-04-02T12:30:37.058731,5794978,30.182177,0.376750,0.820791
2026-04-02T12:30:37.068731,5796898,30.192177,0.410433,0.782087
2026-04-02T12:30:37.071819,5797491,30.195266,0.407998,0.796284
2026-04-02T12:30:37.081819,5799411,30.205266,0.389589,0.813769
2026-04-02T12:30:37.106240,5800004,30.208354,0.386379,0.761340
2026-04-02T12:30:37.116240,5801924,30.218354,0.378937,0.816313
2026-04-02T12:30:37.119329,5802517,30.221443,0.386533,0.784298
2026-04-02T12:30:37.129329,5804437,30.231443,0.421871,0.865205
2026-04-02T12:30:37.111084,5805030,30.234531,0.426857,0.741363
2026-04-02T12:30:37.121084,5806950,30.244531,0.378659,0.810296
2026-04-02T12:30:37.124173,5807543,30.247620,0.436813,0.820234
2026-04-02T12:30:37.134173,5809463,30.257620,0.434410,0.780023
2026-04-02T12:30:37.158594,5810056,30.260708,0.449679,0.783203
2026-04-02T12:30:37.168594,5811976,30.270708,0.419681,0.762150
2026-04-02T12:30:37.171682,5812569,30.273797,0.376625,0.777981
2026-04-02T12:30:37.181682,5814489,30.283797,0.401410,0.815073
2026-04-02T12:30:37.163437,5815082,30.286885,0.409730,0.791942
2026-04-02T12:30:37.173437,5817002,30.296885,0.432035,0.766889
2026-04-02T12:30:37.176526,5817595,30.299974,0.420117,0.802317
2026-04-02T12:30:37.186526,5819515,30.309974,0.435119,0.793019
2026-04-02T12:30:37.210947,5820108,30.313063,0.419899,0.817278
2026-04-02T12:30:37.220947,5822028,30.323062,0.415217,0.776544
2026-04-02T12:30:37.224036,5822621,30.326151,0.384411,0.798515
2026-04-02T12:30:37.234036,5824541,30.336151,0.385648,0.838012
2026-04-02T12:30:37.215791,5825134,30.339240,0.395804,0.837907
2026-04-02T12:30:37.225791,5827054,30.349240,0.435596,0.814289
2026-04-02T12:30:37.228879,5827647,30.352328,0.394250,0.767696
2026-04-02T12:30:37.238879,5829567,30.362328,0.423024,0.798288
2026-04-02T12:30:37.263301,5830160,30.365417,0.384737,0.819529
2026-04-02T12:30:37.273301,5832080,30.375417,0.395916,0.792562
2026-04-02T12:30:37.276389,5832673,30.378505,0.391568,0.736108
2026-04-02T12:30:37.286389,5834593,30.388505,0.377104,0.771742
2026-04-02T12:30:37.268144,5835186,30.391594,0.388807,0.803272
2026-04-02T12:30:37.278144,5837106,30.401594,0.422230,0.774746
2026-04-02T12:30:37.281233,5837699,30.404682,0.375819,0.853817
2026-04-02T12:30:37.291233,5839619,30.414682,0.436617,0.789057
2026-04-02T12:30:37.315654,5840212,30.417771,0.374820,0.829280
2026-04-02T12:30:37.325654,5842132,30.427771,0.420310,0.800312
2026-04-02T12:30:37.328743,5842725,30.430859,0.380539,0.805695
2026-04-02T12:30:37.338743,5844645,30.440859,0.387149,0.819247
2026-04-02T12:30:37.320498,5845238,30.443948,0.379276,0.789227
2026-04-02T12:30:37.330498,5847158,30.453948,0.416864,0.810382
2026-04-02T12:30:37.333586,5847751,30.457036,0.386590,0.805707
2026-04-02T12:30:37.343586,5849671,30.467036,0.425314,0.758941
2026-04-02T12:30:37.368007,5850264,30.470125,0.416549,0.785192
2026-04-02T12:30:37.378007,5852184,30.480125,0.395023,0.804377
2026-04-02T12:30:37.381096,5852777,30.483214,0.421786,0.773514
2026-04-02T12:30:37.391096,5854697,30.493214,0.367920,0.832304
2026-04-02T12:30:37.372851,5855290,30.496302,0.405663,0.813603
2026-04-02T12:30:37.382851,5857210,30.506302,0.415869,0.823610
2026-04-02T12:30:37.385940,5857803,30.509391,0.373765,0.817217
2026-04-02T12:30:37.395940,5859723,30.519391,0.396116,0.799858
2026-04-02T12:30:37.420361,5860316,30.522479,0.379899,0.805820
2026-04-02T12:30:37.430361,5862236,30.532479,0.424279,0.738640
2026-04-02T12:30:37.433449,5862829,30.535568,0.387148,0.778861
2026-04-02T12:30:37.443449,5864749,30.545568,0.398327,0.829678
2026-04-02T12:30:37.425205,5865342,30.548656,0.435159,0.738241
2026-04-02T12:30:37.435205,5867262,30.558656,0.377802,0.764968
2026-04-02T12:30:37.438293,5867855,30.561745,0.401544,0.785528
2026-04-02T12:30:37.448293,5869775,30.571745,0.384155,0.831595
2026-04-02T12:30:37.472714,5870368,30.574833,0.410955,0.816686
2026-04-02T12:30:37.482714,5872288,30.584833,0.413285,0.811534
2026-04-02T12:30:37.485803,5872881,30.587922,0.428872,0.817393
2026-04-02T12:30:37.495803,5874801,30.597922,0.370739,0.763131
2026-04-02T12:30:37.477558,5875394,30.601010,0.371715,0.834596
2026-04-02T12:30:37.487558,5877314,30.611010,0.366761,0.774092
2026-04-02T12:30:37.490647,5877907,30.614099,0.387606,0.794655
2026-04-02T12:30:37.500647,5879827,30.624099,0.391562,0.750628
2026-04-02T12:30:37.525068,5880420,30.627188,0.447124,0.823345
2026-04-02T12:30:37.535068,5882340,30.637187,0.384567,0.815366
2026-04-02T12:30:37.538156,5882933,30.640276,0.401929,0.836126
2026-04-02T12:30:37.548156,5884853,30.650276,0.389998,0.820221
2026-04-02T12:30:37.529912,5885446,30.653365,0.441723,0.793162
2026-04-02T12:30:37.539912,5887366,30.663365,0.395260,0.792596
2026-04-02T12:30:37.543000,5887959,30.666453,0.416056,0.771920
2026-04-02T12:30:37.553000,5889879,30.676453,0.417365,0.839027
2026-04-02T12:30:37.577421,5890472,30.679542,0.415517,0.829030
2026-04-02T12:30:37.587421,5892392,30.689542,0.370421,0.762342
2026-04-02T12:30:37.590510,5892985,30.692630,0.442147,0.804972
2026-04-02T12:30:37.600510,5894905,30.702630,0.416836,0.807641
2026-04-02T12:30:37.582265,5895498,30.705719,0.442446,0.799532
2026-04-02T12:30:37.592265,5897418,30.715719,0.342213,0.775112
2026-04-02T12:30:37.595354,5898011,30.718807,0.375840,0.772934
2026-04-02T12:30:37.605354,5899931,30.728807,0.402510,0.817200
2026-04-02T12:30:37.629775,5900524,30.731896,0.423214,0.827888
2026-04-02T12:30:37.639775,5902444,30.741896,0.450471,0.811590
2026-04-02T12:30:37.642863,5903037,30.744984,0.372441,0.814484
2026-04-02T12:30:37.652863,5904957,30.754984,0.436313,0.822011
2026-04-02T12:30:37.634618,5905550,30.758073,0.421077,0.830950
2026-04-02T12:30:37.644618,5907470,30.768073,0.422074,0.828354
2026-04-02T12:30:37.647707,5908063,30.771161,0.379977,0.813506
2026-04-02T12:30:37.657707,5909983,30.781161,0.432800,0.790339
2026-04-02T12:30:37.682121,5910576,30.784250,0.426088,0.817252
2026-04-02T12:30:37.692121,5912496,30.794250,0.415020,0.791536
2026-04-02T12:30:37.695210,5913089,30.797339,0.414931,0.793319
2026-04-02T12:30:37.705210,5915009,30.807339,0.368097,0.766489
2026-04-02T12:30:37.686965,5915602,30.810427,0.382169,0.788127
2026-04-02T12:30:37.696965,5917522,30.820427,0.364619,0.872912
2026-04-02T12:30:37.700054,5918115,30.823516,0.370551,0.825472
2026-04-02T12:30:37.710054,5920035,30.833516,0.416540,0.771442
2026-04-02T12:30:37.734475,5920628,30.836604,0.413235,0.819465
2026-04-02T12:30:37.744475,5922548,30.846604,0.429769,0.791617
2026-04-02T12:30:37.747563,5923141,30.849693,0.388256,0.798644
2026-04-02T12:30:37.757563,5925061,30.859693,0.412861,0.802156
2026-04-02T12:30:37.739318,5925654,30.862781,0.421104,0.788095
2026-04-02T12:30:37.749318,5927574,30.872781,0.395543,0.804003
2026-04-02T12:30:37.752407,5928167,30.875870,0.406670,0.788085
2026-04-02T12:30:37.762407,5930087,30.885870,0.445873,0.821164
2026-04-02T12:30:37.786828,5930680,30.888958,0.388026,0.779091
2026-04-02T12:30:37.796828,5932600,30.898958,0.371397,0.788183
2026-04-02T12:30:37.799917,5933193,30.902047,0.415484,0.817504
2026-04-02T12:30:37.809917,5935113,30.912047,0.376444,0.785906
2026-04-02T12:30:37.791672,5935706,30.915135,0.365931,0.799998
2026-04-02T12:30:37.801672,5937626,30.925135,0.407816,0.793735
2026-04-02T12:30:37.804760,5938219,30.928224,0.382957,0.792088
2026-04-02T12:30:37.814760,5940139,30.938224,0.414548,0.795063
2026-04-02T12:30:37.839181,5940732,30.941312,0.358433,0.826425
2026-04-02T12:30:37.849181,5942652,30.951313,0.380809,0.814518
2026-04-02T12:30:37.852270,5943245,30.954401,0.406527,0.800476
2026-04-02T12:30:37.862270,5945165,30.964401,0.432268,0.841648
2026-04-02T12:30:37.844025,5945758,30.967490,0.382181,0.810531
2026-04-02T12:30:37.854025,5947678,30.977490,0.381008,0.750412
2026-04-02T12:30:37.857114,5948271,30.980578,0.391144,0.801884
2026-04-02T12:30:37.867114,5950191,30.990578,0.412381,0.792746
2026-04-02T12:30:37.891535,5950784,30.993667,0.379076,0.814708
2026-04-02T12:30:37.901535,5952704,31.003667,0.410063,0.805124
2026-04-02T12:30:37.904623,5953297,31.006755,0.407947,0.817981
2026-04-02T12:30:37.914623,5955217,31.016755,0.383652,0.791273
2026-04-02T12:30:37.896378,5955810,31.019844,0.423271,0.752845
2026-04-02T12:30:37.906378,5957730,31.029844,0.423817,0.812340
2026-04-02T12:30:37.909467,5958323,31.032932,0.403256,0.810038
2026-04-02T12:30:37.919467,5960243,31.042932,0.423107,0.767971
2026-04-02T12:30:37.943888,5960836,31.046021,0.369912,0.775613
2026-04-02T12:30:37.953888,5962756,31.056021,0.440897,0.821071
2026-04-02T12:30:37.956977,5963349,31.059109,0.380558,0.840339
2026-04-02T12:30:37.966977,5965269,31.069109,0.402103,0.800762
2026-04-02T12:30:37.948732,5965862,31.072198,0.423753,0.807374
2026-04-02T12:30:37.958732,5967782,31.082198,0.373509,0.806593
2026-04-02T12:30:37.961820,5968375,31.085286,0.398658,0.755614
2026-04-02T12:30:37.971820,5970295,31.095286,0.412401,0.792872
2026-04-02T12:30:37.996241,5970888,31.098375,0.405948,0.805446
2026-04-02T12:30:38.006241,5972808,31.108375,0.446098,0.816938
2026-04-02T12:30:38.009330,5973401,31.111464,0.459918,0.774316
2026-04-02T12:30:38.019330,5975321,31.121464,0.384145,0.791478
2026-04-02T12:30:38.001085,5975914,31.124552,0.416699,0.802446
2026-04-02T12:30:38.011085,5977834,31.134552,0.381330,0.841116
2026-04-02T12:30:38.014174,5978427,31.137641,0.431080,0.816429
2026-04-02T12:30:38.024174,5980347,31.147641,0.382579,0.878536
2026-04-02T12:30:38.048603,5980940,31.150729,0.399969,0.809579
2026-04-02T12:30:38.058603,5982860,31.160729,0.388860,0.784745
2026-04-02T12:30:38.061691,5983453,31.163818,0.412898,0.854322
2026-04-02T12:30:38.071691,5985373,31.173818,0.403318,0.788376
2026-04-02T12:30:38.053446,5985966,31.176906,0.431855,0.810721
2026-04-02T12:30:38.063446,5987886,31.186906,0.416436,0.793135
2026-04-02T12:30:38.066535,5988479,31.189995,0.426662,0.799980
2026-04-02T12:30:38.076535,5990399,31.199995,0.447124,0.786400
2026-04-02T12:30:38.100956,5990992,31.203083,0.396552,0.809424
2026-04-02T12:30:38.110956,5992912,31.213083,0.418847,0.810056
2026-04-02T12:30:38.114045,5993505,31.216172,0.444006,0.823226
2026-04-02T12:30:38.124045,5995425,31.226172,0.390999,0.793230
2026-04-02T12:30:38.105800,5996018,31.229260,0.451528,0.811916
2026-04-02T12:30:38.115800,5997938,31.239260,0.432478,0.821238
2026-04-02T12:30:38.118888,5998531,31.242349,0.389968,0.825139
2026-04-02T12:30:38.128888,6000451,31.252349,0.369568,0.774194
2026-04-02T12:30:38.153309,6001044,31.255437,0.413199,0.814841
2026-04-02T12:30:38.163309,6002964,31.265438,0.406000,0.784294
2026-04-02T12:30:38.166398,6003557,31.268526,0.386627,0.854913
2026-04-02T12:30:38.176398,6005477,31.278526,0.348236,0.860990
2026-04-02T12:30:38.158153,6006070,31.281615,0.387924,0.797336
2026-04-02T12:30:38.168153,6007990,31.291615,0.408032,0.830861
2026-04-02T12:30:38.171242,6008583,31.294703,0.388876,0.792283
2026-04-02T12:30:38.181242,6010503,31.304703,0.369945,0.807204
2026-04-02T12:30:38.205663,6011096,31.307792,0.377411,0.772859
2026-04-02T12:30:38.215663,6013016,31.317792,0.432822,0.713293
2026-04-02T12:30:38.218751,6013609,31.320880,0.391116,0.817325
2026-04-02T12:30:38.228751,6015529,31.330880,0.419003,0.780299
2026-04-02T12:30:38.210507,6016122,31.333969,0.412377,0.849342
2026-04-02T12:30:38.220507,6018042,31.343969,0.392371,0.819010
2026-04-02T12:30:38.223595,6018635,31.347057,0.404041,0.834931
2026-04-02T12:30:38.233595,6020555,31.357057,0.429106,0.776538
2026-04-02T12:30:38.258016,6021148,31.360146,0.360361,0.823893
2026-04-02T12:30:38.268016,6023068,31.370146,0.396141,0.808483
2026-04-02T12:30:38.271105,6023661,31.373234,0.367120,0.780157
2026-04-02T12:30:38.281105,6025581,31.383234,0.380494,0.763650
2026-04-02T12:30:38.262860,6026174,31.386323,0.435226,0.793714
2026-04-02T12:30:38.272860,6028094,31.396323,0.375071,0.807093
2026-04-02T12:30:38.275949,6028687,31.399411,0.425355,0.781964
2026-04-02T12:30:38.285949,6030607,31.409411,0.396347,0.807644
2026-04-02T12:30:38.310370,6031200,31.412500,0.412419,0.816673
2026-04-02T12:30:38.320370,6033120,31.422500,0.354280,0.792987
2026-04-02T12:30:38.323458,6033713,31.425589,0.377283,0.803596
2026-04-02T12:30:38.333458,6035633,31.435589,0.398043,0.771700
2026-04-02T12:30:38.315214,6036226,31.438677,0.399962,0.784258
2026-04-02T12:30:38.325214,6038146,31.448677,0.432994,0.788893
2026-04-02T12:30:38.328302,6038739,31.451766,0.379157,0.780663
2026-04-02T12:30:38.338302,6040659,31.461766,0.368931,0.800234
2026-04-02T12:30:38.362723,6041252,31.464854,0.409367,0.799229
2026-04-02T12:30:38.372723,6043172,31.474854,0.377832,0.820320
2026-04-02T12:30:38.375812,6043765,31.477943,0.373620,0.794139
2026-04-02T12:30:38.385812,6045685,31.487943,0.421567,0.854149
2026-04-02T12:30:38.367567,6046278,31.491031,0.433963,0.770480
2026-04-02T12:30:38.377567,6048198,31.501031,0.407021,0.761381
2026-04-02T12:30:38.380655,6048791,31.504120,0.400386,0.834192
2026-04-02T12:30:38.390655,6050711,31.514120,0.414965,0.805859
2026-04-02T12:30:38.415077,6051304,31.517208,0.422601,0.800302
2026-04-02T12:30:38.425077,6053224,31.527208,0.384420,0.850618
2026-04-02T12:30:38.428165,6053817,31.530297,0.350837,0.800983
2026-04-02T12:30:38.438165,6055737,31.540297,0.351294,0.794162
2026-04-02T12:30:38.419920,6056330,31.543385,0.416241,0.791854
2026-04-02T12:30:38.429920,6058250,31.553385,0.388331,0.795134
2026-04-02T12:30:38.433009,6058843,31.556474,0.393674,0.828849
2026-04-02T12:30:38.443009,6060763,31.566474,0.413459,0.807356
2026-04-02T12:30:38.467430,6061356,31.569562,0.384537,0.804456
2026-04-02T12:30:38.477430,6063276,31.579563,0.393030,0.840716
2026-04-02T12:30:38.480519,6063869,31.582651,0.374436,0.792524
2026-04-02T12:30:38.490519,6065789,31.592651,0.358100,0.803449
2026-04-02T12:30:38.472274,6066382,31.595740,0.426458,0.801600
2026-04-02T12:30:38.482274,6068302,31.605740,0.373851,0.812008
2026-04-02T12:30:38.485362,6068895,31.608828,0.410958,0.804356
2026-04-02T12:30:38.495362,6070815,31.618828,0.394099,0.811375
2026-04-02T12:30:38.519784,6071408,31.621917,0.408445,0.850846
2026-04-02T12:30:38.529784,6073328,31.631917,0.423776,0.824397
2026-04-02T12:30:38.532872,6073921,31.635005,0.411632,0.770393
2026-04-02T12:30:38.542872,6075841,31.645005,0.448948,0.750251
2026-04-02T12:30:38.524627,6076434,31.648094,0.400259,0.787850
2026-04-02T12:30:38.534627,6078354,31.658094,0.443615,0.816199
2026-04-02T12:30:38.537716,6078947,31.661182,0.387090,0.821514
2026-04-02T12:30:38.547716,6080867,31.671182,0.400228,0.789080
2026-04-02T12:30:38.572137,6081460,31.674271,0.401063,0.813331
2026-04-02T12:30:38.582137,6083380,31.684271,0.392874,0.836051
2026-04-02T12:30:38.585226,6083973,31.687359,0.393882,0.820304
2026-04-02T12:30:38.595226,6085893,31.697359,0.436072,0.779047
2026-04-02T12:30:38.576981,6086486,31.700448,0.417485,0.825728
2026-04-02T12:30:38.586981,6088406,31.710448,0.381458,0.811724
2026-04-02T12:30:38.590069,6088999,31.713536,0.402742,0.781543
2026-04-02T12:30:38.600069,6090919,31.723536,0.410342,0.792113
2026-04-02T12:30:38.624490,6091512,31.726625,0.414535,0.815099
2026-04-02T12:30:38.634490,6093432,31.736625,0.403601,0.776086
2026-04-02T12:30:38.637579,6094025,31.739714,0.394965,0.799829
2026-04-02T12:30:38.647579,6095945,31.749714,0.435215,0.799538
2026-04-02T12:30:38.629334,6096538,31.752802,0.424706,0.784371
2026-04-02T12:30:38.639334,6098458,31.762802,0.405818,0.808182
2026-04-02T12:30:38.642423,6099051,31.765891,0.312378,0.788233
2026-04-02T12:30:38.652423,6100971,31.775891,0.439255,0.794264
2026-04-02T12:30:38.676844,6101564,31.778979,0.446752,0.798513
2026-04-02T12:30:38.686844,6103484,31.788979,0.412145,0.796629
2026-04-02T12:30:38.689932,6104077,31.792068,0.380531,0.775997
2026-04-02T12:30:38.699932,6105997,31.802068,0.365030,0.818218
2026-04-02T12:30:38.681688,6106590,31.805156,0.404379,0.855565
2026-04-02T12:30:38.691688,6108510,31.815156,0.428149,0.741910
2026-04-02T12:30:38.694776,6109103,31.818245,0.388777,0.792718
2026-04-02T12:30:38.704776,6111023,31.828245,0.392151,0.822471
2026-04-02T12:30:38.729190,6111616,31.831333,0.420513,0.784417
2026-04-02T12:30:38.739190,6113536,31.841333,0.449217,0.792898
2026-04-02T12:30:38.742279,6114129,31.844422,0.404129,0.817312
2026-04-02T12:30:38.752279,6116049,31.854422,0.398207,0.846699
2026-04-02T12:30:38.734034,6116642,31.857510,0.377180,0.784223
2026-04-02T12:30:38.744034,6118562,31.867510,0.414399,0.832534
2026-04-02T12:30:38.747123,6119155,31.870599,0.386525,0.833903
2026-04-02T12:30:38.757123,6121075,31.880599,0.426907,0.832217
2026-04-02T12:30:38.781544,6121668,31.883688,0.419572,0.792528
2026-04-02T12:30:38.791544,6123588,31.893687,0.413457,0.797004
2026-04-02T12:30:38.794632,6124181,31.896776,0.386882,0.804942
2026-04-02T12:30:38.804632,6126101,31.906776,0.436886,0.797484
2026-04-02T12:30:38.786387,6126694,31.909865,0.352390,0.809868
2026-04-02T12:30:38.796387,6128614,31.919865,0.381334,0.791336
2026-04-02T12:30:38.799476,6129207,31.922953,0.392961,0.834161
2026-04-02T12:30:38.809476,6131127,31.932953,0.408280,0.791901
2026-04-02T12:30:38.833897,6131720,31.936042,0.424099,0.805357
2026-04-02T12:30:38.843897,6133640,31.946042,0.383275,0.807791
2026-04-02T12:30:38.846986,6134233,31.949130,0.341752,0.796825
2026-04-02T12:30:38.856986,6136153,31.959130,0.399648,0.802372
2026-04-02T12:30:38.838741,6136746,31.962219,0.461585,0.797161
2026-04-02T12:30:38.848741,6138666,31.972219,0.390775,0.849471
2026-04-02T12:30:38.851829,6139259,31.975307,0.440927,0.813853
2026-04-02T12:30:38.861829,6141179,31.985307,0.349893,0.769441
2026-04-02T12:30:38.886250,6141772,31.988396,0.417687,0.812184
2026-04-02T12:30:38.896250,6143692,31.998396,0.372910,0.819392
2026-04-02T12:30:38.899339,6144285,32.001484,0.358476,0.785827
2026-04-02T12:30:38.909339,6146205,32.011484,0.417183,0.829002
2026-04-02T12:30:38.891094,6146798,32.014573,0.402139,0.804654
2026-04-02T12:30:38.901094,6148718,32.024573,0.367947,0.812576
2026-04-02T12:30:38.904183,6149311,32.027661,0.393629,0.799088
2026-04-02T12:30:38.914183,6151231,32.037661,0.405772,0.775725
2026-04-02T12:30:38.938604,6151824,32.040750,0.389576,0.824828
2026-04-02T12:30:38.948604,6153744,32.050750,0.397136,0.777660
2026-04-02T12:30:38.951692,6154337,32.053839,0.435526,0.798810
2026-04-02T12:30:38.961692,6156257,32.063839,0.386708,0.791420
2026-04-02T12:30:38.943447,6156850,32.066927,0.395494,0.823933
2026-04-02T12:30:38.953447,6158770,32.076927,0.365163,0.779360
2026-04-02T12:30:38.956536,6159363,32.080016,0.349835,0.751788
2026-04-02T12:30:38.966536,6161283,32.090016,0.397601,0.805506
2026-04-02T12:30:38.990957,6161876,32.093104,0.368285,0.799436
2026-04-02T12:30:39.000957,6163796,32.103104,0.365430,0.749370
2026-04-02T12:30:39.004046,6164389,32.106193,0.425912,0.796167
2026-04-02T12:30:39.014046,6166309,32.116193,0.389263,0.808994
2026-04-02T12:30:38.995801,6166902,32.119281,0.414259,0.807382
2026-04-02T12:30:39.005801,6168822,32.129281,0.388596,0.795610
2026-04-02T12:30:39.008889,6169415,32.132370,0.428085,0.779825
2026-04-02T12:30:39.018889,6171335,32.142370,0.416382,0.778920
2026-04-02T12:30:39.043310,6171928,32.145458,0.400578,0.807748
2026-04-02T12:30:39.053310,6173848,32.155458,0.422523,0.777964
2026-04-02T12:30:39.056399,6174441,32.158547,0.382733,0.814156
2026-04-02T12:30:39.066399,6176361,32.168547,0.399994,0.745516
2026-04-02T12:30:39.048154,6176954,32.171635,0.397839,0.808122
2026-04-02T12:30:39.058154,6178874,32.181635,0.398831,0.785383
2026-04-02T12:30:39.061243,6179467,32.184724,0.374354,0.789580
2026-04-02T12:30:39.071243,6181387,32.194724,0.390876,0.828494
2026-04-02T12:30:39.095672,6181980,32.197812,0.403357,0.831000
2026-04-02T12:30:39.105672,6183900,32.207813,0.444954,0.797900
2026-04-02T12:30:39.108760,6184493,32.210901,0.376765,0.771410
2026-04-02T12:30:39.118760,6186413,32.220901,0.355825,0.775333
2026-04-02T12:30:39.100515,6187006,32.223990,0.402642,0.817264
2026-04-02T12:30:39.110515,6188926,32.233990,0.395856,0.790063
2026-04-02T12:30:39.113604,6189519,32.237078,0.394673,0.797720
2026-04-02T12:30:39.123604,6191439,32.247078,0.402020,0.836551
2026-04-02T12:30:39.148025,6192032,32.250167,0.395013,0.784581
2026-04-02T12:30:39.158025,6193952,32.260167,0.445437,0.804455
2026-04-02T12:30:39.161114,6194545,32.263255,0.391889,0.787016
2026-04-02T12:30:39.171114,6196465,32.273255,0.406829,0.785925
2026-04-02T12:30:39.152869,6197058,32.276344,0.383890,0.760063
2026-04-02T12:30:39.162869,6198978,32.286344,0.388349,0.855056
2026-04-02T12:30:39.165957,6199571,32.289432,0.407936,0.800750
2026-04-02T12:30:39.175957,6201491,32.299432,0.415011,0.798754
2026-04-02T12:30:39.200378,6202084,32.302521,0.375766,0.783801
2026-04-02T12:30:39.210378,6204004,32.312521,0.374824,0.784789
2026-04-02T12:30:39.213467,6204597,32.315609,0.396998,0.825413
2026-04-02T12:30:39.223467,6206517,32.325609,0.410580,0.771561
2026-04-02T12:30:39.205222,6207110,32.328698,0.406749,0.791794
2026-04-02T12:30:39.215222,6209030,32.338698,0.372231,0.786180
2026-04-02T12:30:39.218311,6209623,32.341786,0.416466,0.787784
2026-04-02T12:30:39.228311,6211543,32.351786,0.408207,0.784642
2026-04-02T12:30:39.252732,6212136,32.354875,0.429841,0.781440
2026-04-02T12:30:39.262732,6214056,32.364875,0.353983,0.780283
2026-04-02T12:30:39.265820,6214649,32.367964,0.420691,0.789369
2026-04-02T12:30:39.275820,6216569,32.377964,0.421982,0.779159
2026-04-02T12:30:39.257576,6217162,32.381052,0.394577,0.799290
2026-04-02T12:30:39.267576,6219082,32.391052,0.412730,0.764442
2026-04-02T12:30:39.270664,6219675,32.394141,0.422839,0.778546
2026-04-02T12:30:39.280664,6221595,32.404141,0.373655,0.800984
2026-04-02T12:30:39.305085,6222188,32.407229,0.362611,0.857730
2026-04-02T12:30:39.315085,6224108,32.417229,0.398838,0.818940
2026-04-02T12:30:39.318174,6224701,32.420318,0.404777,0.794291
2026-04-02T12:30:39.328174,6226621,32.430318,0.317434,0.817372
2026-04-02T12:30:39.309929,6227214,32.433406,0.419042,0.795927
2026-04-02T12:30:39.319929,6229134,32.443406,0.324966,0.821921
2026-04-02T12:30:39.323018,6229727,32.446495,0.440217,0.808518
2026-04-02T12:30:39.333018,6231647,32.456495,0.388478,0.759142
2026-04-02T12:30:39.357439,6232240,32.459583,0.380141,0.793655
2026-04-02T12:30:39.367439,6234160,32.469583,0.402482,0.831027
2026-04-02T12:30:39.370527,6234753,32.472672,0.418721,0.780018
2026-04-02T12:30:39.380527,6236673,32.482672,0.375726,0.813422
2026-04-02T12:30:39.362283,6237266,32.485760,0.431810,0.816380
2026-04-02T12:30:39.372283,6239186,32.495760,0.392847,0.805513
2026-04-02T12:30:39.375371,6239779,32.498849,0.397636,0.809728
2026-04-02T12:30:39.385371,6241699,32.508849,0.375140,0.770131
2026-04-02T12:30:39.409792,6242292,32.511938,0.382298,0.838425
2026-04-02T12:30:39.419792,6244212,32.521937,0.404680,0.765047
2026-04-02T12:30:39.422881,6244805,32.525026,0.385269,0.783652
2026-04-02T12:30:39.432881,6246725,32.535026,0.393841,0.830768
2026-04-02T12:30:39.414636,6247318,32.538115,0.413530,0.805026
2026-04-02T12:30:39.424636,6249238,32.548115,0.427923,0.809970
2026-04-02T12:30:39.427724,6249831,32.551203,0.356285,0.775657
2026-04-02T12:30:39.437724,6251751,32.561203,0.368603,0.787890
2026-04-02T12:30:39.462146,6252344,32.564292,0.359952,0.771241
2026-04-02T12:30:39.472146,6254264,32.574292,0.432703,0.808634
2026-04-02T12:30:39.475234,6254857,32.577380,0.357042,0.788204
2026-04-02T12:30:39.485234,6256777,32.587380,0.379577,0.804108
2026-04-02T12:30:39.466989,6257370,32.590469,0.370867,0.779821
2026-04-02T12:30:39.476989,6259290,32.600469,0.393925,0.796710
2026-04-02T12:30:39.480078,6259883,32.603557,0.376618,0.788944
2026-04-02T12:30:39.490078,6261803,32.613557,0.386862,0.839967
2026-04-02T12:30:39.514499,6262396,32.616646,0.375560,0.777830
2026-04-02T12:30:39.524499,6264316,32.626646,0.382970,0.779305
2026-04-02T12:30:39.527588,6264909,32.629734,0.390723,0.829823
2026-04-02T12:30:39.537588,6266829,32.639734,0.459828,0.834028
2026-04-02T12:30:39.519343,6267422,32.642823,0.374743,0.851204
2026-04-02T12:30:39.529343,6269342,32.652823,0.376661,0.798119
2026-04-02T12:30:39.532431,6269935,32.655911,0.411725,0.775246
2026-04-02T12:30:39.542431,6271855,32.665911,0.426473,0.842856
2026-04-02T12:30:39.566852,6272448,32.669000,0.405221,0.795556
2026-04-02T12:30:39.576852,6274368,32.679000,0.383185,0.790881
2026-04-02T12:30:39.579941,6274961,32.682089,0.402933,0.774118
2026-04-02T12:30:39.589941,6276881,32.692089,0.397785,0.772815
2026-04-02T12:30:39.571696,6277474,32.695177,0.449288,0.816543
2026-04-02T12:30:39.581696,6279394,32.705177,0.420399,0.788090
2026-04-02T12:30:39.584785,6279987,32.708266,0.405391,0.793317
2026-04-02T12:30:39.594785,6281907,32.718266,0.430350,0.792441
2026-04-02T12:30:39.619206,6282500,32.721354,0.423893,0.829937
2026-04-02T12:30:39.629206,6284420,32.731354,0.389683,0.795044
2026-04-02T12:30:39.632294,6285013,32.734443,0.372500,0.785965
2026-04-02T12:30:39.642294,6286933,32.744443,0.415654,0.794378
2026-04-02T12:30:39.624050,6287526,32.747531,0.385942,0.794803
2026-04-02T12:30:39.634050,6289446,32.757531,0.380464,0.785686
2026-04-02T12:30:39.637138,6290039,32.760620,0.364239,0.850064
2026-04-02T12:30:39.647138,6291959,32.770620,0.343646,0.809898
2026-04-02T12:30:39.671559,6292552,32.773708,0.397087,0.809496
2026-04-02T12:30:39.681559,6294472,32.783708,0.340504,0.821796
2026-04-02T12:30:39.684648,6295065,32.786797,0.420895,0.852339
2026-04-02T12:30:39.694648,6296985,32.796797,0.405638,0.784610
2026-04-02T12:30:39.676403,6297578,32.799885,0.396430,0.783326
2026-04-02T12:30:39.686403,6299498,32.809885,0.385251,0.814491
2026-04-02T12:30:39.689492,6300091,32.812974,0.401243,0.771986
2026-04-02T12:30:39.699492,6302011,32.822974,0.394494,0.806395
2026-04-02T12:30:39.723913,6302604,32.826062,0.358702,0.770237
2026-04-02T12:30:39.733913,6304524,32.836062,0.392219,0.800491
2026-04-02T12:30:39.737001,6305117,32.839151,0.420650,0.806146
2026-04-02T12:30:39.747001,6307037,32.849151,0.423211,0.808110
2026-04-02T12:30:39.728757,6307630,32.852240,0.423601,0.830564
2026-04-02T12:30:39.738757,6309550,32.862240,0.408719,0.799349
2026-04-02T12:30:39.741845,6310143,32.865328,0.346427,0.808935
2026-04-02T12:30:39.751845,6312063,32.875328,0.401427,0.809718
2026-04-02T12:30:39.776266,6312656,32.878417,0.410952,0.826345
2026-04-02T12:30:39.786266,6314576,32.888417,0.421094,0.831631
2026-04-02T12:30:39.789355,6315169,32.891505,0.381715,0.799423
2026-04-02T12:30:39.799355,6317089,32.901505,0.436544,0.782635
2026-04-02T12:30:39.781110,6317682,32.904594,0.371404,0.772426
2026-04-02T12:30:39.791110,6319602,32.914594,0.419341,0.808306
2026-04-02T12:30:39.794198,6320195,32.917682,0.416110,0.779383
2026-04-02T12:30:39.804198,6322115,32.927682,0.426469,0.786124
2026-04-02T12:30:39.828620,6322708,32.930771,0.421347,0.762599
2026-04-02T12:30:39.838620,6324628,32.940771,0.405069,0.782112
2026-04-02T12:30:39.841708,6325221,32.943859,0.390398,0.813716
2026-04-02T12:30:39.851708,6327141,32.953859,0.359484,0.806985
2026-04-02T12:30:39.833463,6327734,32.956948,0.366494,0.796211
2026-04-02T12:30:39.843463,6329654,32.966948,0.367749,0.784424
2026-04-02T12:30:39.846552,6330247,32.970036,0.437441,0.753789
2026-04-02T12:30:39.856552,6332167,32.980036,0.419128,0.800754
2026-04-02T12:30:39.880973,6332760,32.983125,0.401122,0.770998
2026-04-02T12:30:39.890973,6334680,32.993125,0.429669,0.805801
2026-04-02T12:30:39.894062,6335273,32.996214,0.394725,0.815934
2026-04-02T12:30:39.904062,6337193,33.006214,0.408129,0.747358
2026-04-02T12:30:39.885817,6337786,33.009302,0.387132,0.796124
2026-04-02T12:30:39.895817,6339706,33.019302,0.422812,0.826568
2026-04-02T12:30:39.898905,6340299,33.022391,0.372034,0.780475
2026-04-02T12:30:39.908905,6342219,33.032391,0.463534,0.797715
2026-04-02T12:30:39.933327,6342812,33.035479,0.374269,0.795258
2026-04-02T12:30:39.943327,6344732,33.045479,0.355398,0.806971
2026-04-02T12:30:39.946415,6345325,33.048568,0.394816,0.804861
2026-04-02T12:30:39.956415,6347245,33.058568,0.394690,0.786684
2026-04-02T12:30:39.938170,6347838,33.061656,0.407315,0.785707
2026-04-02T12:30:39.948170,6349758,33.071656,0.428553,0.822316
2026-04-02T12:30:39.951259,6350351,33.074745,0.444755,0.835366
2026-04-02T12:30:39.961259,6352271,33.084745,0.362423,0.847444
2026-04-02T12:30:39.985680,6352864,33.087833,0.379073,0.822972
2026-04-02T12:30:39.995680,6354784,33.097833,0.387821,0.773684
2026-04-02T12:30:39.998769,6355377,33.100922,0.416655,0.811613
2026-04-02T12:30:40.008769,6357297,33.110922,0.388324,0.837005
2026-04-02T12:30:39.990524,6357890,33.114010,0.415643,0.792207
2026-04-02T12:30:40.000524,6359810,33.124010,0.362278,0.834838
2026-04-02T12:30:40.003612,6360403,33.127099,0.381306,0.821892
2026-04-02T12:30:40.013612,6362323,33.137099,0.366939,0.828108
2026-04-02T12:30:40.038034,6362916,33.140188,0.431929,0.816443
2026-04-02T12:30:40.048034,6364836,33.150188,0.396790,0.836910
2026-04-02T12:30:40.051122,6365429,33.153276,0.406823,0.840505
2026-04-02T12:30:40.061122,6367349,33.163276,0.422995,0.817987
2026-04-02T12:30:40.042877,6367942,33.166365,0.396741,0.806563
2026-04-02T12:30:40.052877,6369862,33.176365,0.411417,0.773831
2026-04-02T12:30:40.055966,6370455,33.179453,0.353018,0.828439
2026-04-02T12:30:40.065966,6372375,33.189453,0.371559,0.788866
2026-04-02T12:30:40.090382,6372968,33.192542,0.428291,0.810839
2026-04-02T12:30:40.100382,6374888,33.202542,0.364212,0.821666
2026-04-02T12:30:40.103471,6375481,33.205630,0.374961,0.788632
2026-04-02T12:30:40.113471,6377401,33.215630,0.434129,0.782800
2026-04-02T12:30:40.095226,6377994,33.218719,0.445197,0.785156
2026-04-02T12:30:40.105226,6379914,33.228719,0.411096,0.804281
2026-04-02T12:30:40.108314,6380507,33.231807,0.400952,0.766009
2026-04-02T12:30:40.118314,6382427,33.241807,0.413833,0.777304
2026-04-02T12:30:40.142735,6383020,33.244896,0.410075,0.769891
2026-04-02T12:30:40.152735,6384940,33.254896,0.408797,0.828107
2026-04-02T12:30:40.155824,6385533,33.257984,0.389547,0.780187
2026-04-02T12:30:40.165824,6387453,33.267984,0.407790,0.806194
2026-04-02T12:30:40.147579,6388046,33.271073,0.434925,0.808134
2026-04-02T12:30:40.157579,6389966,33.281073,0.368196,0.848942
2026-04-02T12:30:40.160668,6390559,33.284161,0.424088,0.824171
2026-04-02T12:30:40.170668,6392479,33.294161,0.409158,0.843289
2026-04-02T12:30:40.195089,6393072,33.297250,0.424604,0.804644
2026-04-02T12:30:40.205089,6394992,33.307250,0.389597,0.779272
2026-04-02T12:30:40.208177,6395585,33.310339,0.420693,0.804231
2026-04-02T12:30:40.218177,6397505,33.320339,0.479157,0.775029
2026-04-02T12:30:40.199933,6398098,33.323427,0.431883,0.823732
2026-04-02T12:30:40.209933,6400018,33.333427,0.364415,0.798940
2026-04-02T12:30:40.213021,6400611,33.336516,0.396359,0.792607
2026-04-02T12:30:40.223021,6402531,33.346516,0.456894,0.832208
2026-04-02T12:30:40.247442,6403124,33.349604,0.419999,0.808959
2026-04-02T12:30:40.257442,6405044,33.359604,0.392761,0.799069
2026-04-02T12:30:40.260531,6405637,33.362693,0.424094,0.774636
2026-04-02T12:30:40.270531,6407557,33.372693,0.433983,0.768982
2026-04-02T12:30:40.252286,6408150,33.375781,0.403136,0.791469
2026-04-02T12:30:40.262286,6410070,33.385781,0.363562,0.856734
2026-04-02T12:30:40.265375,6410663,33.388870,0.396149,0.785422
2026-04-02T12:30:40.275375,6412583,33.398870,0.407745,0.818937
2026-04-02T12:30:40.299796,6413176,33.401958,0.381869,0.795265
2026-04-02T12:30:40.309796,6415096,33.411958,0.405834,0.835513
2026-04-02T12:30:40.312884,6415689,33.415047,0.353553,0.757967
2026-04-02T12:30:40.322884,6417609,33.425047,0.373605,0.782281
2026-04-02T12:30:40.304639,6418202,33.428135,0.384966,0.799749
2026-04-02T12:30:40.314639,6420122,33.438135,0.403495,0.823135
2026-04-02T12:30:40.317728,6420715,33.441224,0.406150,0.795834
2026-04-02T12:30:40.327728,6422635,33.451224,0.396151,0.823806
2026-04-02T12:30:40.352149,6423228,33.454313,0.400148,0.848059
2026-04-02T12:30:40.362149,6425148,33.464312,0.377010,0.821378
2026-04-02T12:30:40.365238,6425741,33.467401,0.440307,0.786398
2026-04-02T12:30:40.375238,6427661,33.477401,0.383160,0.805787
2026-04-02T12:30:40.356993,6428254,33.480490,0.409645,0.783679
2026-04-02T12:30:40.366993,6430174,33.490490,0.391093,0.813646
2026-04-02T12:30:40.370081,6430767,33.493578,0.379018,0.805219
2026-04-02T12:30:40.380081,6432687,33.503578,0.432606,0.789032
2026-04-02T12:30:40.404502,6433280,33.506667,0.387227,0.857238
2026-04-02T12:30:40.414502,6435200,33.516667,0.391439,0.802810
2026-04-02T12:30:40.417591,6435793,33.519755,0.444615,0.808260
2026-04-02T12:30:40.427591,6437713,33.529755,0.408440,0.817146
2026-04-02T12:30:40.409346,6438306,33.532844,0.402804,0.802267
2026-04-02T12:30:40.419346,6440226,33.542844,0.409472,0.797085
2026-04-02T12:30:40.422435,6440819,33.545932,0.406775,0.840519
2026-04-02T12:30:40.432435,6442739,33.555932,0.368174,0.861842
2026-04-02T12:30:40.456861,6443332,33.559021,0.397696,0.819796
2026-04-02T12:30:40.466861,6445252,33.569021,0.422825,0.777528
2026-04-02T12:30:40.469949,6445845,33.572109,0.410866,0.787163
2026-04-02T12:30:40.479949,6447765,33.582109,0.386128,0.810197
2026-04-02T12:30:40.461705,6448358,33.585198,0.386210,0.827067
2026-04-02T12:30:40.471705,6450278,33.595198,0.387912,0.797978
2026-04-02T12:30:40.474793,6450871,33.598286,0.388661,0.783123
2026-04-02T12:30:40.484793,6452791,33.608286,0.459245,0.788603
2026-04-02T12:30:40.509214,6453384,33.611375,0.405922,0.773008
2026-04-02T12:30:40.519214,6455304,33.621375,0.372675,0.815919
2026-04-02T12:30:40.522303,6455897,33.624464,0.398688,0.832024
2026-04-02T12:30:40.532303,6457817,33.634464,0.417447,0.813862
2026-04-02T12:30:40.514058,6458410,33.637552,0.376802,0.791463
2026-04-02T12:30:40.524058,6460330,33.647552,0.413441,0.786082
2026-04-02T12:30:40.527147,6460923,33.650641,0.414841,0.844738
2026-04-02T12:30:40.537147,6462843,33.660641,0.374440,0.724209
2026-04-02T12:30:40.561568,6463436,33.663729,0.442155,0.864686
2026-04-02T12:30:40.571568,6465356,33.673729,0.402917,0.794665
2026-04-02T12:30:40.574656,6465949,33.676818,0.390405,0.802388
2026-04-02T12:30:40.584656,6467869,33.686818,0.374077,0.791925
2026-04-02T12:30:40.566412,6468462,33.689906,0.418197,0.797678
2026-04-02T12:30:40.576412,6470382,33.699906,0.394153,0.763661
2026-04-02T12:30:40.579500,6470975,33.702995,0.341974,0.811570
2026-04-02T12:30:40.589500,6472895,33.712995,0.405286,0.832087
2026-04-02T12:30:40.613921,6473488,33.716083,0.362794,0.776087
2026-04-02T12:30:40.623921,6475408,33.726083,0.413078,0.772876
2026-04-02T12:30:40.627010,6476001,33.729172,0.367618,0.766082
2026-04-02T12:30:40.637010,6477921,33.739172,0.418479,0.785306
2026-04-02T12:30:40.618765,6478514,33.742260,0.435039,0.816269
2026-04-02T12:30:40.628765,6480434,33.752260,0.442452,0.837594
2026-04-02T12:30:40.631854,6481027,33.755349,0.392706,0.814249
2026-04-02T12:30:40.641854,6482947,33.765349,0.414264,0.806784
2026-04-02T12:30:40.666275,6483540,33.768437,0.415668,0.814265
2026-04-02T12:30:40.676275,6485460,33.778438,0.389656,0.809960
2026-04-02T12:30:40.679363,6486053,33.781526,0.397133,0.801405
2026-04-02T12:30:40.689363,6487973,33.791526,0.364671,0.813883
2026-04-02T12:30:40.671119,6488566,33.794615,0.403215,0.830382
2026-04-02T12:30:40.681119,6490486,33.804615,0.384118,0.830461
2026-04-02T12:30:40.684207,6491079,33.807703,0.418034,0.803618
2026-04-02T12:30:40.694207,6492999,33.817703,0.387326,0.824916
2026-04-02T12:30:40.718628,6493592,33.820792,0.447303,0.838628
2026-04-02T12:30:40.728628,6495512,33.830792,0.439621,0.793413
2026-04-02T12:30:40.731717,6496105,33.833880,0.395302,0.846000
2026-04-02T12:30:40.741717,6498025,33.843880,0.385447,0.786575
2026-04-02T12:30:40.723472,6498618,33.846969,0.395317,0.807261
2026-04-02T12:30:40.733472,6500538,33.856969,0.449595,0.783607
2026-04-02T12:30:40.736561,6501131,33.860057,0.397412,0.775645
2026-04-02T12:30:40.746561,6503051,33.870057,0.377538,0.824941
2026-04-02T12:30:40.770982,6503644,33.873146,0.433247,0.791642
2026-04-02T12:30:40.780982,6505564,33.883146,0.376856,0.766678
2026-04-02T12:30:40.784070,6506157,33.886234,0.441940,0.798169
2026-04-02T12:30:40.794070,6508077,33.896234,0.381866,0.792579
2026-04-02T12:30:40.775826,6508670,33.899323,0.417855,0.782068
2026-04-02T12:30:40.785826,6510590,33.909323,0.363269,0.798442
2026-04-02T12:30:40.788914,6511183,33.912411,0.365566,0.820452
2026-04-02T12:30:40.798914,6513103,33.922411,0.415638,0.821608
2026-04-02T12:30:40.823335,6513696,33.925500,0.382751,0.805183
2026-04-02T12:30:40.833335,6515616,33.935500,0.399511,0.766911
2026-04-02T12:30:40.836423,6516209,33.938589,0.408439,0.816636
2026-04-02T12:30:40.846423,6518129,33.948589,0.378616,0.798196
2026-04-02T12:30:40.828179,6518722,33.951677,0.427271,0.774144
2026-04-02T12:30:40.838179,6520642,33.961677,0.430942,0.800654
2026-04-02T12:30:40.841267,6521235,33.964766,0.358789,0.808968
2026-04-02T12:30:40.851267,6523155,33.974766,0.361573,0.754740
2026-04-02T12:30:40.875688,6523748,33.977854,0.393313,0.782989
2026-04-02T12:30:40.885688,6525668,33.987854,0.387962,0.828734
2026-04-02T12:30:40.888777,6526261,33.990943,0.407481,0.795866
2026-04-02T12:30:40.898777,6528181,34.000943,0.386948,0.763009
2026-04-02T12:30:40.880532,6528774,34.004031,0.434074,0.816229
2026-04-02T12:30:40.890532,6530694,34.014031,0.417646,0.803106
2026-04-02T12:30:40.893621,6531287,34.017120,0.386519,0.782943
2026-04-02T12:30:40.903621,6533207,34.027120,0.404150,0.801244
2026-04-02T12:30:40.928042,6533800,34.030208,0.426775,0.814827
2026-04-02T12:30:40.938042,6535720,34.040208,0.451367,0.817229
2026-04-02T12:30:40.941130,6536313,34.043297,0.432754,0.813235
2026-04-02T12:30:40.951130,6538233,34.053297,0.412634,0.827523
2026-04-02T12:30:40.932885,6538826,34.056385,0.414401,0.825325
2026-04-02T12:30:40.942885,6540746,34.066385,0.433104,0.807793
2026-04-02T12:30:40.945974,6541339,34.069474,0.403661,0.769738
2026-04-02T12:30:40.955974,6543259,34.079474,0.372668,0.777851
2026-04-02T12:30:40.980395,6543852,34.082563,0.410480,0.840429
2026-04-02T12:30:40.990395,6545772,34.092562,0.417194,0.789381
2026-04-02T12:30:40.993484,6546365,34.095651,0.377196,0.779053
2026-04-02T12:30:41.003484,6548285,34.105651,0.388080,0.794682
2026-04-02T12:30:40.985239,6548878,34.108740,0.384056,0.831706
2026-04-02T12:30:40.995239,6550798,34.118740,0.437966,0.824694
2026-04-02T12:30:40.998327,6551391,34.121828,0.393042,0.828939
2026-04-02T12:30:41.008327,6553311,34.131828,0.393876,0.767808
2026-04-02T12:30:41.032749,6553904,34.134917,0.391831,0.805960
2026-04-02T12:30:41.042749,6555824,34.144917,0.401471,0.775020
2026-04-02T12:30:41.045837,6556417,34.148005,0.385535,0.818856
2026-04-02T12:30:41.055837,6558337,34.158005,0.387528,0.775282
2026-04-02T12:30:41.037592,6558930,34.161094,0.379890,0.833424
2026-04-02T12:30:41.047592,6560850,34.171094,0.410199,0.785246
2026-04-02T12:30:41.050681,6561443,34.174182,0.359080,0.821534
2026-04-02T12:30:41.060681,6563363,34.184182,0.397752,0.779777
2026-04-02T12:30:41.085102,6563956,34.187271,0.353747,0.780911
2026-04-02T12:30:41.095102,6565876,34.197271,0.421424,0.790285
2026-04-02T12:30:41.098191,6566469,34.200359,0.340082,0.786892
2026-04-02T12:30:41.108191,6568389,34.210359,0.434513,0.806891
2026-04-02T12:30:41.089946,6568982,34.213448,0.404966,0.847247
2026-04-02T12:30:41.099946,6570902,34.223448,0.369400,0.777747
2026-04-02T12:30:41.103034,6571495,34.226536,0.396733,0.788333
2026-04-02T12:30:41.113034,6573415,34.236536,0.430123,0.768202
2026-04-02T12:30:41.137455,6574008,34.239625,0.372472,0.796221
2026-04-02T12:30:41.147455,6575928,34.249625,0.392218,0.775065
2026-04-02T12:30:41.150544,6576521,34.252714,0.388397,0.796400
2026-04-02T12:30:41.160544,6578441,34.262714,0.418581,0.808681
2026-04-02T12:30:41.142299,6579034,34.265802,0.366699,0.804039
2026-04-02T12:30:41.152299,6580954,34.275802,0.404811,0.772334
2026-04-02T12:30:41.155388,6581547,34.278891,0.416133,0.801111
2026-04-02T12:30:41.165388,6583467,34.288891,0.340443,0.814930
2026-04-02T12:30:41.189809,6584060,34.291979,0.385720,0.787250
2026-04-02T12:30:41.199809,6585980,34.301979,0.368445,0.775965
2026-04-02T12:30:41.202897,6586573,34.305068,0.388888,0.764340
2026-04-02T12:30:41.212897,6588493,34.315068,0.383557,0.786785
2026-04-02T12:30:41.194653,6589086,34.318156,0.385289,0.812529
2026-04-02T12:30:41.204653,6591006,34.328156,0.412738,0.783026
2026-04-02T12:30:41.207741,6591599,34.331245,0.453848,0.812590
2026-04-02T12:30:41.217741,6593519,34.341245,0.420572,0.795377
2026-04-02T12:30:41.242162,6594112,34.344333,0.455065,0.814189
2026-04-02T12:30:41.252162,6596032,34.354333,0.451068,0.775366
2026-04-02T12:30:41.255251,6596625,34.357422,0.392031,0.793648
2026-04-02T12:30:41.265251,6598545,34.367422,0.406722,0.814565
2026-04-02T12:30:41.247006,6599138,34.370510,0.413547,0.781634
2026-04-02T12:30:41.257006,6601058,34.380510,0.379113,0.806069
2026-04-02T12:30:41.260095,6601651,34.383599,0.389761,0.773465
2026-04-02T12:30:41.270095,6603571,34.393599,0.426769,0.788253
2026-04-02T12:30:41.294516,6604164,34.396687,0.354004,0.819582
2026-04-02T12:30:41.304516,6606084,34.406687,0.393124,0.814442
2026-04-02T12:30:41.307604,6606677,34.409776,0.366123,0.790865
2026-04-02T12:30:41.317604,6608597,34.419776,0.428365,0.806171
2026-04-02T12:30:41.299360,6609190,34.422865,0.422795,0.792097
2026-04-02T12:30:41.309360,6611110,34.432865,0.402763,0.806097
2026-04-02T12:30:41.312448,6611703,34.435953,0.421595,0.838628
2026-04-02T12:30:41.322448,6613623,34.445953,0.378753,0.820475
2026-04-02T12:30:41.346869,6614216,34.449042,0.414025,0.790123
2026-04-02T12:30:41.356869,6616136,34.459042,0.368817,0.808529
2026-04-02T12:30:41.359958,6616729,34.462130,0.398552,0.783118
2026-04-02T12:30:41.369958,6618649,34.472130,0.353605,0.800204
2026-04-02T12:30:41.351713,6619242,34.475219,0.385861,0.813624
2026-04-02T12:30:41.361713,6621162,34.485219,0.428765,0.854101
2026-04-02T12:30:41.364802,6621755,34.488307,0.391226,0.787080
2026-04-02T12:30:41.374802,6623675,34.498307,0.395880,0.764435
2026-04-02T12:30:41.399223,6624268,34.501396,0.405994,0.784107
2026-04-02T12:30:41.409223,6626188,34.511396,0.372137,0.769993
2026-04-02T12:30:41.412311,6626781,34.514484,0.439079,0.785052
2026-04-02T12:30:41.422311,6628701,34.524484,0.419726,0.814577
2026-04-02T12:30:41.404066,6629294,34.527573,0.391260,0.803332
2026-04-02T12:30:41.414066,6631214,34.537573,0.422870,0.820624
2026-04-02T12:30:41.417155,6631807,34.540661,0.454761,0.762985
2026-04-02T12:30:41.427155,6633727,34.550661,0.398542,0.796677
2026-04-02T12:30:41.451576,6634320,34.553750,0.357274,0.790324
2026-04-02T12:30:41.461576,6636240,34.563750,0.349639,0.788061
2026-04-02T12:30:41.464665,6636833,34.566839,0.416257,0.831185
2026-04-02T12:30:41.474665,6638753,34.576839,0.357512,0.768286
2026-04-02T12:30:41.456420,6639346,34.579927,0.409392,0.881553
2026-04-02T12:30:41.466420,6641266,34.589927,0.395532,0.752691
2026-04-02T12:30:41.469508,6641859,34.593016,0.414898,0.867727
2026-04-02T12:30:41.479508,6643779,34.603016,0.377413,0.783635
2026-04-02T12:30:41.503929,6644372,34.606104,0.376056,0.835226
2026-04-02T12:30:41.513929,6646292,34.616104,0.388942,0.843838
2026-04-02T12:30:41.517018,6646885,34.619193,0.383324,0.827144
2026-04-02T12:30:41.527018,6648805,34.629193,0.411088,0.827175
2026-04-02T12:30:41.508773,6649398,34.632281,0.417281,0.774183
2026-04-02T12:30:41.518773,6651318,34.642281,0.438755,0.834098
2026-04-02T12:30:41.521862,6651911,34.645370,0.430160,0.835949
2026-04-02T12:30:41.531862,6653831,34.655370,0.407986,0.782789
2026-04-02T12:30:41.556283,6654424,34.658458,0.399371,0.824876
2026-04-02T12:30:41.566283,6656344,34.668458,0.405903,0.828494
2026-04-02T12:30:41.569371,6656937,34.671547,0.422323,0.824127
2026-04-02T12:30:41.579371,6658857,34.681547,0.359325,0.776525
2026-04-02T12:30:41.561127,6659450,34.684635,0.381651,0.808773
2026-04-02T12:30:41.571127,6661370,34.694635,0.426922,0.792451
2026-04-02T12:30:41.574215,6661963,34.697724,0.372555,0.809731
2026-04-02T12:30:41.584215,6663883,34.707724,0.372074,0.794462
2026-04-02T12:30:41.608636,6664476,34.710813,0.395240,0.835997
2026-04-02T12:30:41.618636,6666396,34.720813,0.414781,0.811649
2026-04-02T12:30:41.621725,6666989,34.723901,0.374937,0.799164
2026-04-02T12:30:41.631725,6668909,34.733901,0.426717,0.805118
2026-04-02T12:30:41.613480,6669502,34.736990,0.423180,0.770412
2026-04-02T12:30:41.623480,6671422,34.746990,0.404480,0.810411
2026-04-02T12:30:41.626569,6672015,34.750078,0.393871,0.826627
2026-04-02T12:30:41.636569,6673935,34.760078,0.365630,0.796112
2026-04-02T12:30:41.660990,6674528,34.763167,0.388050,0.776010
2026-04-02T12:30:41.670990,6676448,34.773167,0.383601,0.786636
2026-04-02T12:30:41.674078,6677041,34.776255,0.325976,0.749703
2026-04-02T12:30:41.684078,6678961,34.786255,0.418026,0.801245
2026-04-02T12:30:41.665834,6679554,34.789344,0.375894,0.815183
2026-04-02T12:30:41.675834,6681474,34.799344,0.421604,0.793212
2026-04-02T12:30:41.678922,6682067,34.802432,0.401920,0.818174
2026-04-02T12:30:41.688922,6683987,34.812432,0.368475,0.831344
2026-04-02T12:30:41.713343,6684580,34.815521,0.392181,0.784193
2026-04-02T12:30:41.723343,6686500,34.825521,0.422837,0.793748
2026-04-02T12:30:41.726432,6687093,34.828609,0.449106,0.784707
2026-04-02T12:30:41.736432,6689013,34.838609,0.386845,0.789146
2026-04-02T12:30:41.718187,6689606,34.841698,0.364293,0.833374
2026-04-02T12:30:41.728187,6691526,34.851698,0.426325,0.807377
2026-04-02T12:30:41.731276,6692119,34.854786,0.409938,0.803799
2026-04-02T12:30:41.741276,6694039,34.864786,0.361028,0.796726
2026-04-02T12:30:41.765697,6694632,34.867875,0.440192,0.776966
2026-04-02T12:30:41.775697,6696552,34.877875,0.379631,0.796662
2026-04-02T12:30:41.778785,6697145,34.880964,0.421526,0.794873
2026-04-02T12:30:41.788785,6699065,34.890964,0.416266,0.832603
2026-04-02T12:30:41.770540,6699658,34.894052,0.382705,0.811939
2026-04-02T12:30:41.780540,6701578,34.904052,0.428142,0.807459
2026-04-02T12:30:41.783629,6702171,34.907141,0.433387,0.789245
2026-04-02T12:30:41.793629,6704091,34.917141,0.406386,0.832307
2026-04-02T12:30:41.818050,6704684,34.920229,0.413060,0.757031
2026-04-02T12:30:41.828050,6706604,34.930229,0.458080,0.767873
2026-04-02T12:30:41.831139,6707197,34.933318,0.374070,0.732768
2026-04-02T12:30:41.841139,6709117,34.943318,0.404869,0.721755
2026-04-02T12:30:41.822894,6709710,34.946406,0.409010,0.742987
2026-04-02T12:30:41.832894,6711630,34.956406,0.404120,0.763218
2026-04-02T12:30:41.835982,6712223,34.959495,0.362843,0.794367
2026-04-02T12:30:41.845982,6714143,34.969495,0.366363,0.798643
2026-04-02T12:30:41.870404,6714736,34.972583,0.430459,0.774503
2026-04-02T12:30:41.880404,6716656,34.982583,0.385807,0.798509
2026-04-02T12:30:41.883492,6717249,34.985672,0.363377,0.844257
2026-04-02T12:30:41.893492,6719169,34.995672,0.377997,0.835093
2026-04-02T12:30:41.875247,6719762,34.998760,0.415337,0.803042
2026-04-02T12:30:41.885247,6721682,35.008760,0.432565,0.778401
2026-04-02T12:30:41.888336,6722275,35.011849,0.408942,0.789722
2026-04-02T12:30:41.898336,6724195,35.021849,0.404526,0.815893
2026-04-02T12:30:41.922757,6724788,35.024938,0.431761,0.843618
2026-04-02T12:30:41.932757,6726708,35.034937,0.403489,0.784169
2026-04-02T12:30:41.935846,6727301,35.038026,0.412251,0.780267
2026-04-02T12:30:41.945846,6729221,35.048026,0.368741,0.776544
2026-04-02T12:30:41.927601,6729814,35.051115,0.387764,0.805953
2026-04-02T12:30:41.937601,6731734,35.061115,0.448476,0.832794
2026-04-02T12:30:41.940689,6732327,35.064203,0.382887,0.790102
2026-04-02T12:30:41.950689,6734247,35.074203,0.350419,0.813859
2026-04-02T12:30:41.975111,6734840,35.077292,0.384565,0.800996
2026-04-02T12:30:41.985111,6736760,35.087292,0.416171,0.743717
2026-04-02T12:30:41.988199,6737353,35.090380,0.408085,0.819387
2026-04-02T12:30:41.998199,6739273,35.100380,0.410881,0.797099
2026-04-02T12:30:41.979954,6739866,35.103469,0.444994,0.799356
2026-04-02T12:30:41.989954,6741786,35.113469,0.403413,0.773113
2026-04-02T12:30:41.993043,6742379,35.116557,0.404975,0.778626
2026-04-02T12:30:42.003043,6744299,35.126557,0.439635,0.797931
2026-04-02T12:30:42.027464,6744892,35.129646,0.368367,0.782881
2026-04-02T12:30:42.037464,6746812,35.139646,0.414492,0.820156
2026-04-02T12:30:42.040553,6747405,35.142734,0.419297,0.796192
2026-04-02T12:30:42.050553,6749325,35.152734,0.387305,0.802177
2026-04-02T12:30:42.032308,6749918,35.155823,0.377579,0.809164
2026-04-02T12:30:42.042308,6751838,35.165823,0.405542,0.839750
2026-04-02T12:30:42.045396,6752431,35.168911,0.431441,0.812507
2026-04-02T12:30:42.055396,6754351,35.178911,0.398983,0.809198
2026-04-02T12:30:42.079817,6754944,35.182000,0.448884,0.799879
2026-04-02T12:30:42.089817,6756864,35.192000,0.422169,0.759796
2026-04-02T12:30:42.092906,6757457,35.195089,0.416478,0.823215
2026-04-02T12:30:42.102906,6759377,35.205089,0.389771,0.813847
2026-04-02T12:30:42.084661,6759970,35.208177,0.386614,0.772420
2026-04-02T12:30:42.094661,6761890,35.218177,0.414475,0.782316
2026-04-02T12:30:42.097750,6762483,35.221266,0.414208,0.803176
2026-04-02T12:30:42.107750,6764403,35.231266,0.430501,0.805786
2026-04-02T12:30:42.132171,6764996,35.234354,0.391184,0.827818
2026-04-02T12:30:42.142171,6766916,35.244354,0.378076,0.767907
2026-04-02T12:30:42.145259,6767509,35.247443,0.430438,0.771158
2026-04-02T12:30:42.155259,6769429,35.257443,0.411388,0.836074
2026-04-02T12:30:42.137015,6770022,35.260531,0.398001,0.748960
2026-04-02T12:30:42.147015,6771942,35.270531,0.375738,0.788845
2026-04-02T12:30:42.150103,6772535,35.273620,0.391134,0.782662
2026-04-02T12:30:42.160103,6774455,35.283620,0.448208,0.838965
2026-04-02T12:30:42.184524,6775048,35.286708,0.386316,0.784898
2026-04-02T12:30:42.194524,6776968,35.296708,0.371748,0.779899
2026-04-02T12:30:42.197613,6777561,35.299797,0.419045,0.811814
2026-04-02T12:30:42.207613,6779481,35.309797,0.397547,0.801804
2026-04-02T12:30:42.189368,6780074,35.312885,0.427622,0.754101
2026-04-02T12:30:42.199368,6781994,35.322885,0.356337,0.799026
2026-04-02T12:30:42.202457,6782587,35.325974,0.420955,0.780572
2026-04-02T12:30:42.212457,6784507,35.335974,0.403277,0.844063
2026-04-02T12:30:42.236878,6785100,35.339062,0.430124,0.791461
2026-04-02T12:30:42.246878,6787020,35.349063,0.405612,0.803547
2026-04-02T12:30:42.249966,6787613,35.352151,0.415034,0.848774
2026-04-02T12:30:42.259966,6789533,35.362151,0.416870,0.844731
2026-04-02T12:30:42.241721,6790126,35.365240,0.416780,0.796872
2026-04-02T12:30:42.251721,6792046,35.375240,0.378509,0.806914
2026-04-02T12:30:42.254810,6792639,35.378328,0.422610,0.768598
2026-04-02T12:30:42.264810,6794559,35.388328,0.405364,0.817180
2026-04-02T12:30:42.289231,6795152,35.391417,0.375064,0.765317
2026-04-02T12:30:42.299231,6797072,35.401417,0.397868,0.802221
2026-04-02T12:30:42.302320,6797665,35.404505,0.383318,0.792605
2026-04-02T12:30:42.312320,6799585,35.414505,0.422864,0.768772
2026-04-02T12:30:42.294075,6800178,35.417594,0.440692,0.775289
2026-04-02T12:30:42.304075,6802098,35.427594,0.390222,0.809156
2026-04-02T12:30:42.307163,6802691,35.430682,0.376350,0.769324
2026-04-02T12:30:42.317163,6804611,35.440682,0.410134,0.815609
2026-04-02T12:30:42.341585,6805204,35.443771,0.384032,0.802324
2026-04-02T12:30:42.351585,6807124,35.453771,0.400082,0.827474
2026-04-02T12:30:42.354673,6807717,35.456859,0.429043,0.812416
2026-04-02T12:30:42.364673,6809637,35.466859,0.417721,0.806613
2026-04-02T12:30:42.346428,6810230,35.469948,0.396259,0.797023
2026-04-02T12:30:42.356428,6812150,35.479948,0.384296,0.794620
2026-04-02T12:30:42.359517,6812743,35.483036,0.400465,0.813109
2026-04-02T12:30:42.369517,6814663,35.493036,0.357823,0.788380
2026-04-02T12:30:42.393938,6815256,35.496125,0.338477,0.812175
2026-04-02T12:30:42.403938,6817176,35.506125,0.418065,0.815869
2026-04-02T12:30:42.407027,6817769,35.509214,0.379369,0.809820
2026-04-02T12:30:42.417027,6819689,35.519214,0.369219,0.818049
2026-04-02T12:30:42.398782,6820282,35.522302,0.415328,0.794308
2026-04-02T12:30:42.408782,6822202,35.532302,0.366010,0.786808
2026-04-02T12:30:42.411870,6822795,35.535391,0.431603,0.789086
2026-04-02T12:30:42.421870,6824715,35.545391,0.371317,0.752462
2026-04-02T12:30:42.446292,6825308,35.548479,0.446800,0.759431
2026-04-02T12:30:42.456292,6827228,35.558479,0.415238,0.757572
2026-04-02T12:30:42.459380,6827821,35.561568,0.392045,0.814172
2026-04-02T12:30:42.469380,6829741,35.571568,0.374022,0.811107
2026-04-02T12:30:42.451135,6830334,35.574656,0.411518,0.770727
2026-04-02T12:30:42.461135,6832254,35.584656,0.389539,0.838901
2026-04-02T12:30:42.464224,6832847,35.587745,0.408500,0.803282
2026-04-02T12:30:42.474224,6834767,35.597745,0.386914,0.781245
2026-04-02T12:30:42.498645,6835360,35.600833,0.383304,0.810573
2026-04-02T12:30:42.508645,6837280,35.610833,0.329681,0.840182
2026-04-02T12:30:42.511733,6837873,35.613922,0.391696,0.809539
2026-04-02T12:30:42.521733,6839793,35.623922,0.442383,0.777365
2026-04-02T12:30:42.503489,6840386,35.627010,0.432567,0.796601
2026-04-02T12:30:42.513489,6842306,35.637010,0.411764,0.807552
2026-04-02T12:30:42.516577,6842899,35.640099,0.366600,0.805282
2026-04-02T12:30:42.526577,6844819,35.650099,0.405467,0.769819
2026-04-02T12:30:42.550998,6845412,35.653188,0.388370,0.851045
2026-04-02T12:30:42.560998,6847332,35.663187,0.354046,0.774947
2026-04-02T12:30:42.564087,6847925,35.666276,0.434133,0.776329
2026-04-02T12:30:42.574087,6849845,35.676276,0.381457,0.815716
2026-04-02T12:30:42.555842,6850438,35.679365,0.398776,0.728928
2026-04-02T12:30:42.565842,6852358,35.689365,0.402970,0.802220
2026-04-02T12:30:42.568931,6852951,35.692453,0.444030,0.792349
2026-04-02T12:30:42.578931,6854871,35.702453,0.388150,0.772036
2026-04-02T12:30:42.603352,6855464,35.705542,0.448859,0.806928
2026-04-02T12:30:42.613352,6857384,35.715542,0.442176,0.794110
2026-04-02T12:30:42.616440,6857977,35.718630,0.357183,0.792451
2026-04-02T12:30:42.626440,6859897,35.728630,0.404234,0.798790
2026-04-02T12:30:42.608196,6860490,35.731719,0.409221,0.804442
2026-04-02T12:30:42.618196,6862410,35.741719,0.401501,0.787348
2026-04-02T12:30:42.621284,6863003,35.744807,0.397141,0.851461
2026-04-02T12:30:42.631284,6864923,35.754807,0.402412,0.779977
2026-04-02T12:30:42.655705,6865516,35.757896,0.390274,0.775462
2026-04-02T12:30:42.665705,6867436,35.767896,0.438111,0.790030
2026-04-02T12:30:42.668794,6868029,35.770984,0.389287,0.823252
2026-04-02T12:30:42.678794,6869949,35.780984,0.399055,0.820482
2026-04-02T12:30:42.660549,6870542,35.784073,0.371968,0.795473
2026-04-02T12:30:42.670549,6872462,35.794073,0.392576,0.784014
2026-04-02T12:30:42.673638,6873055,35.797161,0.383682,0.796923
2026-04-02T12:30:42.683638,6874975,35.807161,0.409680,0.777193
2026-04-02T12:30:42.708059,6875568,35.810250,0.392996,0.770924
2026-04-02T12:30:42.718059,6877488,35.820250,0.368833,0.792998
2026-04-02T12:30:42.721147,6878081,35.823339,0.407125,0.752037
2026-04-02T12:30:42.731147,6880001,35.833339,0.410275,0.834643
2026-04-02T12:30:42.712903,6880594,35.836427,0.369638,0.836796
2026-04-02T12:30:42.722903,6882514,35.846427,0.377122,0.808228
2026-04-02T12:30:42.725991,6883107,35.849516,0.375186,0.818207
2026-04-02T12:30:42.735991,6885027,35.859516,0.396493,0.764142
2026-04-02T12:30:42.760412,6885620,35.862604,0.427574,0.830104
2026-04-02T12:30:42.770412,6887540,35.872604,0.405549,0.804254
2026-04-02T12:30:42.773501,6888133,35.875693,0.407197,0.759229
2026-04-02T12:30:42.783501,6890053,35.885693,0.376370,0.801129
2026-04-02T12:30:42.765256,6890646,35.888781,0.412297,0.792722
2026-04-02T12:30:42.775256,6892566,35.898781,0.427071,0.762679
2026-04-02T12:30:42.778345,6893159,35.901870,0.411218,0.762066
2026-04-02T12:30:42.788345,6895079,35.911870,0.383874,0.800923
2026-04-02T12:30:42.812766,6895672,35.914958,0.400400,0.806557
2026-04-02T12:30:42.822766,6897592,35.924958,0.387034,0.834486
2026-04-02T12:30:42.825854,6898185,35.928047,0.414739,0.800010
2026-04-02T12:30:42.835854,6900105,35.938047,0.413749,0.861369
2026-04-02T12:30:42.817609,6900698,35.941135,0.383215,0.787902
2026-04-02T12:30:42.827609,6902618,35.951135,0.409351,0.806243
2026-04-02T12:30:42.830698,6903211,35.954224,0.390125,0.739944
2026-04-02T12:30:42.840698,6905131,35.964224,0.421067,0.778730
2026-04-02T12:30:42.865119,6905724,35.967312,0.415300,0.814498
2026-04-02T12:30:42.875119,6907644,35.977312,0.442205,0.820020
2026-04-02T12:30:42.878208,6908237,35.980401,0.429786,0.807412
2026-04-02T12:30:42.888208,6910157,35.990401,0.426211,0.786390
2026-04-02T12:30:42.869963,6910750,35.993490,0.408170,0.827898
2026-04-02T12:30:42.879963,6912670,36.003490,0.394139,0.828730
2026-04-02T12:30:42.883051,6913263,36.006578,0.420933,0.798517
2026-04-02T12:30:42.893051,6915183,36.016578,0.399449,0.766120
2026-04-02T12:30:42.917473,6915776,36.019667,0.390442,0.841045
2026-04-02T12:30:42.927473,6917696,36.029667,0.386719,0.814244
2026-04-02T12:30:42.930561,6918289,36.032755,0.382026,0.795379
2026-04-02T12:30:42.940561,6920209,36.042755,0.425313,0.790923
2026-04-02T12:30:42.922316,6920802,36.045844,0.436476,0.782089
2026-04-02T12:30:42.932316,6922722,36.055844,0.406009,0.760407
2026-04-02T12:30:42.935405,6923315,36.058932,0.374376,0.873695
2026-04-02T12:30:42.945405,6925235,36.068932,0.417376,0.788239
2026-04-02T12:30:42.969826,6925828,36.072021,0.418242,0.828448
2026-04-02T12:30:42.979826,6927748,36.082021,0.392945,0.838090
2026-04-02T12:30:42.982915,6928341,36.085109,0.404597,0.800903
2026-04-02T12:30:42.992915,6930261,36.095109,0.413101,0.816529
2026-04-02T12:30:42.974670,6930854,36.098198,0.438136,0.814495
2026-04-02T12:30:42.984670,6932774,36.108198,0.425111,0.804247
2026-04-02T12:30:42.987758,6933367,36.111286,0.367160,0.752901
2026-04-02T12:30:42.997758,6935287,36.121286,0.429419,0.835487
2026-04-02T12:30:43.022179,6935880,36.124375,0.398659,0.819777
2026-04-02T12:30:43.032179,6937800,36.134375,0.419666,0.793117
2026-04-02T12:30:43.035268,6938393,36.137464,0.436446,0.790499
2026-04-02T12:30:43.045268,6940313,36.147464,0.419792,0.838116
2026-04-02T12:30:43.027023,6940906,36.150552,0.392679,0.786298
2026-04-02T12:30:43.037023,6942826,36.160552,0.408920,0.823034
2026-04-02T12:30:43.040112,6943419,36.163641,0.439831,0.797568
2026-04-02T12:30:43.050112,6945339,36.173641,0.415172,0.784887
2026-04-02T12:30:43.074533,6945932,36.176729,0.416702,0.813059
2026-04-02T12:30:43.084533,6947852,36.186729,0.436065,0.765895
2026-04-02T12:30:43.087621,6948445,36.189818,0.422574,0.830165
2026-04-02T12:30:43.097621,6950365,36.199818,0.340830,0.782890
2026-04-02T12:30:43.079377,6950958,36.202906,0.378611,0.800401
2026-04-02T12:30:43.089377,6952878,36.212906,0.413624,0.805679
2026-04-02T12:30:43.092465,6953471,36.215995,0.405958,0.819399
2026-04-02T12:30:43.102465,6955391,36.225995,0.393349,0.812066
2026-04-02T12:30:43.126886,6955984,36.229083,0.428548,0.812473
2026-04-02T12:30:43.136886,6957904,36.239083,0.365194,0.809339
2026-04-02T12:30:43.139975,6958497,36.242172,0.415873,0.831757
2026-04-02T12:30:43.149975,6960417,36.252172,0.413271,0.856677
2026-04-02T12:30:43.131730,6961010,36.255260,0.383477,0.829183
2026-04-02T12:30:43.141730,6962930,36.265260,0.379953,0.790193
2026-04-02T12:30:43.144819,6963523,36.268349,0.393818,0.774639
2026-04-02T12:30:43.154819,6965443,36.278349,0.326017,0.804793
2026-04-02T12:30:43.179240,6966036,36.281438,0.369757,0.788859
2026-04-02T12:30:43.189240,6967956,36.291438,0.437300,0.807997
2026-04-02T12:30:43.192328,6968549,36.294526,0.399309,0.815917
2026-04-02T12:30:43.202328,6970469,36.304526,0.455514,0.798498
2026-04-02T12:30:43.184084,6971062,36.307615,0.434510,0.810013
2026-04-02T12:30:43.194084,6972982,36.317615,0.422333,0.739685
2026-04-02T12:30:43.197172,6973575,36.320703,0.395196,0.781136
2026-04-02T12:30:43.207172,6975495,36.330703,0.353389,0.771786
2026-04-02T12:30:43.231593,6976088,36.333792,0.399205,0.841409
2026-04-02T12:30:43.241593,6978008,36.343792,0.411187,0.847127
2026-04-02T12:30:43.244682,6978601,36.346880,0.424355,0.812148
2026-04-02T12:30:43.254682,6980521,36.356880,0.332100,0.800680
2026-04-02T12:30:43.236437,6981114,36.359969,0.409023,0.851742
2026-04-02T12:30:43.246437,6983034,36.369969,0.371332,0.809991
2026-04-02T12:30:43.249525,6983627,36.373057,0.387197,0.792390
2026-04-02T12:30:43.259525,6985547,36.383057,0.414114,0.753142
2026-04-02T12:30:43.283947,6986140,36.386146,0.385910,0.858636
2026-04-02T12:30:43.293947,6988060,36.396146,0.395812,0.796727
2026-04-02T12:30:43.297035,6988653,36.399234,0.371098,0.776541
2026-04-02T12:30:43.307035,6990573,36.409234,0.409756,0.821126
2026-04-02T12:30:43.288790,6991166,36.412323,0.393306,0.779074
2026-04-02T12:30:43.298790,6993086,36.422323,0.387096,0.800597
2026-04-02T12:30:43.301879,6993679,36.425411,0.393658,0.798103
2026-04-02T12:30:43.311879,6995599,36.435411,0.388213,0.785129
2026-04-02T12:30:43.336300,6996192,36.438500,0.382683,0.843432
2026-04-02T12:30:43.346300,6998112,36.448500,0.425581,0.806427
2026-04-02T12:30:43.349389,6998705,36.451589,0.417834,0.783742
2026-04-02T12:30:43.359389,7000625,36.461589,0.387700,0.807667
2026-04-02T12:30:43.341144,7001218,36.464677,0.391774,0.822610
2026-04-02T12:30:43.351144,7003138,36.474677,0.364508,0.783100
2026-04-02T12:30:43.354232,7003731,36.477766,0.368951,0.834669
2026-04-02T12:30:43.364232,7005651,36.487766,0.417576,0.819422
2026-04-02T12:30:43.388653,7006244,36.490854,0.422699,0.772647
2026-04-02T12:30:43.398653,7008164,36.500854,0.396867,0.795956
2026-04-02T12:30:43.401742,7008757,36.503943,0.358112,0.774332
2026-04-02T12:30:43.411742,7010677,36.513943,0.396954,0.790749
2026-04-02T12:30:43.393497,7011270,36.517031,0.342049,0.817404
2026-04-02T12:30:43.403497,7013190,36.527031,0.410017,0.772021
2026-04-02T12:30:43.406586,7013783,36.530120,0.405809,0.794658
2026-04-02T12:30:43.416586,7015703,36.540120,0.411524,0.814096
2026-04-02T12:30:43.441007,7016296,36.543208,0.446882,0.815252
2026-04-02T12:30:43.451007,7018216,36.553208,0.351206,0.828013
2026-04-02T12:30:43.454095,7018809,36.556297,0.372909,0.790997
2026-04-02T12:30:43.464095,7020729,36.566297,0.388098,0.827606
2026-04-02T12:30:43.445851,7021322,36.569385,0.388349,0.812271
2026-04-02T12:30:43.455851,7023242,36.579385,0.411947,0.787876
2026-04-02T12:30:43.458939,7023835,36.582474,0.424445,0.797046
2026-04-02T12:30:43.468939,7025755,36.592474,0.400987,0.808091
2026-04-02T12:30:43.493360,7026348,36.595562,0.440761,0.792677
2026-04-02T12:30:43.503360,7028268,36.605562,0.396678,0.829842
2026-04-02T12:30:43.506449,7028861,36.608651,0.417219,0.808594
2026-04-02T12:30:43.516449,7030781,36.618651,0.386312,0.824500
2026-04-02T12:30:43.498204,7031374,36.621740,0.392772,0.834406
2026-04-02T12:30:43.508204,7033294,36.631740,0.434109,0.795467
2026-04-02T12:30:43.511293,7033887,36.634828,0.338638,0.805508
2026-04-02T12:30:43.521293,7035807,36.644828,0.354160,0.793291
2026-04-02T12:30:43.545714,7036400,36.647917,0.370233,0.844983
2026-04-02T12:30:43.555714,7038320,36.657917,0.412431,0.809102
2026-04-02T12:30:43.558802,7038913,36.661005,0.418055,0.789653
2026-04-02T12:30:43.568802,7040833,36.671005,0.409692,0.799754
2026-04-02T12:30:43.550558,7041426,36.674094,0.384039,0.789845
2026-04-02T12:30:43.560558,7043346,36.684094,0.435916,0.801748
2026-04-02T12:30:43.563646,7043939,36.687182,0.391380,0.844340
2026-04-02T12:30:43.573646,7045859,36.697182,0.352647,0.762195
2026-04-02T12:30:43.598060,7046452,36.700271,0.414613,0.789668
2026-04-02T12:30:43.608060,7048372,36.710271,0.415927,0.829363
2026-04-02T12:30:43.611149,7048965,36.713359,0.396849,0.812355
2026-04-02T12:30:43.621149,7050885,36.723359,0.420694,0.778732
2026-04-02T12:30:43.602904,7051478,36.726448,0.403728,0.824222
2026-04-02T12:30:43.612904,7053398,36.736448,0.386529,0.810937
2026-04-02T12:30:43.615993,7053991,36.739536,0.393591,0.831627
2026-04-02T12:30:43.625993,7055911,36.749536,0.420263,0.834586
2026-04-02T12:30:43.650414,7056504,36.752625,0.362819,0.784088
2026-04-02T12:30:43.660414,7058424,36.762625,0.385796,0.813536
2026-04-02T12:30:43.663502,7059017,36.765714,0.368432,0.826862
2026-04-02T12:30:43.673502,7060937,36.775714,0.419328,0.829693
2026-04-02T12:30:43.655257,7061530,36.778802,0.401152,0.814096
2026-04-02T12:30:43.665257,7063450,36.788802,0.422094,0.819616
2026-04-02T12:30:43.668346,7064043,36.791891,0.435431,0.813946
2026-04-02T12:30:43.678346,7065963,36.801891,0.375177,0.810496
2026-04-02T12:30:43.702767,7066556,36.804979,0.362932,0.809605
2026-04-02T12:30:43.712767,7068476,36.814979,0.415131,0.843624
2026-04-02T12:30:43.715856,7069069,36.818068,0.376245,0.818879
2026-04-02T12:30:43.725856,7070989,36.828068,0.369449,0.807497
2026-04-02T12:30:43.707611,7071582,36.831156,0.400370,0.825167
2026-04-02T12:30:43.717611,7073502,36.841156,0.395517,0.844378
2026-04-02T12:30:43.720699,7074095,36.844245,0.382239,0.793938
2026-04-02T12:30:43.730699,7076015,36.854245,0.401480,0.782948
2026-04-02T12:30:43.755120,7076608,36.857333,0.400726,0.808333
2026-04-02T12:30:43.765120,7078528,36.867333,0.472678,0.779499
2026-04-02T12:30:43.768209,7079121,36.870422,0.409038,0.788153
2026-04-02T12:30:43.778209,7081041,36.880422,0.411197,0.793839
2026-04-02T12:30:43.759964,7081634,36.883510,0.382236,0.768982
2026-04-02T12:30:43.769964,7083554,36.893510,0.445433,0.814528
2026-04-02T12:30:43.773053,7084147,36.896599,0.385420,0.764714
2026-04-02T12:30:43.783053,7086067,36.906599,0.448335,0.756999
2026-04-02T12:30:43.807474,7086660,36.909687,0.395429,0.789946
2026-04-02T12:30:43.817474,7088580,36.919688,0.414091,0.812479
2026-04-02T12:30:43.820562,7089173,36.922776,0.439032,0.828175
2026-04-02T12:30:43.830562,7091093,36.932776,0.414926,0.786445
2026-04-02T12:30:43.812318,7091686,36.935865,0.340879,0.752379
2026-04-02T12:30:43.822318,7093606,36.945865,0.385028,0.782486
2026-04-02T12:30:43.825406,7094199,36.948953,0.406197,0.804348
2026-04-02T12:30:43.835406,7096119,36.958953,0.417194,0.797804
2026-04-02T12:30:43.859827,7096712,36.962042,0.395671,0.802238
2026-04-02T12:30:43.869827,7098632,36.972042,0.424334,0.810952
2026-04-02T12:30:43.872916,7099225,36.975130,0.404813,0.767874
2026-04-02T12:30:43.882916,7101145,36.985130,0.376954,0.782720
2026-04-02T12:30:43.864671,7101738,36.988219,0.418964,0.836485
2026-04-02T12:30:43.874671,7103658,36.998219,0.401476,0.785358
2026-04-02T12:30:43.877759,7104251,37.001307,0.398217,0.828724
2026-04-02T12:30:43.887759,7106171,37.011307,0.396353,0.803143
2026-04-02T12:30:43.912181,7106764,37.014396,0.423473,0.818146
2026-04-02T12:30:43.922181,7108684,37.024396,0.452784,0.800790
2026-04-02T12:30:43.925270,7109277,37.027484,0.374690,0.805200
2026-04-02T12:30:43.935270,7111197,37.037484,0.427037,0.813559
2026-04-02T12:30:43.917025,7111790,37.040573,0.403072,0.760882
2026-04-02T12:30:43.927025,7113710,37.050573,0.410071,0.773994
2026-04-02T12:30:43.930113,7114303,37.053661,0.399295,0.829610
2026-04-02T12:30:43.940113,7116223,37.063661,0.364596,0.832388
2026-04-02T12:30:43.964535,7116816,37.066750,0.367537,0.800280
2026-04-02T12:30:43.974535,7118736,37.076750,0.423282,0.785611
2026-04-02T12:30:43.977623,7119329,37.079839,0.437983,0.829161
2026-04-02T12:30:43.987623,7121249,37.089839,0.433901,0.794719
2026-04-02T12:30:43.969378,7121842,37.092927,0.379900,0.777755
2026-04-02T12:30:43.979378,7123762,37.102927,0.453507,0.804799
2026-04-02T12:30:43.982467,7124355,37.106016,0.398623,0.797547
2026-04-02T12:30:43.992467,7126275,37.116016,0.383092,0.813263
2026-04-02T12:30:44.016888,7126868,37.119104,0.423762,0.775332
2026-04-02T12:30:44.026888,7128788,37.129104,0.432859,0.811739
2026-04-02T12:30:44.029976,7129381,37.132193,0.373340,0.808491
2026-04-02T12:30:44.039976,7131301,37.142193,0.396641,0.803745
2026-04-02T12:30:44.021732,7131894,37.145281,0.398234,0.804713
2026-04-02T12:30:44.031732,7133814,37.155281,0.397830,0.843969
2026-04-02T12:30:44.034820,7134407,37.158370,0.383794,0.828588
2026-04-02T12:30:44.044820,7136327,37.168370,0.420807,0.819244
2026-04-02T12:30:44.069241,7136920,37.171458,0.435974,0.793994
2026-04-02T12:30:44.079241,7138840,37.181458,0.384400,0.782440
2026-04-02T12:30:44.082330,7139433,37.184547,0.369495,0.816479
2026-04-02T12:30:44.092330,7141353,37.194547,0.403010,0.788153
2026-04-02T12:30:44.074085,7141946,37.197635,0.392004,0.824882
2026-04-02T12:30:44.084085,7143866,37.207635,0.404886,0.795037
2026-04-02T12:30:44.087174,7144459,37.210724,0.383963,0.809207
2026-04-02T12:30:44.097174,7146379,37.220724,0.429600,0.783180
2026-04-02T12:30:44.121595,7146972,37.223813,0.377493,0.819017
2026-04-02T12:30:44.131595,7148892,37.233812,0.443385,0.826234
2026-04-02T12:30:44.134683,7149485,37.236901,0.409648,0.777141
2026-04-02T12:30:44.144683,7151405,37.246901,0.444760,0.774156
2026-04-02T12:30:44.126438,7151998,37.249990,0.432902,0.778677
2026-04-02T12:30:44.136438,7153918,37.259990,0.405499,0.829006
2026-04-02T12:30:44.139527,7154511,37.263078,0.417657,0.827881
2026-04-02T12:30:44.149527,7156431,37.273078,0.431268,0.816057
2026-04-02T12:30:44.173948,7157024,37.276167,0.393706,0.782356
2026-04-02T12:30:44.183948,7158944,37.286167,0.422204,0.821482
2026-04-02T12:30:44.187037,7159537,37.289255,0.404368,0.776720
2026-04-02T12:30:44.197037,7161457,37.299255,0.409522,0.768860
2026-04-02T12:30:44.178792,7162050,37.302344,0.382049,0.819027
2026-04-02T12:30:44.188792,7163970,37.312344,0.411435,0.762056
2026-04-02T12:30:44.191880,7164563,37.315432,0.351973,0.836292
2026-04-02T12:30:44.201880,7166483,37.325432,0.385326,0.814680
2026-04-02T12:30:44.226301,7167076,37.328521,0.415436,0.800857
2026-04-02T12:30:44.236301,7168996,37.338521,0.385013,0.834165
2026-04-02T12:30:44.239390,7169589,37.341609,0.350318,0.815298
2026-04-02T12:30:44.249390,7171509,37.351609,0.407793,0.800803
2026-04-02T12:30:44.231145,7172102,37.354698,0.393380,0.817887
2026-04-02T12:30:44.241145,7174022,37.364698,0.396465,0.782612
2026-04-02T12:30:44.244234,7174615,37.367786,0.380112,0.803755
2026-04-02T12:30:44.254234,7176535,37.377786,0.381710,0.820242
2026-04-02T12:30:44.278655,7177128,37.380875,0.353253,0.794390
2026-04-02T12:30:44.288655,7179048,37.390875,0.429302,0.794037
2026-04-02T12:30:44.291744,7179641,37.393964,0.402631,0.803464
2026-04-02T12:30:44.301744,7181561,37.403964,0.378361,0.785424
2026-04-02T12:30:44.283499,7182154,37.407052,0.425253,0.802317
2026-04-02T12:30:44.293499,7184074,37.417052,0.359219,0.780957
2026-04-02T12:30:44.296588,7184667,37.420141,0.368109,0.721974
2026-04-02T12:30:44.306588,7186587,37.430141,0.432347,0.816572
2026-04-02T12:30:44.331009,7187180,37.433229,0.405154,0.832752
2026-04-02T12:30:44.341009,7189100,37.443229,0.416575,0.842978
2026-04-02T12:30:44.344097,7189693,37.446318,0.379783,0.810038
2026-04-02T12:30:44.354097,7191613,37.456318,0.392174,0.810764
2026-04-02T12:30:44.335852,7192206,37.459406,0.386276,0.799656
2026-04-02T12:30:44.345852,7194126,37.469406,0.412556,0.760447
2026-04-02T12:30:44.348941,7194719,37.472495,0.422901,0.803569
2026-04-02T12:30:44.358941,7196639,37.482495,0.405622,0.803553
2026-04-02T12:30:44.383362,7197232,37.485583,0.386863,0.830785
2026-04-02T12:30:44.393362,7199152,37.495583,0.411433,0.766541
2026-04-02T12:30:44.396451,7199745,37.498672,0.383681,0.812109
2026-04-02T12:30:44.406451,7201665,37.508672,0.383079,0.811170
2026-04-02T12:30:44.388206,7202258,37.511760,0.420833,0.812473
2026-04-02T12:30:44.398206,7204178,37.521760,0.384945,0.786268
2026-04-02T12:30:44.401294,7204771,37.524849,0.460194,0.778940
2026-04-02T12:30:44.411294,7206691,37.534849,0.359835,0.796829
2026-04-02T12:30:44.435715,7207284,37.537937,0.405466,0.778223
2026-04-02T12:30:44.445715,7209204,37.547938,0.406903,0.803511
2026-04-02T12:30:44.448804,7209797,37.551026,0.406023,0.825588
2026-04-02T12:30:44.458804,7211717,37.561026,0.422078,0.813764
2026-04-02T12:30:44.440559,7212310,37.564115,0.398001,0.807151
2026-04-02T12:30:44.450559,7214230,37.574115,0.437253,0.802807
2026-04-02T12:30:44.453648,7214823,37.577203,0.423858,0.792445
2026-04-02T12:30:44.463648,7216743,37.587203,0.392373,0.785430
2026-04-02T12:30:44.488069,7217336,37.590292,0.371571,0.756656
2026-04-02T12:30:44.498069,7219256,37.600292,0.429130,0.836249
2026-04-02T12:30:44.501157,7219849,37.603380,0.434843,0.808825
2026-04-02T12:30:44.511157,7221769,37.613380,0.397310,0.809424
2026-04-02T12:30:44.492913,7222362,37.616469,0.375519,0.793112
2026-04-02T12:30:44.502913,7224282,37.626469,0.419444,0.822392
2026-04-02T12:30:44.506001,7224875,37.629557,0.371286,0.795060
2026-04-02T12:30:44.516001,7226795,37.639557,0.428336,0.797652
2026-04-02T12:30:44.540422,7227388,37.642646,0.418775,0.838383
2026-04-02T12:30:44.550422,7229308,37.652646,0.409857,0.830557
2026-04-02T12:30:44.553511,7229901,37.655734,0.384051,0.816589
2026-04-02T12:30:44.563511,7231821,37.665734,0.434968,0.775356
2026-04-02T12:30:44.545266,7232414,37.668823,0.377100,0.849030
2026-04-02T12:30:44.555266,7234334,37.678823,0.394322,0.795483
2026-04-02T12:30:44.558355,7234927,37.681911,0.431264,0.784694
2026-04-02T12:30:44.568355,7236847,37.691911,0.392572,0.868216
2026-04-02T12:30:44.592776,7237440,37.695000,0.377223,0.803236
2026-04-02T12:30:44.602776,7239360,37.705000,0.402039,0.827815
2026-04-02T12:30:44.605864,7239953,37.708089,0.388973,0.823788
2026-04-02T12:30:44.615864,7241873,37.718089,0.431215,0.780136
2026-04-02T12:30:44.597619,7242466,37.721177,0.422352,0.794582
2026-04-02T12:30:44.607619,7244386,37.731177,0.353038,0.779136
2026-04-02T12:30:44.610708,7244979,37.734266,0.387585,0.838716
2026-04-02T12:30:44.620708,7246899,37.744266,0.389531,0.783260
2026-04-02T12:30:44.645136,7247492,37.747354,0.393067,0.784234
2026-04-02T12:30:44.655136,7249412,37.757354,0.392737,0.781237
2026-04-02T12:30:44.658225,7250005,37.760443,0.401308,0.790937
2026-04-02T12:30:44.668225,7251925,37.770443,0.393407,0.738604
2026-04-02T12:30:44.649980,7252518,37.773531,0.380721,0.808722
2026-04-02T12:30:44.659980,7254438,37.783531,0.424479,0.810678
2026-04-02T12:30:44.663069,7255031,37.786620,0.411808,0.783705
2026-04-02T12:30:44.673069,7256951,37.796620,0.408140,0.806393
2026-04-02T12:30:44.697490,7257544,37.799708,0.403615,0.822405
2026-04-02T12:30:44.707490,7259464,37.809708,0.374060,0.757304
2026-04-02T12:30:44.710579,7260057,37.812797,0.368974,0.760480
2026-04-02T12:30:44.720579,7261977,37.822797,0.387617,0.818658
2026-04-02T12:30:44.702334,7262570,37.825885,0.388540,0.793727
2026-04-02T12:30:44.712334,7264490,37.835885,0.400015,0.800840
2026-04-02T12:30:44.715422,7265083,37.838974,0.418279,0.796382
2026-04-02T12:30:44.725422,7267003,37.848974,0.433332,0.818919
2026-04-02T12:30:44.749843,7267596,37.852063,0.421797,0.786910
2026-04-02T12:30:44.759843,7269516,37.862063,0.367708,0.843603
2026-04-02T12:30:44.762932,7270109,37.865151,0.390619,0.762185
2026-04-02T12:30:44.772932,7272029,37.875151,0.406300,0.805455
2026-04-02T12:30:44.754687,7272622,37.878240,0.396842,0.798383
2026-04-02T12:30:44.764687,7274542,37.888240,0.419690,0.862719
2026-04-02T12:30:44.767776,7275135,37.891328,0.386535,0.815895
2026-04-02T12:30:44.777776,7277055,37.901328,0.396851,0.817312
2026-04-02T12:30:44.802197,7277648,37.904417,0.397058,0.791946
2026-04-02T12:30:44.812197,7279568,37.914417,0.386801,0.834882
2026-04-02T12:30:44.815285,7280161,37.917505,0.387740,0.816173
2026-04-02T12:30:44.825285,7282081,37.927505,0.382318,0.787183
2026-04-02T12:30:44.807041,7282674,37.930594,0.385097,0.784509
2026-04-02T12:30:44.817041,7284594,37.940594,0.431801,0.786468
2026-04-02T12:30:44.820129,7285187,37.943682,0.348684,0.843154
2026-04-02T12:30:44.830129,7287107,37.953682,0.389852,0.775015
2026-04-02T12:30:44.854550,7287700,37.956771,0.389829,0.776405
2026-04-02T12:30:44.864550,7289620,37.966771,0.409741,0.818151
2026-04-02T12:30:44.867639,7290213,37.969859,0.415321,0.817158
2026-04-02T12:30:44.877639,7292133,37.979859,0.408665,0.826889
2026-04-02T12:30:44.859394,7292726,37.982948,0.377577,0.819916
2026-04-02T12:30:44.869394,7294646,37.992948,0.392555,0.809835
2026-04-02T12:30:44.872483,7295239,37.996036,0.391841,0.803431
2026-04-02T12:30:44.882483,7297159,38.006036,0.420731,0.774004
2026-04-02T12:30:44.906904,7297752,38.009125,0.375650,0.844795
2026-04-02T12:30:44.916904,7299672,38.019125,0.395426,0.806251
2026-04-02T12:30:44.919992,7300265,38.022214,0.410556,0.832721
2026-04-02T12:30:44.929992,7302185,38.032214,0.435220,0.768000
2026-04-02T12:30:44.911748,7302778,38.035302,0.396809,0.778571
2026-04-02T12:30:44.921748,7304698,38.045302,0.391555,0.792457
2026-04-02T12:30:44.924836,7305291,38.048391,0.378899,0.785930
2026-04-02T12:30:44.934836,7307211,38.058391,0.396493,0.827666
2026-04-02T12:30:44.959257,7307804,38.061479,0.363444,0.779709
2026-04-02T12:30:44.969257,7309724,38.071479,0.427174,0.747148
2026-04-02T12:30:44.972346,7310317,38.074568,0.412368,0.815278
2026-04-02T12:30:44.982346,7312237,38.084568,0.444926,0.792555
2026-04-02T12:30:44.964101,7312830,38.087656,0.410954,0.762391
2026-04-02T12:30:44.974101,7314750,38.097656,0.398009,0.815198
2026-04-02T12:30:44.977189,7315343,38.100745,0.378046,0.791621
2026-04-02T12:30:44.987189,7317263,38.110745,0.359248,0.773976
2026-04-02T12:30:45.011611,7317856,38.113833,0.374816,0.830116
2026-04-02T12:30:45.021611,7319776,38.123833,0.355307,0.830984
2026-04-02T12:30:45.024699,7320369,38.126922,0.408777,0.850283
2026-04-02T12:30:45.034699,7322289,38.136922,0.419171,0.829906
2026-04-02T12:30:45.016454,7322882,38.140010,0.396483,0.796033
2026-04-02T12:30:45.026454,7324802,38.150010,0.444824,0.831406
2026-04-02T12:30:45.029543,7325395,38.153099,0.342525,0.791775
2026-04-02T12:30:45.039543,7327315,38.163099,0.369420,0.800904
2026-04-02T12:30:45.063964,7327908,38.166187,0.404891,0.784610
2026-04-02T12:30:45.073964,7329828,38.176187,0.414363,0.802438
2026-04-02T12:30:45.077053,7330421,38.179276,0.445479,0.763105
2026-04-02T12:30:45.087053,7332341,38.189276,0.428654,0.808679
2026-04-02T12:30:45.068808,7332934,38.192365,0.393329,0.793796
2026-04-02T12:30:45.078808,7334854,38.202365,0.388781,0.842358
2026-04-02T12:30:45.081896,7335447,38.205453,0.390561,0.791225
2026-04-02T12:30:45.091896,7337367,38.215453,0.371228,0.783888
2026-04-02T12:30:45.116318,7337960,38.218542,0.412059,0.772283
2026-04-02T12:30:45.126318,7339880,38.228542,0.397884,0.790702
2026-04-02T12:30:45.129406,7340473,38.231630,0.379326,0.838628
2026-04-02T12:30:45.139406,7342393,38.241630,0.406502,0.796814
2026-04-02T12:30:45.121161,7342986,38.244719,0.393983,0.812466
2026-04-02T12:30:45.131161,7344906,38.254719,0.384263,0.814397
2026-04-02T12:30:45.134250,7345499,38.257807,0.434047,0.817947
2026-04-02T12:30:45.144250,7347419,38.267807,0.374301,0.793124
2026-04-02T12:30:45.168671,7348012,38.270896,0.395768,0.776313
2026-04-02T12:30:45.178671,7349932,38.280896,0.394770,0.806207
2026-04-02T12:30:45.181760,7350525,38.283984,0.387819,0.800043
2026-04-02T12:30:45.191760,7352445,38.293984,0.341949,0.798869
2026-04-02T12:30:45.173515,7353038,38.297073,0.373727,0.810589
2026-04-02T12:30:45.183515,7354958,38.307073,0.418958,0.807275
2026-04-02T12:30:45.186603,7355551,38.310161,0.422838,0.830464
2026-04-02T12:30:45.196603,7357471,38.320161,0.383988,0.793050
2026-04-02T12:30:45.221025,7358064,38.323250,0.391119,0.785449
2026-04-02T12:30:45.231025,7359984,38.333250,0.402897,0.803533
2026-04-02T12:30:45.234113,7360577,38.336339,0.399400,0.806767
2026-04-02T12:30:45.244113,7362497,38.346339,0.372107,0.835331
2026-04-02T12:30:45.225868,7363090,38.349427,0.419879,0.774025
2026-04-02T12:30:45.235868,7365010,38.359427,0.354642,0.747434
2026-04-02T12:30:45.238957,7365603,38.362516,0.436251,0.781004
2026-04-02T12:30:45.248957,7367523,38.372516,0.415980,0.769924
2026-04-02T12:30:45.273378,7368116,38.375604,0.386896,0.754625
2026-04-02T12:30:45.283378,7370036,38.385604,0.392699,0.819720
2026-04-02T12:30:45.286467,7370629,38.388693,0.409767,0.847072
2026-04-02T12:30:45.296467,7372549,38.398693,0.415303,0.775248
2026-04-02T12:30:45.278222,7373142,38.401781,0.374807,0.777268
2026-04-02T12:30:45.288222,7375062,38.411781,0.376065,0.750079
2026-04-02T12:30:45.291310,7375655,38.414870,0.389006,0.806673
2026-04-02T12:30:45.301310,7377575,38.424870,0.328719,0.818476
2026-04-02T12:30:45.325731,7378168,38.427958,0.443369,0.785327
2026-04-02T12:30:45.335731,7380088,38.437958,0.411521,0.781420
2026-04-02T12:30:45.338820,7380681,38.441047,0.458090,0.754860
2026-04-02T12:30:45.348820,7382601,38.451047,0.410943,0.798487
2026-04-02T12:30:45.330575,7383194,38.454135,0.355395,0.816902
2026-04-02T12:30:45.340575,7385114,38.464135,0.385158,0.803043
2026-04-02T12:30:45.343664,7385707,38.467224,0.394203,0.776399
2026-04-02T12:30:45.353664,7387627,38.477224,0.410351,0.797894
2026-04-02T12:30:45.378085,7388220,38.480312,0.320313,0.810493
2026-04-02T12:30:45.388085,7390140,38.490313,0.423539,0.777376
2026-04-02T12:30:45.391173,7390733,38.493401,0.398114,0.810229
2026-04-02T12:30:45.401173,7392653,38.503401,0.401737,0.825354
2026-04-02T12:30:45.382929,7393246,38.506490,0.410830,0.740314
2026-04-02T12:30:45.392929,7395166,38.516490,0.375947,0.821066
2026-04-02T12:30:45.396017,7395759,38.519578,0.381742,0.827396
2026-04-02T12:30:45.406017,7397679,38.529578,0.408928,0.798079
2026-04-02T12:30:45.430438,7398272,38.532667,0.404759,0.796217
2026-04-02T12:30:45.440438,7400192,38.542667,0.370491,0.831117
2026-04-02T12:30:45.443527,7400785,38.545755,0.402042,0.766358
2026-04-02T12:30:45.453527,7402705,38.555755,0.401061,0.752114
2026-04-02T12:30:45.435282,7403298,38.558844,0.395758,0.766559
2026-04-02T12:30:45.445282,7405218,38.568844,0.385911,0.816255
2026-04-02T12:30:45.448371,7405811,38.571932,0.424306,0.748604
2026-04-02T12:30:45.458371,7407731,38.581932,0.381840,0.795643
2026-04-02T12:30:45.482792,7408324,38.585021,0.429173,0.825414
2026-04-02T12:30:45.492792,7410244,38.595021,0.363253,0.799098
2026-04-02T12:30:45.495880,7410837,38.598109,0.386665,0.797091
2026-04-02T12:30:45.505880,7412757,38.608109,0.381384,0.819411
2026-04-02T12:30:45.487636,7413350,38.611198,0.407486,0.805869
2026-04-02T12:30:45.497636,7415270,38.621198,0.344110,0.801543
2026-04-02T12:30:45.500724,7415863,38.624286,0.394852,0.824427
2026-04-02T12:30:45.510724,7417783,38.634286,0.381380,0.828447
2026-04-02T12:30:45.535145,7418376,38.637375,0.399430,0.813879
2026-04-02T12:30:45.545145,7420296,38.647375,0.399035,0.819262
2026-04-02T12:30:45.548234,7420889,38.650464,0.372669,0.783338
2026-04-02T12:30:45.558234,7422809,38.660464,0.396848,0.790671
2026-04-02T12:30:45.539989,7423402,38.663552,0.434680,0.797035
2026-04-02T12:30:45.549989,7425322,38.673552,0.417358,0.833455
2026-04-02T12:30:45.553078,7425915,38.676641,0.407151,0.810472
2026-04-02T12:30:45.563078,7427835,38.686641,0.395662,0.792690
2026-04-02T12:30:45.587499,7428428,38.689729,0.382291,0.776270
2026-04-02T12:30:45.597499,7430348,38.699729,0.405135,0.832589
2026-04-02T12:30:45.600587,7430941,38.702818,0.333290,0.800742
2026-04-02T12:30:45.610587,7432861,38.712818,0.382581,0.763051
2026-04-02T12:30:45.592343,7433454,38.715906,0.411770,0.786011
2026-04-02T12:30:45.602343,7435374,38.725906,0.373097,0.819295
2026-04-02T12:30:45.605431,7435967,38.728995,0.431827,0.786364
2026-04-02T12:30:45.615431,7437887,38.738995,0.383111,0.814151
2026-04-02T12:30:45.639852,7438480,38.742083,0.388536,0.823743
2026-04-02T12:30:45.649852,7440400,38.752083,0.395924,0.764753
2026-04-02T12:30:45.652941,7440993,38.755172,0.366576,0.797747
2026-04-02T12:30:45.662941,7442913,38.765172,0.407468,0.773784
2026-04-02T12:30:45.644696,7443506,38.768260,0.401978,0.852617
2026-04-02T12:30:45.654696,7445426,38.778260,0.387179,0.798397
2026-04-02T12:30:45.657784,7446019,38.781349,0.448428,0.762235
2026-04-02T12:30:45.667784,7447939,38.791349,0.404556,0.778830
2026-04-02T12:30:45.692205,7448532,38.794438,0.438638,0.801848
2026-04-02T12:30:45.702205,7450452,38.804437,0.398168,0.773258
2026-04-02T12:30:45.705294,7451045,38.807526,0.427265,0.832024
2026-04-02T12:30:45.715294,7452965,38.817526,0.424186,0.818995
2026-04-02T12:30:45.697049,7453558,38.820615,0.374573,0.851192
2026-04-02T12:30:45.707049,7455478,38.830615,0.407645,0.773711
2026-04-02T12:30:45.710138,7456071,38.833703,0.405929,0.806216
2026-04-02T12:30:45.720138,7457991,38.843703,0.347996,0.776230
2026-04-02T12:30:45.744559,7458584,38.846792,0.405448,0.793148
2026-04-02T12:30:45.754559,7460504,38.856792,0.449445,0.745764
2026-04-02T12:30:45.757647,7461097,38.859880,0.408098,0.788860
2026-04-02T12:30:45.767647,7463017,38.869880,0.374299,0.764336
2026-04-02T12:30:45.749403,7463610,38.872969,0.392120,0.825729
2026-04-02T12:30:45.759403,7465530,38.882969,0.421111,0.802892
2026-04-02T12:30:45.762491,7466123,38.886057,0.344907,0.762271
2026-04-02T12:30:45.772491,7468043,38.896057,0.359928,0.789604
2026-04-02T12:30:45.796912,7468636,38.899146,0.394845,0.765730
2026-04-02T12:30:45.806912,7470556,38.909146,0.406268,0.792520
2026-04-02T12:30:45.810001,7471149,38.912234,0.384708,0.784245
2026-04-02T12:30:45.820001,7473069,38.922234,0.385132,0.830999
2026-04-02T12:30:45.801756,7473662,38.925323,0.399448,0.771653
2026-04-02T12:30:45.811756,7475582,38.935323,0.403743,0.792992
2026-04-02T12:30:45.814845,7476175,38.938411,0.357169,0.772549
2026-04-02T12:30:45.824845,7478095,38.948411,0.398037,0.786188
2026-04-02T12:30:45.849266,7478688,38.951500,0.464599,0.794281
2026-04-02T12:30:45.859266,7480608,38.961500,0.394302,0.778722
2026-04-02T12:30:45.862354,7481201,38.964589,0.429743,0.800338
2026-04-02T12:30:45.872354,7483121,38.974589,0.350703,0.810763
2026-04-02T12:30:45.854110,7483714,38.977677,0.434226,0.806138
2026-04-02T12:30:45.864110,7485634,38.987677,0.415819,0.812205
2026-04-02T12:30:45.867198,7486227,38.990766,0.397209,0.822979
2026-04-02T12:30:45.877198,7488147,39.000766,0.401759,0.785861
2026-04-02T12:30:45.901619,7488740,39.003854,0.393547,0.807061
2026-04-02T12:30:45.911619,7490660,39.013854,0.373144,0.789995
2026-04-02T12:30:45.914708,7491253,39.016943,0.405304,0.780323
2026-04-02T12:30:45.924708,7493173,39.026943,0.408010,0.787589
2026-04-02T12:30:45.906463,7493766,39.030031,0.409671,0.778145
2026-04-02T12:30:45.916463,7495686,39.040031,0.390836,0.855062
2026-04-02T12:30:45.919552,7496279,39.043120,0.410247,0.791916
2026-04-02T12:30:45.929552,7498199,39.053120,0.378331,0.802235
2026-04-02T12:30:45.953973,7498792,39.056208,0.387822,0.795821
2026-04-02T12:30:45.963973,7500712,39.066208,0.391849,0.826588
2026-04-02T12:30:45.967061,7501305,39.069297,0.366147,0.820405
2026-04-02T12:30:45.977061,7503225,39.079297,0.411574,0.761012
2026-04-02T12:30:45.958817,7503818,39.082385,0.390520,0.794188
2026-04-02T12:30:45.968817,7505738,39.092385,0.402410,0.790971
2026-04-02T12:30:45.971905,7506331,39.095474,0.401472,0.826751
2026-04-02T12:30:45.981905,7508251,39.105474,0.383650,0.805836
2026-04-02T12:30:46.006326,7508844,39.108562,0.377319,0.787356
2026-04-02T12:30:46.016326,7510764,39.118563,0.416432,0.808849
2026-04-02T12:30:46.019415,7511357,39.121651,0.434666,0.803372
2026-04-02T12:30:46.029415,7513277,39.131651,0.394241,0.799943
2026-04-02T12:30:46.011170,7513870,39.134740,0.397676,0.827201
2026-04-02T12:30:46.021170,7515790,39.144740,0.374764,0.831136
2026-04-02T12:30:46.024258,7516383,39.147828,0.437528,0.812725
2026-04-02T12:30:46.034258,7518303,39.157828,0.355455,0.841518
2026-04-02T12:30:46.058680,7518896,39.160917,0.421588,0.811101
2026-04-02T12:30:46.068680,7520816,39.170917,0.419516,0.791547
2026-04-02T12:30:46.071768,7521409,39.174005,0.388421,0.842282
2026-04-02T12:30:46.081768,7523329,39.184005,0.370491,0.775449
2026-04-02T12:30:46.063523,7523922,39.187094,0.417934,0.782150
2026-04-02T12:30:46.073523,7525842,39.197094,0.447240,0.776897
2026-04-02T12:30:46.076612,7526435,39.200182,0.462502,0.769135
2026-04-02T12:30:46.086612,7528355,39.210182,0.417123,0.817050
2026-04-02T12:30:46.111033,7528948,39.213271,0.353678,0.790476
2026-04-02T12:30:46.121033,7530868,39.223271,0.404002,0.876389
2026-04-02T12:30:46.124122,7531461,39.226359,0.402926,0.817845
2026-04-02T12:30:46.134122,7533381,39.236359,0.417123,0.830101
2026-04-02T12:30:46.115877,7533974,39.239448,0.406225,0.791204
2026-04-02T12:30:46.125877,7535894,39.249448,0.420124,0.779138
2026-04-02T12:30:46.128965,7536487,39.252536,0.384232,0.776615
2026-04-02T12:30:46.138965,7538407,39.262536,0.396170,0.800365
2026-04-02T12:30:46.163387,7539000,39.265625,0.346921,0.785736
2026-04-02T12:30:46.173387,7540920,39.275625,0.418925,0.794384
2026-04-02T12:30:46.176475,7541513,39.278714,0.390808,0.806230
2026-04-02T12:30:46.186475,7543433,39.288714,0.416173,0.827605
2026-04-02T12:30:46.168230,7544026,39.291802,0.449901,0.805613
2026-04-02T12:30:46.178230,7545946,39.301802,0.453898,0.811577
2026-04-02T12:30:46.181319,7546539,39.304891,0.400068,0.770149
2026-04-02T12:30:46.191319,7548459,39.314891,0.437220,0.774531
2026-04-02T12:30:46.215740,7549052,39.317979,0.388127,0.801204
2026-04-02T12:30:46.225740,7550972,39.327979,0.374605,0.810661
2026-04-02T12:30:46.228829,7551565,39.331068,0.387192,0.805440
2026-04-02T12:30:46.238829,7553485,39.341068,0.410672,0.773533
2026-04-02T12:30:46.220584,7554078,39.344156,0.444710,0.798365
2026-04-02T12:30:46.230584,7555998,39.354156,0.378017,0.790244
2026-04-02T12:30:46.233672,7556591,39.357245,0.379123,0.805157
2026-04-02T12:30:46.243672,7558511,39.367245,0.414803,0.862847
2026-04-02T12:30:46.268093,7559104,39.370333,0.402419,0.802519
2026-04-02T12:30:46.278093,7561024,39.380333,0.402385,0.791732
2026-04-02T12:30:46.281182,7561617,39.383422,0.430311,0.780503
2026-04-02T12:30:46.291182,7563537,39.393422,0.442047,0.786772
2026-04-02T12:30:46.272937,7564130,39.396510,0.413492,0.820654
2026-04-02T12:30:46.282937,7566050,39.406510,0.360240,0.760145
2026-04-02T12:30:46.286026,7566643,39.409599,0.396790,0.772447
2026-04-02T12:30:46.296026,7568563,39.419599,0.383017,0.807581
2026-04-02T12:30:46.320447,7569156,39.422688,0.406051,0.788266
2026-04-02T12:30:46.330447,7571076,39.432688,0.404637,0.790547
2026-04-02T12:30:46.333535,7571669,39.435776,0.381794,0.805247
2026-04-02T12:30:46.343535,7573589,39.445776,0.377306,0.790171
2026-04-02T12:30:46.325291,7574182,39.448865,0.389521,0.812427
2026-04-02T12:30:46.335291,7576102,39.458865,0.425900,0.820309
2026-04-02T12:30:46.338379,7576695,39.461953,0.388956,0.830764
2026-04-02T12:30:46.348379,7578615,39.471953,0.403007,0.798037
2026-04-02T12:30:46.372800,7579208,39.475042,0.370275,0.784005
2026-04-02T12:30:46.382800,7581128,39.485042,0.382694,0.801787
2026-04-02T12:30:46.385889,7581721,39.488130,0.408276,0.823066
2026-04-02T12:30:46.395889,7583641,39.498130,0.409359,0.831979
2026-04-02T12:30:46.377644,7584234,39.501219,0.425069,0.814806
2026-04-02T12:30:46.387644,7586154,39.511219,0.424218,0.763729
2026-04-02T12:30:46.390733,7586747,39.514307,0.417106,0.791735
2026-04-02T12:30:46.400733,7588667,39.524307,0.384747,0.813692
2026-04-02T12:30:46.425154,7589260,39.527396,0.397599,0.762147
2026-04-02T12:30:46.435154,7591180,39.537396,0.424208,0.799710
2026-04-02T12:30:46.438242,7591773,39.540484,0.444575,0.754084
2026-04-02T12:30:46.448242,7593693,39.550484,0.406981,0.817266
2026-04-02T12:30:46.429997,7594286,39.553573,0.376629,0.784056
2026-04-02T12:30:46.439997,7596206,39.563573,0.399801,0.798205
2026-04-02T12:30:46.443086,7596799,39.566661,0.390661,0.790551
2026-04-02T12:30:46.453086,7598719,39.576661,0.420518,0.783542
2026-04-02T12:30:46.477507,7599312,39.579750,0.397389,0.760453
2026-04-02T12:30:46.487507,7601232,39.589750,0.381012,0.792577
2026-04-02T12:30:46.490596,7601825,39.592839,0.330881,0.784625
2026-04-02T12:30:46.500596,7603745,39.602839,0.402592,0.786843
2026-04-02T12:30:46.482351,7604338,39.605927,0.408867,0.808667
2026-04-02T12:30:46.492351,7606258,39.615927,0.357887,0.803001
2026-04-02T12:30:46.495439,7606851,39.619016,0.393199,0.804393
2026-04-02T12:30:46.505439,7608771,39.629016,0.414195,0.821738
2026-04-02T12:30:46.529861,7609364,39.632104,0.464886,0.797358
2026-04-02T12:30:46.539861,7611284,39.642104,0.380052,0.829989
2026-04-02T12:30:46.542949,7611877,39.645193,0.356799,0.770472
2026-04-02T12:30:46.552949,7613797,39.655193,0.449644,0.760876
2026-04-02T12:30:46.534704,7614390,39.658281,0.397886,0.772617
2026-04-02T12:30:46.544704,7616310,39.668281,0.362900,0.835608
2026-04-02T12:30:46.547793,7616903,39.671370,0.394899,0.807916
2026-04-02T12:30:46.557793,7618823,39.681370,0.374846,0.811026
2026-04-02T12:30:46.582214,7619416,39.684458,0.412094,0.807602
2026-04-02T12:30:46.592214,7621336,39.694458,0.362283,0.785408
2026-04-02T12:30:46.595303,7621929,39.697547,0.375321,0.796208
2026-04-02T12:30:46.605303,7623849,39.707547,0.407177,0.806999
2026-04-02T12:30:46.587058,7624442,39.710635,0.421865,0.775359
2026-04-02T12:30:46.597058,7626362,39.720635,0.388687,0.805309
2026-04-02T12:30:46.600146,7626955,39.723724,0.393352,0.818127
2026-04-02T12:30:46.610146,7628875,39.733724,0.458841,0.834214
2026-04-02T12:30:46.634568,7629468,39.736812,0.370977,0.814475
2026-04-02T12:30:46.644568,7631388,39.746812,0.367372,0.784685
2026-04-02T12:30:46.647656,7631981,39.749901,0.390418,0.789810
2026-04-02T12:30:46.657656,7633901,39.759901,0.416406,0.776262
2026-04-02T12:30:46.639411,7634494,39.762990,0.408979,0.779202
2026-04-02T12:30:46.649411,7636414,39.772990,0.417240,0.789564
2026-04-02T12:30:46.652500,7637007,39.776078,0.408373,0.797577
2026-04-02T12:30:46.662500,7638927,39.786078,0.374157,0.806341
2026-04-02T12:30:46.686914,7639520,39.789167,0.359521,0.826867
2026-04-02T12:30:46.696914,7641440,39.799167,0.439322,0.814258
2026-04-02T12:30:46.700003,7642033,39.802255,0.384516,0.790524
2026-04-02T12:30:46.710003,7643953,39.812255,0.402879,0.811525
2026-04-02T12:30:46.691758,7644546,39.815344,0.408946,0.794322
2026-04-02T12:30:46.701758,7646466,39.825344,0.388625,0.842560
2026-04-02T12:30:46.704846,7647059,39.828432,0.408630,0.792755
2026-04-02T12:30:46.714846,7648979,39.838432,0.413073,0.842631
2026-04-02T12:30:46.739267,7649572,39.841521,0.382431,0.791604
2026-04-02T12:30:46.749267,7651492,39.851521,0.409768,0.787047
2026-04-02T12:30:46.752356,7652085,39.854609,0.366232,0.806807
2026-04-02T12:30:46.762356,7654005,39.864609,0.402390,0.769406
2026-04-02T12:30:46.744111,7654598,39.867698,0.394417,0.787904
2026-04-02T12:30:46.754111,7656518,39.877698,0.415586,0.834645
2026-04-02T12:30:46.757200,7657111,39.880786,0.383410,0.796136
2026-04-02T12:30:46.767200,7659031,39.890786,0.382259,0.795945
2026-04-02T12:30:46.791621,7659624,39.893875,0.411915,0.815485
2026-04-02T12:30:46.801621,7661544,39.903875,0.396565,0.791225
2026-04-02T12:30:46.804709,7662137,39.906964,0.386567,0.829213
2026-04-02T12:30:46.814709,7664057,39.916964,0.399662,0.818309
2026-04-02T12:30:46.796465,7664650,39.920052,0.402243,0.804102
2026-04-02T12:30:46.806465,7666570,39.930052,0.392983,0.725098
2026-04-02T12:30:46.809553,7667163,39.933141,0.395390,0.748967
2026-04-02T12:30:46.819553,7669083,39.943141,0.379258,0.824150
2026-04-02T12:30:46.843974,7669676,39.946229,0.358655,0.856331
2026-04-02T12:30:46.853974,7671596,39.956229,0.407181,0.784878
2026-04-02T12:30:46.857063,7672189,39.959318,0.388455,0.774490
2026-04-02T12:30:46.867063,7674109,39.969318,0.396028,0.768136
2026-04-02T12:30:46.848818,7674702,39.972406,0.367017,0.799822
2026-04-02T12:30:46.858818,7676622,39.982406,0.391933,0.778660
2026-04-02T12:30:46.861906,7677215,39.985495,0.409492,0.748905
2026-04-02T12:30:46.871906,7679135,39.995495,0.469713,0.816020
2026-04-02T12:30:46.896328,7679728,39.998583,0.414393,0.754189
2026-04-02T12:30:46.906328,7681648,40.008583,0.366995,0.776904
2026-04-02T12:30:46.909416,7682241,40.011672,0.369787,0.788605
2026-04-02T12:30:46.919416,7684161,40.021672,0.369258,0.793408
2026-04-02T12:30:46.901171,7684754,40.024760,0.360417,0.807644
2026-04-02T12:30:46.911171,7686674,40.034760,0.381292,0.778649
2026-04-02T12:30:46.914260,7687267,40.037849,0.393925,0.790570
2026-04-02T12:30:46.924260,7689187,40.047849,0.369908,0.774707
2026-04-02T12:30:46.948681,7689780,40.050938,0.370353,0.800056
2026-04-02T12:30:46.958681,7691700,40.060938,0.379409,0.802923
2026-04-02T12:30:46.961769,7692293,40.064026,0.438518,0.796514
2026-04-02T12:30:46.971769,7694213,40.074026,0.385845,0.797341
2026-04-02T12:30:46.953525,7694806,40.077115,0.420442,0.801838
2026-04-02T12:30:46.963525,7696726,40.087115,0.420448,0.814845
2026-04-02T12:30:46.966613,7697319,40.090203,0.437363,0.782987
2026-04-02T12:30:46.976613,7699239,40.100203,0.441021,0.813172
2026-04-02T12:30:47.001034,7699832,40.103292,0.409150,0.880261
2026-04-02T12:30:47.011034,7701752,40.113292,0.384249,0.805147
2026-04-02T12:30:47.014123,7702345,40.116380,0.404967,0.809431
2026-04-02T12:30:47.024123,7704265,40.126380,0.409043,0.839173
2026-04-02T12:30:47.005878,7704858,40.129469,0.404409,0.811439
2026-04-02T12:30:47.015878,7706778,40.139469,0.387368,0.788349
2026-04-02T12:30:47.018967,7707371,40.142557,0.376880,0.812063
2026-04-02T12:30:47.028967,7709291,40.152557,0.356756,0.808119
2026-04-02T12:30:47.053388,7709884,40.155646,0.423554,0.807925
2026-04-02T12:30:47.063388,7711804,40.165646,0.409840,0.856711
2026-04-02T12:30:47.066477,7712397,40.168734,0.406052,0.807784
2026-04-02T12:30:47.076477,7714317,40.178734,0.397338,0.814013
2026-04-02T12:30:47.058232,7714910,40.181823,0.397178,0.758705
2026-04-02T12:30:47.068232,7716830,40.191823,0.431149,0.769308
2026-04-02T12:30:47.071321,7717423,40.194911,0.397235,0.788858
2026-04-02T12:30:47.081321,7719343,40.204911,0.403558,0.829038
2026-04-02T12:30:47.105742,7719936,40.208000,0.426241,0.818359
2026-04-02T12:30:47.115742,7721856,40.218000,0.402022,0.819217
2026-04-02T12:30:47.118830,7722449,40.221089,0.406881,0.852818
2026-04-02T12:30:47.128830,7724369,40.231089,0.393038,0.788558
2026-04-02T12:30:47.110585,7724962,40.234177,0.411750,0.818600
2026-04-02T12:30:47.120585,7726882,40.244177,0.350884,0.834943
2026-04-02T12:30:47.123674,7727475,40.247266,0.430283,0.784878
2026-04-02T12:30:47.133674,7729395,40.257266,0.416484,0.800156
2026-04-02T12:30:47.158095,7729988,40.260354,0.420890,0.765690
2026-04-02T12:30:47.168095,7731908,40.270354,0.392025,0.787599
2026-04-02T12:30:47.171184,7732501,40.273443,0.392326,0.810245
2026-04-02T12:30:47.181184,7734421,40.283443,0.391044,0.782781
2026-04-02T12:30:47.162939,7735014,40.286531,0.402982,0.825602
2026-04-02T12:30:47.172939,7736934,40.296531,0.422010,0.787649
2026-04-02T12:30:47.176027,7737527,40.299620,0.441988,0.808795
2026-04-02T12:30:47.186027,7739447,40.309620,0.399320,0.760703
2026-04-02T12:30:47.210448,7740040,40.312708,0.402195,0.775082
2026-04-02T12:30:47.220448,7741960,40.322708,0.388157,0.847627
2026-04-02T12:30:47.223537,7742553,40.325797,0.385491,0.825342
2026-04-02T12:30:47.233537,7744473,40.335797,0.429528,0.824105
2026-04-02T12:30:47.215292,7745066,40.338885,0.384065,0.805238
2026-04-02T12:30:47.225292,7746986,40.348885,0.388500,0.819666
2026-04-02T12:30:47.228381,7747579,40.351974,0.371412,0.832381
2026-04-02T12:30:47.238381,7749499,40.361974,0.416269,0.768348
2026-04-02T12:30:47.262802,7750092,40.365063,0.386017,0.811422
2026-04-02T12:30:47.272802,7752012,40.375062,0.388470,0.831360
2026-04-02T12:30:47.275890,7752605,40.378151,0.411659,0.767806
2026-04-02T12:30:47.285890,7754525,40.388151,0.374221,0.764705
2026-04-02T12:30:47.267645,7755118,40.391240,0.375407,0.818987
2026-04-02T12:30:47.277645,7757038,40.401240,0.410354,0.813441
2026-04-02T12:30:47.280734,7757631,40.404328,0.394811,0.803239
2026-04-02T12:30:47.290734,7759551,40.414328,0.427169,0.807327
2026-04-02T12:30:47.315155,7760144,40.417417,0.406102,0.797798
2026-04-02T12:30:47.325155,7762064,40.427417,0.408705,0.792451
2026-04-02T12:30:47.328244,7762657,40.430505,0.427485,0.816333
2026-04-02T12:30:47.338244,7764577,40.440505,0.399965,0.840738
2026-04-02T12:30:47.319999,7765170,40.443594,0.378032,0.779247
2026-04-02T12:30:47.329999,7767090,40.453594,0.397136,0.809620
2026-04-02T12:30:47.333087,7767683,40.456682,0.373256,0.808565
2026-04-02T12:30:47.343087,7769603,40.466682,0.392502,0.833644
2026-04-02T12:30:47.367508,7770196,40.469771,0.386260,0.824433
2026-04-02T12:30:47.377508,7772116,40.479771,0.430980,0.815812
2026-04-02T12:30:47.380597,7772709,40.482859,0.434295,0.780308
2026-04-02T12:30:47.390597,7774629,40.492859,0.410881,0.782572
2026-04-02T12:30:47.372352,7775222,40.495948,0.406293,0.779791
2026-04-02T12:30:47.382352,7777142,40.505948,0.380032,0.801296
2026-04-02T12:30:47.385441,7777735,40.509036,0.354063,0.811871
2026-04-02T12:30:47.395441,7779655,40.519036,0.343410,0.797101
2026-04-02T12:30:47.419869,7780248,40.522125,0.363216,0.861996
2026-04-02T12:30:47.429869,7782168,40.532125,0.395139,0.828779
2026-04-02T12:30:47.432958,7782761,40.535214,0.378783,0.800534
2026-04-02T12:30:47.442958,7784681,40.545214,0.425152,0.820042
2026-04-02T12:30:47.424713,7785274,40.548302,0.395447,0.810693
2026-04-02T12:30:47.434713,7787194,40.558302,0.403709,0.785128
2026-04-02T12:30:47.437802,7787787,40.561391,0.398357,0.817064
2026-04-02T12:30:47.447802,7789707,40.571391,0.396772,0.810555
2026-04-02T12:30:47.472223,7790300,40.574479,0.409820,0.826444
2026-04-02T12:30:47.482223,7792220,40.584479,0.388798,0.797536
2026-04-02T12:30:47.485311,7792813,40.587568,0.418662,0.766025
2026-04-02T12:30:47.495311,7794733,40.597568,0.400200,0.788071
2026-04-02T12:30:47.477067,7795326,40.600656,0.412171,0.808077
2026-04-02T12:30:47.487067,7797246,40.610656,0.447882,0.832484
2026-04-02T12:30:47.490155,7797839,40.613745,0.398640,0.776467
2026-04-02T12:30:47.500155,7799759,40.623745,0.421870,0.807572
2026-04-02T12:30:47.524576,7800352,40.626833,0.387471,0.784816
2026-04-02T12:30:47.534576,7802272,40.636833,0.408487,0.801764
2026-04-02T12:30:47.537665,7802865,40.639922,0.350919,0.830386
2026-04-02T12:30:47.547665,7804785,40.649922,0.434128,0.782726
2026-04-02T12:30:47.529420,7805378,40.653010,0.396388,0.810218
2026-04-02T12:30:47.539420,7807298,40.663010,0.420515,0.776746
2026-04-02T12:30:47.542509,7807891,40.666099,0.364243,0.808515
2026-04-02T12:30:47.552509,7809811,40.676099,0.407919,0.788259
2026-04-02T12:30:47.576930,7810404,40.679187,0.388882,0.825597
2026-04-02T12:30:47.586930,7812324,40.689188,0.412514,0.799567
2026-04-02T12:30:47.590018,7812917,40.692276,0.402450,0.780293
2026-04-02T12:30:47.600018,7814837,40.702276,0.421151,0.824345
2026-04-02T12:30:47.581774,7815430,40.705365,0.392272,0.832155
2026-04-02T12:30:47.591774,7817350,40.715365,0.419313,0.798383
2026-04-02T12:30:47.594862,7817943,40.718453,0.353779,0.790899
2026-04-02T12:30:47.604862,7819863,40.728453,0.406181,0.762797
2026-04-02T12:30:47.629283,7820456,40.731542,0.428822,0.809351
2026-04-02T12:30:47.639283,7822376,40.741542,0.361773,0.799032
2026-04-02T12:30:47.642372,7822969,40.744630,0.437407,0.821465
2026-04-02T12:30:47.652372,7824889,40.754630,0.389063,0.790930
2026-04-02T12:30:47.634127,7825482,40.757719,0.359880,0.815459
2026-04-02T12:30:47.644127,7827402,40.767719,0.380469,0.764930
2026-04-02T12:30:47.647216,7827995,40.770807,0.390767,0.821955
2026-04-02T12:30:47.657216,7829915,40.780807,0.370343,0.799333
2026-04-02T12:30:47.681637,7830508,40.783896,0.400839,0.817293
2026-04-02T12:30:47.691637,7832428,40.793896,0.387069,0.818362
2026-04-02T12:30:47.694725,7833021,40.796984,0.363345,0.798067
2026-04-02T12:30:47.704725,7834941,40.806984,0.437400,0.787683
2026-04-02T12:30:47.686481,7835534,40.810073,0.473674,0.745198
2026-04-02T12:30:47.696481,7837454,40.820073,0.421423,0.796344
2026-04-02T12:30:47.699569,7838047,40.823161,0.401162,0.784895
2026-04-02T12:30:47.709569,7839967,40.833161,0.402135,0.801419
2026-04-02T12:30:47.733990,7840560,40.836250,0.388224,0.785265
2026-04-02T12:30:47.743990,7842480,40.846250,0.385406,0.787361
2026-04-02T12:30:47.747079,7843073,40.849339,0.310687,0.790051
2026-04-02T12:30:47.757079,7844993,40.859339,0.386339,0.803762
2026-04-02T12:30:47.738834,7845586,40.862427,0.431727,0.822362
2026-04-02T12:30:47.748834,7847506,40.872427,0.374365,0.720699
2026-04-02T12:30:47.751922,7848099,40.875516,0.408642,0.822158
2026-04-02T12:30:47.761922,7850019,40.885516,0.366310,0.826398
2026-04-02T12:30:47.786343,7850612,40.888604,0.435946,0.813582
2026-04-02T12:30:47.796343,7852532,40.898604,0.395621,0.815581
2026-04-02T12:30:47.799432,7853125,40.901693,0.379003,0.772351
2026-04-02T12:30:47.809432,7855045,40.911693,0.402765,0.795285
2026-04-02T12:30:47.791187,7855638,40.914781,0.432207,0.780295
2026-04-02T12:30:47.801187,7857558,40.924781,0.422246,0.779202
2026-04-02T12:30:47.804276,7858151,40.927870,0.438649,0.774615
2026-04-02T12:30:47.814276,7860071,40.937870,0.357250,0.801594
2026-04-02T12:30:47.838697,7860664,40.940958,0.355179,0.771568
2026-04-02T12:30:47.848697,7862584,40.950958,0.442500,0.780602
2026-04-02T12:30:47.851785,7863177,40.954047,0.397380,0.808116
2026-04-02T12:30:47.861785,7865097,40.964047,0.412686,0.761607
2026-04-02T12:30:47.843541,7865690,40.967135,0.383279,0.799868
2026-04-02T12:30:47.853541,7867610,40.977135,0.383039,0.788933
2026-04-02T12:30:47.856629,7868203,40.980224,0.398086,0.801167
2026-04-02T12:30:47.866629,7870123,40.990224,0.422257,0.807440
2026-04-02T12:30:47.891050,7870716,40.993313,0.416647,0.833921
2026-04-02T12:30:47.901050,7872636,41.003312,0.385034,0.779587
2026-04-02T12:30:47.904139,7873229,41.006401,0.372940,0.806961
2026-04-02T12:30:47.914139,7875149,41.016401,0.448564,0.779386
2026-04-02T12:30:47.895894,7875742,41.019490,0.391133,0.854531
2026-04-02T12:30:47.905894,7877662,41.029490,0.396051,0.816929
2026-04-02T12:30:47.908983,7878255,41.032578,0.449072,0.803356
2026-04-02T12:30:47.918983,7880175,41.042578,0.416429,0.782971
2026-04-02T12:30:47.943404,7880768,41.045667,0.374020,0.800700
2026-04-02T12:30:47.953404,7882688,41.055667,0.380069,0.758180
2026-04-02T12:30:47.956492,7883281,41.058755,0.406442,0.768720
2026-04-02T12:30:47.966492,7885201,41.068755,0.422841,0.793719
2026-04-02T12:30:47.948248,7885794,41.071844,0.381710,0.832662
2026-04-02T12:30:47.958248,7887714,41.081844,0.383837,0.808270
2026-04-02T12:30:47.961336,7888307,41.084932,0.414221,0.778558
2026-04-02T12:30:47.971336,7890227,41.094932,0.386750,0.798448
2026-04-02T12:30:47.995757,7890820,41.098021,0.361828,0.752096
2026-04-02T12:30:48.005757,7892740,41.108021,0.391564,0.813311
2026-04-02T12:30:48.008846,7893333,41.111109,0.379875,0.789555
2026-04-02T12:30:48.018846,7895253,41.121109,0.415310,0.822641
2026-04-02T12:30:48.000601,7895846,41.124198,0.424594,0.750164
2026-04-02T12:30:48.010601,7897766,41.134198,0.400050,0.792961
2026-04-02T12:30:48.013690,7898359,41.137286,0.393786,0.824500
2026-04-02T12:30:48.023690,7900279,41.147286,0.405210,0.796945
2026-04-02T12:30:48.048111,7900872,41.150375,0.404176,0.786333
2026-04-02T12:30:48.058111,7902792,41.160375,0.387395,0.777683
2026-04-02T12:30:48.061199,7903385,41.163464,0.374069,0.802856
2026-04-02T12:30:48.071199,7905305,41.173464,0.404554,0.834367
2026-04-02T12:30:48.052955,7905898,41.176552,0.434951,0.820788
2026-04-02T12:30:48.062955,7907818,41.186552,0.424979,0.839940
2026-04-02T12:30:48.066043,7908411,41.189641,0.402017,0.821007
2026-04-02T12:30:48.076043,7910331,41.199641,0.406080,0.825411
2026-04-02T12:30:48.100464,7910924,41.202729,0.383865,0.803312
2026-04-02T12:30:48.110464,7912844,41.212729,0.403953,0.809264
2026-04-02T12:30:48.113553,7913437,41.215818,0.387729,0.833643
2026-04-02T12:30:48.123553,7915357,41.225818,0.413054,0.780385
2026-04-02T12:30:48.105308,7915950,41.228906,0.380668,0.798162
2026-04-02T12:30:48.115308,7917870,41.238906,0.402569,0.778889
2026-04-02T12:30:48.118397,7918463,41.241995,0.408685,0.765975
2026-04-02T12:30:48.128397,7920383,41.251995,0.402143,0.774770
2026-04-02T12:30:48.152818,7920976,41.255083,0.394476,0.810402
2026-04-02T12:30:48.162818,7922896,41.265083,0.397715,0.763931
2026-04-02T12:30:48.165906,7923489,41.268172,0.436102,0.718012
2026-04-02T12:30:48.175906,7925409,41.278172,0.438697,0.811875
2026-04-02T12:30:48.157661,7926002,41.281260,0.410139,0.761230
2026-04-02T12:30:48.167661,7927922,41.291260,0.395730,0.830856
2026-04-02T12:30:48.170750,7928515,41.294349,0.357465,0.811917
2026-04-02T12:30:48.180750,7930435,41.304349,0.410706,0.775560
2026-04-02T12:30:48.205171,7931028,41.307437,0.374894,0.822703
2026-04-02T12:30:48.215171,7932948,41.317437,0.426011,0.779606
2026-04-02T12:30:48.218260,7933541,41.320526,0.389476,0.835448
2026-04-02T12:30:48.228260,7935461,41.330526,0.405423,0.781037
2026-04-02T12:30:48.210015,7936054,41.333615,0.456098,0.821821
2026-04-02T12:30:48.220015,7937974,41.343615,0.451618,0.831840
2026-04-02T12:30:48.223103,7938567,41.346703,0.371692,0.792294
2026-04-02T12:30:48.233103,7940487,41.356703,0.420332,0.785783
2026-04-02T12:30:48.257525,7941080,41.359792,0.397755,0.790148
2026-04-02T12:30:48.267525,7943000,41.369792,0.388863,0.805010
2026-04-02T12:30:48.270613,7943593,41.372880,0.405830,0.780483
2026-04-02T12:30:48.280613,7945513,41.382880,0.395782,0.814174
2026-04-02T12:30:48.262368,7946106,41.385969,0.429661,0.805689
2026-04-02T12:30:48.272368,7948026,41.395969,0.417813,0.765798
2026-04-02T12:30:48.275457,7948619,41.399057,0.394583,0.790791
2026-04-02T12:30:48.285457,7950539,41.409057,0.421389,0.785002
2026-04-02T12:30:48.309878,7951132,41.412146,0.377808,0.776527
2026-04-02T12:30:48.319878,7953052,41.422146,0.429950,0.825282
2026-04-02T12:30:48.322967,7953645,41.425234,0.398261,0.804006
2026-04-02T12:30:48.332967,7955565,41.435234,0.405571,0.859533
2026-04-02T12:30:48.314722,7956158,41.438323,0.430475,0.808444
2026-04-02T12:30:48.324722,7958078,41.448323,0.385203,0.865668
2026-04-02T12:30:48.327810,7958671,41.451411,0.388015,0.762295
2026-04-02T12:30:48.337810,7960591,41.461411,0.420154,0.789556
2026-04-02T12:30:48.362232,7961184,41.464500,0.413739,0.751022
2026-04-02T12:30:48.372232,7963104,41.474500,0.420304,0.846000
2026-04-02T12:30:48.375320,7963697,41.477589,0.396417,0.803792
2026-04-02T12:30:48.385320,7965617,41.487589,0.430501,0.804168
2026-04-02T12:30:48.367075,7966210,41.490677,0.372465,0.808094
2026-04-02T12:30:48.377075,7968130,41.500677,0.412476,0.758590
2026-04-02T12:30:48.380164,7968723,41.503766,0.398317,0.821941
2026-04-02T12:30:48.390164,7970643,41.513766,0.437078,0.804194
2026-04-02T12:30:48.414585,7971236,41.516854,0.402233,0.778810
2026-04-02T12:30:48.424585,7973156,41.526854,0.408234,0.859925
2026-04-02T12:30:48.427673,7973749,41.529943,0.405891,0.799362
2026-04-02T12:30:48.437673,7975669,41.539943,0.414291,0.821496
2026-04-02T12:30:48.419428,7976262,41.543031,0.377241,0.817857
2026-04-02T12:30:48.429428,7978182,41.553031,0.406220,0.763388
2026-04-02T12:30:48.432517,7978775,41.556120,0.400448,0.828560
2026-04-02T12:30:48.442517,7980695,41.566120,0.391176,0.792243
2026-04-02T12:30:48.466938,7981288,41.569208,0.390474,0.810165
2026-04-02T12:30:48.476938,7983208,41.579208,0.433746,0.830440
2026-04-02T12:30:48.480027,7983801,41.582297,0.401012,0.828491
2026-04-02T12:30:48.490027,7985721,41.592297,0.404747,0.815402
2026-04-02T12:30:48.471782,7986314,41.595385,0.413910,0.837493
2026-04-02T12:30:48.481782,7988234,41.605385,0.376165,0.807404
2026-04-02T12:30:48.484870,7988827,41.608474,0.432774,0.782123
2026-04-02T12:30:48.494870,7990747,41.618474,0.471959,0.844628
2026-04-02T12:30:48.519292,7991340,41.621563,0.385989,0.810643
2026-04-02T12:30:48.529292,7993260,41.631563,0.389692,0.789230
2026-04-02T12:30:48.532380,7993853,41.634651,0.421940,0.796190
2026-04-02T12:30:48.542380,7995773,41.644651,0.408730,0.819811
2026-04-02T12:30:48.524135,7996366,41.647740,0.379937,0.832191
2026-04-02T12:30:48.534135,7998286,41.657740,0.417668,0.841844
2026-04-02T12:30:48.537224,7998879,41.660828,0.382467,0.832593
2026-04-02T12:30:48.547224,8000799,41.670828,0.436802,0.792746
2026-04-02T12:30:48.571645,8001392,41.673917,0.414358,0.772831
2026-04-02T12:30:48.581645,8003312,41.683917,0.413165,0.789016
2026-04-02T12:30:48.584734,8003905,41.687005,0.430719,0.777826
2026-04-02T12:30:48.594734,8005825,41.697005,0.432880,0.826556
2026-04-02T12:30:48.576489,8006418,41.700094,0.390226,0.765322
2026-04-02T12:30:48.586489,8008338,41.710094,0.408108,0.778631
2026-04-02T12:30:48.589577,8008931,41.713182,0.448467,0.752758
2026-04-02T12:30:48.599577,8010851,41.723182,0.414173,0.791998
2026-04-02T12:30:48.623999,8011444,41.726271,0.428057,0.856096
2026-04-02T12:30:48.633999,8013364,41.736271,0.397264,0.802328
2026-04-02T12:30:48.637087,8013957,41.739359,0.432628,0.818573
2026-04-02T12:30:48.647087,8015877,41.749359,0.427738,0.799845
2026-04-02T12:30:48.628842,8016470,41.752448,0.400210,0.837022
2026-04-02T12:30:48.638842,8018390,41.762448,0.392430,0.762775
2026-04-02T12:30:48.641931,8018983,41.765536,0.330507,0.751052
2026-04-02T12:30:48.651931,8020903,41.775536,0.378058,0.830204
2026-04-02T12:30:48.676352,8021496,41.778625,0.402233,0.818491
2026-04-02T12:30:48.686352,8023416,41.788625,0.424128,0.825367
2026-04-02T12:30:48.689441,8024009,41.791714,0.399530,0.810167
2026-04-02T12:30:48.699441,8025929,41.801714,0.419886,0.791712
2026-04-02T12:30:48.681196,8026522,41.804802,0.423801,0.815770
2026-04-02T12:30:48.691196,8028442,41.814802,0.380408,0.793164
2026-04-02T12:30:48.694284,8029035,41.817891,0.394228,0.836910
2026-04-02T12:30:48.704284,8030955,41.827891,0.395910,0.846562
2026-04-02T12:30:48.728706,8031548,41.830979,0.406969,0.832916
2026-04-02T12:30:48.738706,8033468,41.840979,0.400465,0.751210
2026-04-02T12:30:48.741794,8034061,41.844068,0.409482,0.801600
2026-04-02T12:30:48.751794,8035981,41.854068,0.399740,0.817804
2026-04-02T12:30:48.733549,8036574,41.857156,0.400812,0.809223
2026-04-02T12:30:48.743549,8038494,41.867156,0.448738,0.766313
2026-04-02T12:30:48.746638,8039087,41.870245,0.402398,0.833887
2026-04-02T12:30:48.756638,8041007,41.880245,0.355136,0.807598
2026-04-02T12:30:48.781059,8041600,41.883333,0.408054,0.735680
2026-04-02T12:30:48.791059,8043520,41.893333,0.386783,0.776844
2026-04-02T12:30:48.794148,8044113,41.896422,0.403001,0.799609
2026-04-02T12:30:48.804148,8046033,41.906422,0.397816,0.797095
2026-04-02T12:30:48.785903,8046626,41.909510,0.361370,0.776228
2026-04-02T12:30:48.795903,8048546,41.919510,0.425869,0.781583
2026-04-02T12:30:48.798991,8049139,41.922599,0.394722,0.795617
2026-04-02T12:30:48.808991,8051059,41.932599,0.382989,0.793089
2026-04-02T12:30:48.833412,8051652,41.935688,0.420700,0.819657
2026-04-02T12:30:48.843412,8053572,41.945687,0.412114,0.772049
2026-04-02T12:30:48.846501,8054165,41.948776,0.379617,0.832769
2026-04-02T12:30:48.856501,8056085,41.958776,0.391330,0.797271
2026-04-02T12:30:48.838256,8056678,41.961865,0.352326,0.827877
2026-04-02T12:30:48.848256,8058598,41.971865,0.389147,0.774713
2026-04-02T12:30:48.851345,8059191,41.974953,0.383632,0.812517
2026-04-02T12:30:48.861345,8061111,41.984953,0.403815,0.816504
2026-04-02T12:30:48.885766,8061704,41.988042,0.377061,0.746233
2026-04-02T12:30:48.895766,8063624,41.998042,0.396840,0.793330
2026-04-02T12:30:48.898854,8064217,42.001130,0.426775,0.783188
2026-04-02T12:30:48.908854,8066137,42.011130,0.375925,0.783908
2026-04-02T12:30:48.890610,8066730,42.014219,0.413980,0.756997
2026-04-02T12:30:48.900610,8068650,42.024219,0.385884,0.803824
2026-04-02T12:30:48.903698,8069243,42.027307,0.383723,0.798800
2026-04-02T12:30:48.913698,8071163,42.037307,0.412552,0.809563
2026-04-02T12:30:48.938119,8071756,42.040396,0.404612,0.798408
2026-04-02T12:30:48.948119,8073676,42.050396,0.379562,0.798880
2026-04-02T12:30:48.951208,8074269,42.053484,0.388981,0.801441
2026-04-02T12:30:48.961208,8076189,42.063484,0.406893,0.823972
2026-04-02T12:30:48.942963,8076782,42.066573,0.330510,0.763137
2026-04-02T12:30:48.952963,8078702,42.076573,0.405647,0.858594
2026-04-02T12:30:48.956052,8079295,42.079661,0.402435,0.808191
2026-04-02T12:30:48.966052,8081215,42.089661,0.390594,0.771038
2026-04-02T12:30:48.990473,8081808,42.092750,0.396384,0.781970
2026-04-02T12:30:49.000473,8083728,42.102750,0.403643,0.793635
2026-04-02T12:30:49.003561,8084321,42.105839,0.352333,0.759663
2026-04-02T12:30:49.013561,8086241,42.115839,0.382825,0.780864
2026-04-02T12:30:48.995317,8086834,42.118927,0.432372,0.805634
2026-04-02T12:30:49.005317,8088754,42.128927,0.409011,0.790333
2026-04-02T12:30:49.008405,8089347,42.132016,0.368133,0.766844
2026-04-02T12:30:49.018405,8091267,42.142016,0.451405,0.819975
2026-04-02T12:30:49.042826,8091860,42.145104,0.405653,0.798654
2026-04-02T12:30:49.052826,8093780,42.155104,0.400619,0.801487
2026-04-02T12:30:49.055915,8094373,42.158193,0.432974,0.795962
2026-04-02T12:30:49.065915,8096293,42.168193,0.400378,0.794928
2026-04-02T12:30:49.047670,8096886,42.171281,0.382229,0.803213
2026-04-02T12:30:49.057670,8098806,42.181281,0.397907,0.801601
2026-04-02T12:30:49.060759,8099399,42.184370,0.441708,0.805650
2026-04-02T12:30:49.070759,8101319,42.194370,0.409091,0.850140
2026-04-02T12:30:49.095180,8101912,42.197458,0.396793,0.823792
2026-04-02T12:30:49.105180,8103832,42.207458,0.431473,0.805434
2026-04-02T12:30:49.108268,8104425,42.210547,0.372673,0.800835
2026-04-02T12:30:49.118268,8106345,42.220547,0.428039,0.796016
2026-04-02T12:30:49.100024,8106938,42.223635,0.399226,0.790644
2026-04-02T12:30:49.110024,8108858,42.233635,0.387700,0.819341
2026-04-02T12:30:49.113112,8109451,42.236724,0.350782,0.813653
2026-04-02T12:30:49.123112,8111371,42.246724,0.425673,0.767008
2026-04-02T12:30:49.147533,8111964,42.249812,0.434944,0.784503
2026-04-02T12:30:49.157533,8113884,42.259813,0.401006,0.791696
2026-04-02T12:30:49.160622,8114477,42.262901,0.401593,0.757679
2026-04-02T12:30:49.170622,8116397,42.272901,0.436467,0.785681
2026-04-02T12:30:49.152377,8116990,42.275990,0.334973,0.766825
2026-04-02T12:30:49.162377,8118910,42.285990,0.413547,0.800958
2026-04-02T12:30:49.165465,8119503,42.289078,0.409277,0.807325
2026-04-02T12:30:49.175465,8121423,42.299078,0.422366,0.757440
2026-04-02T12:30:49.199886,8122016,42.302167,0.410277,0.747397
2026-04-02T12:30:49.209886,8123936,42.312167,0.374558,0.802452
2026-04-02T12:30:49.212975,8124529,42.315255,0.399174,0.799152
2026-04-02T12:30:49.222975,8126449,42.325255,0.377182,0.838771
2026-04-02T12:30:49.204730,8127042,42.328344,0.381665,0.761215
2026-04-02T12:30:49.214730,8128962,42.338344,0.409694,0.819285
2026-04-02T12:30:49.217819,8129555,42.341432,0.381365,0.800207
2026-04-02T12:30:49.227819,8131475,42.351432,0.395736,0.783350
2026-04-02T12:30:49.252240,8132068,42.354521,0.385853,0.799919
2026-04-02T12:30:49.262240,8133988,42.364521,0.378808,0.770806
2026-04-02T12:30:49.265328,8134581,42.367609,0.361044,0.769846
2026-04-02T12:30:49.275328,8136501,42.377609,0.422837,0.830582
2026-04-02T12:30:49.257084,8137094,42.380698,0.393316,0.773348
2026-04-02T12:30:49.267084,8139014,42.390698,0.395122,0.841158
2026-04-02T12:30:49.270172,8139607,42.393786,0.436797,0.773763
2026-04-02T12:30:49.280172,8141527,42.403786,0.341675,0.816376
2026-04-02T12:30:49.304593,8142120,42.406875,0.397094,0.804028
2026-04-02T12:30:49.314593,8144040,42.416875,0.419228,0.779714
2026-04-02T12:30:49.317682,8144633,42.419964,0.400013,0.755492
2026-04-02T12:30:49.327682,8146553,42.429964,0.395707,0.806816
2026-04-02T12:30:49.309437,8147146,42.433052,0.400304,0.813802
2026-04-02T12:30:49.319437,8149066,42.443052,0.401751,0.807259
2026-04-02T12:30:49.322526,8149659,42.446141,0.403716,0.796911
2026-04-02T12:30:49.332526,8151579,42.456141,0.407696,0.799874
2026-04-02T12:30:49.356947,8152172,42.459229,0.389610,0.775382
2026-04-02T12:30:49.366947,8154092,42.469229,0.395679,0.791658
2026-04-02T12:30:49.370035,8154685,42.472318,0.365299,0.815439
2026-04-02T12:30:49.380035,8156605,42.482318,0.398182,0.791453
2026-04-02T12:30:49.361791,8157198,42.485406,0.385930,0.816321
2026-04-02T12:30:49.371791,8159118,42.495406,0.328825,0.796102
2026-04-02T12:30:49.374879,8159711,42.498495,0.408970,0.786453
2026-04-02T12:30:49.384879,8161631,42.508495,0.430000,0.833385
2026-04-02T12:30:49.409300,8162224,42.511583,0.430719,0.785677
2026-04-02T12:30:49.419300,8164144,42.521583,0.402244,0.847464
2026-04-02T12:30:49.422389,8164737,42.524672,0.420723,0.838023
2026-04-02T12:30:49.432389,8166657,42.534672,0.410119,0.769780
2026-04-02T12:30:49.414144,8167250,42.537760,0.360532,0.813554
2026-04-02T12:30:49.424144,8169170,42.547760,0.380313,0.805501
2026-04-02T12:30:49.427233,8169763,42.550849,0.396320,0.795773
2026-04-02T12:30:49.437233,8171683,42.560849,0.368877,0.759078
2026-04-02T12:30:49.461646,8172276,42.563938,0.370254,0.836666
2026-04-02T12:30:49.471646,8174196,42.573937,0.407416,0.789829
2026-04-02T12:30:49.474735,8174789,42.577026,0.393757,0.844290
2026-04-02T12:30:49.484735,8176709,42.587026,0.373231,0.811741
2026-04-02T12:30:49.466490,8177302,42.590115,0.404507,0.793890
2026-04-02T12:30:49.476490,8179222,42.600115,0.385116,0.771771
2026-04-02T12:30:49.479579,8179815,42.603203,0.370158,0.790041
2026-04-02T12:30:49.489579,8181735,42.613203,0.384410,0.836005
2026-04-02T12:30:49.514000,8182328,42.616292,0.401296,0.801737
2026-04-02T12:30:49.524000,8184248,42.626292,0.404173,0.818579
2026-04-02T12:30:49.527088,8184841,42.629380,0.375561,0.802799
2026-04-02T12:30:49.537088,8186761,42.639380,0.356938,0.860070
2026-04-02T12:30:49.518844,8187354,42.642469,0.416937,0.775953
2026-04-02T12:30:49.528844,8189274,42.652469,0.409041,0.798002
2026-04-02T12:30:49.531932,8189867,42.655557,0.388995,0.784632
2026-04-02T12:30:49.541932,8191787,42.665557,0.395599,0.772886
2026-04-02T12:30:49.566353,8192380,42.668646,0.399699,0.799210
2026-04-02T12:30:49.576353,8194300,42.678646,0.398731,0.772971
2026-04-02T12:30:49.579442,8194893,42.681734,0.410966,0.795182
2026-04-02T12:30:49.589442,8196813,42.691734,0.381527,0.820310
2026-04-02T12:30:49.571197,8197406,42.694823,0.414315,0.839138
2026-04-02T12:30:49.581197,8199326,42.704823,0.393716,0.829402
2026-04-02T12:30:49.584285,8199919,42.707911,0.330060,0.762741
2026-04-02T12:30:49.594285,8201839,42.717911,0.414834,0.805880
2026-04-02T12:30:49.618706,8202432,42.721000,0.438306,0.822635
2026-04-02T12:30:49.628706,8204352,42.731000,0.389415,0.762986
2026-04-02T12:30:49.631795,8204945,42.734089,0.409647,0.808588
2026-04-02T12:30:49.641795,8206865,42.744089,0.414680,0.811219
2026-04-02T12:30:49.623550,8207458,42.747177,0.326034,0.836220
2026-04-02T12:30:49.633550,8209378,42.757177,0.432753,0.792675
2026-04-02T12:30:49.636639,8209971,42.760266,0.414632,0.812408
2026-04-02T12:30:49.646639,8211891,42.770266,0.408316,0.800058
2026-04-02T12:30:49.671060,8212484,42.773354,0.395316,0.799271
2026-04-02T12:30:49.681060,8214404,42.783354,0.413736,0.851753
2026-04-02T12:30:49.684148,8214997,42.786443,0.383414,0.779465
2026-04-02T12:30:49.694148,8216917,42.796443,0.340874,0.799634
2026-04-02T12:30:49.675904,8217510,42.799531,0.377601,0.780629
2026-04-02T12:30:49.685904,8219430,42.809531,0.402050,0.802140
2026-04-02T12:30:49.688992,8220023,42.812620,0.392817,0.784003
2026-04-02T12:30:49.698992,8221943,42.822620,0.442710,0.813165
2026-04-02T12:30:49.723413,8222536,42.825708,0.392539,0.792613
2026-04-02T12:30:49.733413,8224456,42.835708,0.362266,0.827820
2026-04-02T12:30:49.736502,8225049,42.838797,0.434060,0.808490
2026-04-02T12:30:49.746502,8226969,42.848797,0.449704,0.785604
2026-04-02T12:30:49.728257,8227562,42.851885,0.402569,0.827768
2026-04-02T12:30:49.738257,8229482,42.861885,0.414318,0.778377
2026-04-02T12:30:49.741346,8230075,42.864974,0.403175,0.800330
2026-04-02T12:30:49.751346,8231995,42.874974,0.416889,0.767296
2026-04-02T12:30:49.775767,8232588,42.878062,0.390615,0.825969
2026-04-02T12:30:49.785767,8234508,42.888062,0.386667,0.759785
2026-04-02T12:30:49.788855,8235101,42.891151,0.387367,0.784090
2026-04-02T12:30:49.798855,8237021,42.901151,0.378255,0.822865
2026-04-02T12:30:49.780610,8237614,42.904240,0.385380,0.842447
2026-04-02T12:30:49.790610,8239534,42.914240,0.380480,0.796778
2026-04-02T12:30:49.793699,8240127,42.917328,0.429812,0.789967
2026-04-02T12:30:49.803699,8242047,42.927328,0.384390,0.814056
2026-04-02T12:30:49.828120,8242640,42.930417,0.385973,0.790093
2026-04-02T12:30:49.838120,8244560,42.940417,0.392422,0.819252
2026-04-02T12:30:49.841209,8245153,42.943505,0.373560,0.769714
2026-04-02T12:30:49.851209,8247073,42.953505,0.432718,0.814756
2026-04-02T12:30:49.832964,8247666,42.956594,0.405189,0.784901
2026-04-02T12:30:49.842964,8249586,42.966594,0.362324,0.768527
2026-04-02T12:30:49.846053,8250179,42.969682,0.409378,0.793119
2026-04-02T12:30:49.856053,8252099,42.979682,0.437645,0.826304
2026-04-02T12:30:49.880474,8252692,42.982771,0.382540,0.829142
2026-04-02T12:30:49.890474,8254612,42.992771,0.383878,0.805678
2026-04-02T12:30:49.893562,8255205,42.995859,0.365244,0.823180
2026-04-02T12:30:49.903562,8257125,43.005859,0.401211,0.821360
2026-04-02T12:30:49.885317,8257718,43.008948,0.400344,0.811280
2026-04-02T12:30:49.895317,8259638,43.018948,0.394141,0.820124
2026-04-02T12:30:49.898406,8260231,43.022036,0.392164,0.800003
2026-04-02T12:30:49.908406,8262151,43.032036,0.398624,0.822849
2026-04-02T12:30:49.932827,8262744,43.035125,0.397897,0.846801
2026-04-02T12:30:49.942827,8264664,43.045125,0.422949,0.785451
2026-04-02T12:30:49.945916,8265257,43.048214,0.424202,0.801848
2026-04-02T12:30:49.955916,8267177,43.058214,0.398675,0.814968
2026-04-02T12:30:49.937671,8267770,43.061302,0.377156,0.776862
2026-04-02T12:30:49.947671,8269690,43.071302,0.441993,0.772503
2026-04-02T12:30:49.950759,8270283,43.074391,0.410888,0.812263
2026-04-02T12:30:49.960759,8272203,43.084391,0.390712,0.822878
2026-04-02T12:30:49.985180,8272796,43.087479,0.375414,0.769843
2026-04-02T12:30:49.995180,8274716,43.097479,0.405480,0.805625
2026-04-02T12:30:49.998269,8275309,43.100568,0.403810,0.817035
2026-04-02T12:30:50.008269,8277229,43.110568,0.384598,0.796359
2026-04-02T12:30:49.990024,8277822,43.113656,0.390238,0.794857
2026-04-02T12:30:50.000024,8279742,43.123656,0.416460,0.754165
2026-04-02T12:30:50.003113,8280335,43.126745,0.405225,0.788792
2026-04-02T12:30:50.013113,8282255,43.136745,0.382019,0.796369
2026-04-02T12:30:50.037534,8282848,43.139833,0.428260,0.829624
2026-04-02T12:30:50.047534,8284768,43.149833,0.462095,0.810995
2026-04-02T12:30:50.050622,8285361,43.152922,0.437923,0.767532
2026-04-02T12:30:50.060622,8287281,43.162922,0.428074,0.819912
2026-04-02T12:30:50.042378,8287874,43.166010,0.370421,0.786442
2026-04-02T12:30:50.052378,8289794,43.176010,0.406565,0.830321
2026-04-02T12:30:50.055466,8290387,43.179099,0.410568,0.789040
2026-04-02T12:30:50.065466,8292307,43.189099,0.402126,0.821165
2026-04-02T12:30:50.089887,8292900,43.192188,0.410531,0.803643
2026-04-02T12:30:50.099887,8294820,43.202188,0.379348,0.793099
2026-04-02T12:30:50.102976,8295413,43.205276,0.392473,0.800005
2026-04-02T12:30:50.112976,8297333,43.215276,0.384941,0.795809
2026-04-02T12:30:50.094731,8297926,43.218365,0.429893,0.785234
2026-04-02T12:30:50.104731,8299846,43.228365,0.404580,0.775675
2026-04-02T12:30:50.107819,8300439,43.231453,0.403684,0.827011
2026-04-02T12:30:50.117819,8302359,43.241453,0.386986,0.839813
2026-04-02T12:30:50.142240,8302952,43.244542,0.410420,0.804751
2026-04-02T12:30:50.152240,8304872,43.254542,0.430746,0.844511
2026-04-02T12:30:50.155329,8305465,43.257630,0.349926,0.793544
2026-04-02T12:30:50.165329,8307385,43.267630,0.402920,0.777781
2026-04-02T12:30:50.147084,8307978,43.270719,0.394393,0.796270
2026-04-02T12:30:50.157084,8309898,43.280719,0.419511,0.795099
2026-04-02T12:30:50.160173,8310491,43.283807,0.399260,0.807825
2026-04-02T12:30:50.170173,8312411,43.293807,0.431851,0.794853
2026-04-02T12:30:50.194602,8313004,43.296896,0.422427,0.811258
2026-04-02T12:30:50.204602,8314924,43.306896,0.361335,0.784875
2026-04-02T12:30:50.207690,8315517,43.309984,0.374170,0.825777
2026-04-02T12:30:50.217690,8317437,43.319984,0.419338,0.784503
2026-04-02T12:30:50.199445,8318030,43.323073,0.384267,0.783819
2026-04-02T12:30:50.209445,8319950,43.333073,0.420956,0.825383
2026-04-02T12:30:50.212534,8320543,43.336161,0.390465,0.811856
2026-04-02T12:30:50.222534,8322463,43.346161,0.399660,0.819441
2026-04-02T12:30:50.246955,8323056,43.349250,0.431081,0.828281
2026-04-02T12:30:50.256955,8324976,43.359250,0.417727,0.829509
2026-04-02T12:30:50.260044,8325569,43.362339,0.411786,0.783114
2026-04-02T12:30:50.270044,8327489,43.372339,0.357328,0.796192
2026-04-02T12:30:50.251799,8328082,43.375427,0.419269,0.794297
2026-04-02T12:30:50.261799,8330002,43.385427,0.373199,0.778120
2026-04-02T12:30:50.264887,8330595,43.388516,0.376001,0.791605
2026-04-02T12:30:50.274887,8332515,43.398516,0.402063,0.805557
2026-04-02T12:30:50.299309,8333108,43.401604,0.388925,0.776039
2026-04-02T12:30:50.309309,8335028,43.411604,0.365348,0.743670
2026-04-02T12:30:50.312397,8335621,43.414693,0.436496,0.825014
2026-04-02T12:30:50.322397,8337541,43.424693,0.409048,0.799331
2026-04-02T12:30:50.304152,8338134,43.427781,0.414247,0.782003
2026-04-02T12:30:50.314152,8340054,43.437781,0.392475,0.771925
2026-04-02T12:30:50.317241,8340647,43.440870,0.394347,0.788770
2026-04-02T12:30:50.327241,8342567,43.450870,0.391365,0.804342
2026-04-02T12:30:50.351662,8343160,43.453958,0.382856,0.752588
2026-04-02T12:30:50.361662,8345080,43.463958,0.422020,0.788078
2026-04-02T12:30:50.364751,8345673,43.467047,0.404170,0.775017
2026-04-02T12:30:50.374751,8347593,43.477047,0.412570,0.781169
2026-04-02T12:30:50.356506,8348186,43.480135,0.394016,0.753546
2026-04-02T12:30:50.366506,8350106,43.490135,0.393273,0.806358
2026-04-02T12:30:50.369594,8350699,43.493224,0.417294,0.832312
2026-04-02T12:30:50.379594,8352619,43.503224,0.420619,0.850248
2026-04-02T12:30:50.404016,8353212,43.506312,0.426994,0.872557
2026-04-02T12:30:50.414016,8355132,43.516312,0.370853,0.754923
2026-04-02T12:30:50.417104,8355725,43.519401,0.409852,0.827013
2026-04-02T12:30:50.427104,8357645,43.529401,0.362747,0.790507
2026-04-02T12:30:50.408859,8358238,43.532490,0.426641,0.805156
2026-04-02T12:30:50.418859,8360158,43.542490,0.404871,0.779081
2026-04-02T12:30:50.421948,8360751,43.545578,0.409228,0.793163
2026-04-02T12:30:50.431948,8362671,43.555578,0.478430,0.846646
2026-04-02T12:30:50.456369,8363264,43.558667,0.405514,0.805844
2026-04-02T12:30:50.466369,8365184,43.568667,0.414548,0.835582
2026-04-02T12:30:50.469458,8365777,43.571755,0.470453,0.820913
2026-04-02T12:30:50.479458,8367697,43.581755,0.410340,0.794775
2026-04-02T12:30:50.461213,8368290,43.584844,0.432504,0.837720
2026-04-02T12:30:50.471213,8370210,43.594844,0.424688,0.824847
2026-04-02T12:30:50.474301,8370803,43.597932,0.341565,0.827811
2026-04-02T12:30:50.484301,8372723,43.607932,0.388692,0.769383
2026-04-02T12:30:50.508723,8373316,43.611021,0.385295,0.823183
2026-04-02T12:30:50.518723,8375236,43.621021,0.360605,0.807075
2026-04-02T12:30:50.521811,8375829,43.624109,0.432867,0.788424
2026-04-02T12:30:50.531811,8377749,43.634109,0.392673,0.745442
2026-04-02T12:30:50.513566,8378342,43.637198,0.386724,0.765576
2026-04-02T12:30:50.523566,8380262,43.647198,0.365837,0.820671
2026-04-02T12:30:50.526655,8380855,43.650286,0.422470,0.768272
2026-04-02T12:30:50.536655,8382775,43.660286,0.368750,0.832145
2026-04-02T12:30:50.561076,8383368,43.663375,0.420515,0.817788
2026-04-02T12:30:50.571076,8385288,43.673375,0.427836,0.758556
2026-04-02T12:30:50.574165,8385881,43.676464,0.413532,0.791240
2026-04-02T12:30:50.584165,8387801,43.686464,0.356748,0.796101
2026-04-02T12:30:50.565920,8388394,43.689552,0.413226,0.771434
2026-04-02T12:30:50.575920,8390314,43.699552,0.410210,0.796435
2026-04-02T12:30:50.579008,8390907,43.702641,0.366736,0.785201
2026-04-02T12:30:50.589008,8392827,43.712641,0.396769,0.829340
2026-04-02T12:30:50.613429,8393420,43.715729,0.409846,0.805498
2026-04-02T12:30:50.623429,8395340,43.725729,0.414327,0.784739
2026-04-02T12:30:50.626518,8395933,43.728818,0.380786,0.835300
2026-04-02T12:30:50.636518,8397853,43.738818,0.437064,0.831385
2026-04-02T12:30:50.618273,8398446,43.741906,0.420298,0.750883
2026-04-02T12:30:50.628273,8400366,43.751906,0.397356,0.798707
2026-04-02T12:30:50.631362,8400959,43.754995,0.421406,0.821252
2026-04-02T12:30:50.641362,8402879,43.764995,0.403686,0.791402
2026-04-02T12:30:50.665783,8403472,43.768083,0.378374,0.795293
2026-04-02T12:30:50.675783,8405392,43.778083,0.385156,0.817059
2026-04-02T12:30:50.678872,8405985,43.781172,0.395267,0.736503
2026-04-02T12:30:50.688872,8407905,43.791172,0.452128,0.845144
2026-04-02T12:30:50.670627,8408498,43.794260,0.406406,0.819286
2026-04-02T12:30:50.680627,8410418,43.804260,0.377018,0.770088
2026-04-02T12:30:50.683715,8411011,43.807349,0.412170,0.786509
2026-04-02T12:30:50.693715,8412931,43.817349,0.404220,0.799446
2026-04-02T12:30:50.718136,8413524,43.820437,0.392479,0.790500
2026-04-02T12:30:50.728136,8415444,43.830438,0.420610,0.793285
2026-04-02T12:30:50.731225,8416037,43.833526,0.424224,0.788718
2026-04-02T12:30:50.741225,8417957,43.843526,0.388745,0.771856
2026-04-02T12:30:50.722980,8418550,43.846615,0.406499,0.779507
2026-04-02T12:30:50.732980,8420470,43.856615,0.424820,0.796603
2026-04-02T12:30:50.736069,8421063,43.859703,0.396132,0.761893
2026-04-02T12:30:50.746069,8422983,43.869703,0.419753,0.799222
2026-04-02T12:30:50.770490,8423576,43.872792,0.391444,0.782661
2026-04-02T12:30:50.780490,8425496,43.882792,0.407384,0.753241
2026-04-02T12:30:50.783578,8426089,43.885880,0.364521,0.825927
2026-04-02T12:30:50.793578,8428009,43.895880,0.392152,0.823322
2026-04-02T12:30:50.775334,8428602,43.898969,0.403438,0.783260
2026-04-02T12:30:50.785334,8430522,43.908969,0.418306,0.814205
2026-04-02T12:30:50.788422,8431115,43.912057,0.387758,0.813949
2026-04-02T12:30:50.798422,8433035,43.922057,0.383517,0.789110
2026-04-02T12:30:50.822843,8433628,43.925146,0.440723,0.831136
2026-04-02T12:30:50.832843,8435548,43.935146,0.434127,0.787626
2026-04-02T12:30:50.835932,8436141,43.938234,0.448809,0.778969
2026-04-02T12:30:50.845932,8438061,43.948234,0.420043,0.812911
2026-04-02T12:30:50.827687,8438654,43.951323,0.400391,0.836002
2026-04-02T12:30:50.837687,8440574,43.961323,0.392467,0.817555
2026-04-02T12:30:50.840776,8441167,43.964411,0.412136,0.762151
2026-04-02T12:30:50.850776,8443087,43.974411,0.393255,0.818141
2026-04-02T12:30:50.875197,8443680,43.977500,0.373763,0.754752
2026-04-02T12:30:50.885197,8445600,43.987500,0.423548,0.779266
2026-04-02T12:30:50.888285,8446193,43.990589,0.336069,0.801691
2026-04-02T12:30:50.898285,8448113,44.000589,0.395182,0.781072
2026-04-02T12:30:50.880041,8448706,44.003677,0.371850,0.801481
2026-04-02T12:30:50.890041,8450626,44.013677,0.388907,0.805275
2026-04-02T12:30:50.893129,8451219,44.016766,0.388162,0.804703
2026-04-02T12:30:50.903129,8453139,44.026766,0.423881,0.801897
2026-04-02T12:30:50.927550,8453732,44.029854,0.373291,0.802955
2026-04-02T12:30:50.937550,8455652,44.039854,0.380233,0.787498
2026-04-02T12:30:50.940639,8456245,44.042943,0.396151,0.782053
2026-04-02T12:30:50.950639,8458165,44.052943,0.417291,0.816814
2026-04-02T12:30:50.932394,8458758,44.056031,0.393423,0.843180
2026-04-02T12:30:50.942394,8460678,44.066031,0.405575,0.770350
2026-04-02T12:30:50.945483,8461271,44.069120,0.426618,0.798789
2026-04-02T12:30:50.955483,8463191,44.079120,0.449395,0.791651
2026-04-02T12:30:50.979904,8463784,44.082208,0.366214,0.798780
2026-04-02T12:30:50.989904,8465704,44.092208,0.417507,0.784731
2026-04-02T12:30:50.992992,8466297,44.095297,0.415880,0.779527
2026-04-02T12:30:51.002992,8468217,44.105297,0.426928,0.767906
2026-04-02T12:30:50.984747,8468810,44.108385,0.423641,0.822060
2026-04-02T12:30:50.994747,8470730,44.118385,0.417215,0.838785
2026-04-02T12:30:50.997836,8471323,44.121474,0.391876,0.828675
2026-04-02T12:30:51.007836,8473243,44.131474,0.397457,0.813647
2026-04-02T12:30:51.032257,8473836,44.134563,0.420197,0.796300
2026-04-02T12:30:51.042257,8475756,44.144562,0.424466,0.809675
2026-04-02T12:30:51.045346,8476349,44.147651,0.409880,0.770199
2026-04-02T12:30:51.055346,8478269,44.157651,0.362717,0.801646
2026-04-02T12:30:51.037101,8478862,44.160740,0.400057,0.836995
2026-04-02T12:30:51.047101,8480782,44.170740,0.365276,0.798578
2026-04-02T12:30:51.050190,8481375,44.173828,0.422637,0.805706
2026-04-02T12:30:51.060190,8483295,44.183828,0.383384,0.812319
2026-04-02T12:30:51.084611,8483888,44.186917,0.353377,0.802674
2026-04-02T12:30:51.094611,8485808,44.196917,0.412690,0.805954
2026-04-02T12:30:51.097699,8486401,44.200005,0.396430,0.807070
2026-04-02T12:30:51.107699,8488321,44.210005,0.387412,0.766444
2026-04-02T12:30:51.089454,8488914,44.213094,0.369254,0.798942
2026-04-02T12:30:51.099454,8490834,44.223094,0.423549,0.797731
2026-04-02T12:30:51.102543,8491427,44.226182,0.411431,0.756538
2026-04-02T12:30:51.112543,8493347,44.236182,0.370825,0.787043
2026-04-02T12:30:51.136964,8493940,44.239271,0.398797,0.813406
2026-04-02T12:30:51.146964,8495860,44.249271,0.377070,0.800734
2026-04-02T12:30:51.150053,8496453,44.252359,0.371798,0.787051
2026-04-02T12:30:51.160053,8498373,44.262359,0.397663,0.794841
2026-04-02T12:30:51.141808,8498966,44.265448,0.363590,0.824911
2026-04-02T12:30:51.151808,8500886,44.275448,0.451919,0.760866
2026-04-02T12:30:51.154896,8501479,44.278536,0.381898,0.818459
2026-04-02T12:30:51.164896,8503399,44.288536,0.446238,0.765014
2026-04-02T12:30:51.189311,8503992,44.291625,0.408460,0.849832
2026-04-02T12:30:51.199311,8505912,44.301625,0.420612,0.737939
2026-04-02T12:30:51.202399,8506505,44.304714,0.393895,0.791863
2026-04-02T12:30:51.212399,8508425,44.314714,0.390512,0.783983
2026-04-02T12:30:51.194155,8509018,44.317802,0.430569,0.775322
2026-04-02T12:30:51.204155,8510938,44.327802,0.417015,0.782854
2026-04-02T12:30:51.207243,8511531,44.330891,0.426098,0.813853
2026-04-02T12:30:51.217243,8513451,44.340891,0.405134,0.795637
2026-04-02T12:30:51.241664,8514044,44.343979,0.405594,0.817988
2026-04-02T12:30:51.251664,8515964,44.353979,0.376813,0.816338
2026-04-02T12:30:51.254753,8516557,44.357068,0.376447,0.819050
2026-04-02T12:30:51.264753,8518477,44.367068,0.426178,0.780433
2026-04-02T12:30:51.246508,8519070,44.370156,0.405107,0.769118
2026-04-02T12:30:51.256508,8520990,44.380156,0.432297,0.814127
2026-04-02T12:30:51.259597,8521583,44.383245,0.373395,0.840247
2026-04-02T12:30:51.269597,8523503,44.393245,0.398798,0.801373
2026-04-02T12:30:51.294018,8524096,44.396333,0.364611,0.800142
2026-04-02T12:30:51.304018,8526016,44.406333,0.408459,0.809996
2026-04-02T12:30:51.307106,8526609,44.409422,0.419549,0.800154
2026-04-02T12:30:51.317106,8528529,44.419422,0.433612,0.791715
2026-04-02T12:30:51.298861,8529122,44.422510,0.410582,0.808552
2026-04-02T12:30:51.308861,8531042,44.432510,0.368690,0.796729
2026-04-02T12:30:51.311950,8531635,44.435599,0.383954,0.787708
2026-04-02T12:30:51.321950,8533555,44.445599,0.435142,0.759553
2026-04-02T12:30:51.346371,8534148,44.448687,0.391931,0.790814
2026-04-02T12:30:51.356371,8536068,44.458688,0.395779,0.802878
2026-04-02T12:30:51.359460,8536661,44.461776,0.383845,0.790706
2026-04-02T12:30:51.369460,8538581,44.471776,0.451918,0.830866
2026-04-02T12:30:51.351215,8539174,44.474865,0.355454,0.790534
2026-04-02T12:30:51.361215,8541094,44.484865,0.395920,0.756252
2026-04-02T12:30:51.364303,8541687,44.487953,0.342274,0.785444
2026-04-02T12:30:51.374303,8543607,44.497953,0.398887,0.809830
2026-04-02T12:30:51.398724,8544200,44.501042,0.341099,0.817178
2026-04-02T12:30:51.408724,8546120,44.511042,0.397364,0.842229
2026-04-02T12:30:51.411813,8546713,44.514130,0.380472,0.762816
2026-04-02T12:30:51.421813,8548633,44.524130,0.407113,0.814613
2026-04-02T12:30:51.403568,8549226,44.527219,0.388953,0.757199
2026-04-02T12:30:51.413568,8551146,44.537219,0.361536,0.816583
2026-04-02T12:30:51.416657,8551739,44.540307,0.420571,0.802386
2026-04-02T12:30:51.426657,8553659,44.550307,0.387435,0.791970
2026-04-02T12:30:51.451078,8554252,44.553396,0.434637,0.834114
2026-04-02T12:30:51.461078,8556172,44.563396,0.403672,0.832133
2026-04-02T12:30:51.464166,8556765,44.566484,0.422681,0.738269
2026-04-02T12:30:51.474166,8558685,44.576484,0.374342,0.760595
2026-04-02T12:30:51.455922,8559278,44.579573,0.419182,0.839710
2026-04-02T12:30:51.465922,8561198,44.589573,0.415987,0.806538
2026-04-02T12:30:51.469010,8561791,44.592661,0.404777,0.791545
2026-04-02T12:30:51.479010,8563711,44.602661,0.420466,0.788782
2026-04-02T12:30:51.503431,8564304,44.605750,0.361832,0.790761
2026-04-02T12:30:51.513431,8566224,44.615750,0.415151,0.824930
2026-04-02T12:30:51.516520,8566817,44.618839,0.391023,0.810355
2026-04-02T12:30:51.526520,8568737,44.628839,0.432547,0.812178
2026-04-02T12:30:51.508275,8569330,44.631927,0.392138,0.775135
2026-04-02T12:30:51.518275,8571250,44.641927,0.396862,0.800800
2026-04-02T12:30:51.521364,8571843,44.645016,0.435142,0.816330
2026-04-02T12:30:51.531364,8573763,44.655016,0.393260,0.751224
2026-04-02T12:30:51.555791,8574356,44.658104,0.357883,0.807711
2026-04-02T12:30:51.565791,8576276,44.668104,0.380239,0.808423
2026-04-02T12:30:51.568880,8576869,44.671193,0.424229,0.777895
2026-04-02T12:30:51.578880,8578789,44.681193,0.392037,0.804115
2026-04-02T12:30:51.560635,8579382,44.684281,0.354130,0.753979
2026-04-02T12:30:51.570635,8581302,44.694281,0.387285,0.792481
2026-04-02T12:30:51.573724,8581895,44.697370,0.340477,0.799450
2026-04-02T12:30:51.583724,8583815,44.707370,0.386060,0.809631
2026-04-02T12:30:51.608145,8584408,44.710458,0.410587,0.759353
2026-04-02T12:30:51.618145,8586328,44.720458,0.412103,0.831470
2026-04-02T12:30:51.621233,8586921,44.723547,0.429949,0.789750
2026-04-02T12:30:51.631233,8588841,44.733547,0.435766,0.768422
2026-04-02T12:30:51.612989,8589434,44.736635,0.400618,0.786007
2026-04-02T12:30:51.622989,8591354,44.746635,0.364234,0.775362
2026-04-02T12:30:51.626077,8591947,44.749724,0.397865,0.776697
2026-04-02T12:30:51.636077,8593867,44.759724,0.417616,0.817210
2026-04-02T12:30:51.660498,8594460,44.762813,0.425266,0.787682
2026-04-02T12:30:51.670498,8596380,44.772813,0.404203,0.824495
2026-04-02T12:30:51.673587,8596973,44.775901,0.419521,0.793322
2026-04-02T12:30:51.683587,8598893,44.785901,0.404633,0.786576
2026-04-02T12:30:51.665342,8599486,44.788990,0.428983,0.814385
2026-04-02T12:30:51.675342,8601406,44.798990,0.434731,0.822410
2026-04-02T12:30:51.678431,8601999,44.802078,0.417396,0.897016
2026-04-02T12:30:51.688431,8603919,44.812078,0.427137,0.798804
2026-04-02T12:30:51.712852,8604512,44.815167,0.417905,0.783830
2026-04-02T12:30:51.722852,8606432,44.825167,0.408703,0.731820
2026-04-02T12:30:51.725940,8607025,44.828255,0.388657,0.828717
2026-04-02T12:30:51.735940,8608945,44.838255,0.380730,0.809522
2026-04-02T12:30:51.717696,8609538,44.841344,0.414321,0.769945
2026-04-02T12:30:51.727696,8611458,44.851344,0.410318,0.767182
2026-04-02T12:30:51.730784,8612051,44.854432,0.401099,0.811881
2026-04-02T12:30:51.740784,8613971,44.864432,0.428873,0.770994
2026-04-02T12:30:51.765205,8614564,44.867521,0.398448,0.748459
2026-04-02T12:30:51.775205,8616484,44.877521,0.348937,0.779609
2026-04-02T12:30:51.778294,8617077,44.880609,0.380708,0.778960
2026-04-02T12:30:51.788294,8618997,44.890609,0.384647,0.852981
2026-04-02T12:30:51.770049,8619590,44.893698,0.406031,0.804539
2026-04-02T12:30:51.780049,8621510,44.903698,0.397413,0.794160
2026-04-02T12:30:51.783138,8622103,44.906786,0.383621,0.816701
2026-04-02T12:30:51.793138,8624023,44.916786,0.370267,0.842100
2026-04-02T12:30:51.817559,8624616,44.919875,0.390317,0.816464
2026-04-02T12:30:51.827559,8626536,44.929875,0.424510,0.809521
2026-04-02T12:30:51.830647,8627129,44.932964,0.410961,0.791489
2026-04-02T12:30:51.840647,8629049,44.942964,0.409875,0.817900
2026-04-02T12:30:51.822403,8629642,44.946052,0.409130,0.842488
2026-04-02T12:30:51.832403,8631562,44.956052,0.410938,0.782678
2026-04-02T12:30:51.835491,8632155,44.959141,0.417058,0.810078
2026-04-02T12:30:51.845491,8634075,44.969141,0.411617,0.792558
2026-04-02T12:30:51.869912,8634668,44.972229,0.444572,0.801046
2026-04-02T12:30:51.879912,8636588,44.982229,0.409152,0.846238
2026-04-02T12:30:51.883001,8637181,44.985318,0.430953,0.787665
2026-04-02T12:30:51.893001,8639101,44.995318,0.439110,0.802736
2026-04-02T12:30:51.874756,8639694,44.998406,0.379511,0.822677
2026-04-02T12:30:51.884756,8641614,45.008406,0.439581,0.779521
2026-04-02T12:30:51.887845,8642207,45.011495,0.420503,0.808651
2026-04-02T12:30:51.897845,8644127,45.021495,0.361396,0.817440
2026-04-02T12:30:51.922266,8644720,45.024583,0.432208,0.791939
2026-04-02T12:30:51.932266,8646640,45.034583,0.368130,0.759354
2026-04-02T12:30:51.935354,8647233,45.037672,0.389125,0.804282
2026-04-02T12:30:51.945354,8649153,45.047672,0.356876,0.828711
2026-04-02T12:30:51.927109,8649746,45.050760,0.401803,0.803452
2026-04-02T12:30:51.937109,8651666,45.060760,0.433654,0.811166
2026-04-02T12:30:51.940198,8652259,45.063849,0.420525,0.864183
2026-04-02T12:30:51.950198,8654179,45.073849,0.435487,0.804185
2026-04-02T12:30:51.974619,8654772,45.076937,0.408057,0.818921
2026-04-02T12:30:51.984619,8656692,45.086937,0.382831,0.803102
2026-04-02T12:30:51.987708,8657285,45.090026,0.399836,0.849853
2026-04-02T12:30:51.997708,8659205,45.100026,0.376441,0.817281
2026-04-02T12:30:51.979463,8659798,45.103115,0.386808,0.828273
2026-04-02T12:30:51.989463,8661718,45.113115,0.361276,0.791644
2026-04-02T12:30:51.992551,8662311,45.116203,0.375888,0.804525
2026-04-02T12:30:52.002551,8664231,45.126203,0.353463,0.801276
2026-04-02T12:30:52.026972,8664824,45.129292,0.334249,0.797257
2026-04-02T12:30:52.036972,8666744,45.139292,0.418364,0.826931
2026-04-02T12:30:52.040061,8667337,45.142380,0.368006,0.806855
2026-04-02T12:30:52.050061,8669257,45.152380,0.382446,0.780697
2026-04-02T12:30:52.031816,8669850,45.155469,0.371002,0.800385
2026-04-02T12:30:52.041816,8671770,45.165469,0.392010,0.737504
2026-04-02T12:30:52.044905,8672363,45.168557,0.383311,0.813399
2026-04-02T12:30:52.054905,8674283,45.178557,0.358404,0.776386
2026-04-02T12:30:52.079326,8674876,45.181646,0.380606,0.749501
2026-04-02T12:30:52.089326,8676796,45.191646,0.404532,0.801800
2026-04-02T12:30:52.092414,8677389,45.194734,0.387085,0.794330
2026-04-02T12:30:52.102414,8679309,45.204734,0.415610,0.787573
2026-04-02T12:30:52.084170,8679902,45.207823,0.419892,0.802319
2026-04-02T12:30:52.094170,8681822,45.217823,0.431391,0.786541
2026-04-02T12:30:52.097258,8682415,45.220911,0.383184,0.836380
2026-04-02T12:30:52.107258,8684335,45.230911,0.453523,0.802742
2026-04-02T12:30:52.131679,8684928,45.234000,0.442470,0.798520
2026-04-02T12:30:52.141679,8686848,45.244000,0.413825,0.769677
2026-04-02T12:30:52.144768,8687441,45.247089,0.378987,0.793063
2026-04-02T12:30:52.154768,8689361,45.257089,0.398453,0.773570
2026-04-02T12:30:52.136523,8689954,45.260177,0.374187,0.804910
2026-04-02T12:30:52.146523,8691874,45.270177,0.400281,0.786986
2026-04-02T12:30:52.149612,8692467,45.273266,0.351688,0.771644
2026-04-02T12:30:52.159612,8694387,45.283266,0.421249,0.822049
2026-04-02T12:30:52.184033,8694980,45.286354,0.408177,0.811062
2026-04-02T12:30:52.194033,8696900,45.296354,0.365999,0.782428
2026-04-02T12:30:52.197121,8697493,45.299443,0.391694,0.822835
2026-04-02T12:30:52.207121,8699413,45.309443,0.447001,0.801858
2026-04-02T12:30:52.188877,8700006,45.312531,0.347380,0.761604
2026-04-02T12:30:52.198877,8701926,45.322531,0.393868,0.820208
2026-04-02T12:30:52.201965,8702519,45.325620,0.408275,0.793360
2026-04-02T12:30:52.211965,8704439,45.335620,0.403693,0.824257
2026-04-02T12:30:52.236386,8705032,45.338708,0.344129,0.769237
2026-04-02T12:30:52.246386,8706952,45.348708,0.373224,0.832230
2026-04-02T12:30:52.249474,8707545,45.351797,0.424121,0.774810
2026-04-02T12:30:52.259474,8709465,45.361797,0.354518,0.839752
2026-04-02T12:30:52.241229,8710058,45.364885,0.391759,0.786084
2026-04-02T12:30:52.251229,8711978,45.374885,0.417732,0.794872
2026-04-02T12:30:52.254318,8712571,45.377974,0.389231,0.827664
2026-04-02T12:30:52.264318,8714491,45.387974,0.461039,0.816117
2026-04-02T12:30:52.288739,8715084,45.391062,0.380816,0.819491
2026-04-02T12:30:52.298739,8717004,45.401063,0.411962,0.823826
2026-04-02T12:30:52.301828,8717597,45.404151,0.434958,0.792571
2026-04-02T12:30:52.311828,8719517,45.414151,0.373577,0.793348
2026-04-02T12:30:52.293583,8720110,45.417240,0.371673,0.804058
2026-04-02T12:30:52.303583,8722030,45.427240,0.392495,0.789676
2026-04-02T12:30:52.306671,8722623,45.430328,0.322715,0.805700
2026-04-02T12:30:52.316671,8724543,45.440328,0.405680,0.809754
2026-04-02T12:30:52.341093,8725136,45.443417,0.388821,0.801807
2026-04-02T12:30:52.351093,8727056,45.453417,0.382135,0.824703
2026-04-02T12:30:52.354181,8727649,45.456505,0.423150,0.793248
2026-04-02T12:30:52.364181,8729569,45.466505,0.394384,0.791909
2026-04-02T12:30:52.345936,8730162,45.469594,0.399814,0.754816
2026-04-02T12:30:52.355936,8732082,45.479594,0.430732,0.811638
2026-04-02T12:30:52.359025,8732675,45.482682,0.360044,0.785865
2026-04-02T12:30:52.369025,8734595,45.492682,0.366941,0.822850
2026-04-02T12:30:52.393446,8735188,45.495771,0.423916,0.776677
2026-04-02T12:30:52.403446,8737108,45.505771,0.374094,0.813315
2026-04-02T12:30:52.406535,8737701,45.508859,0.388871,0.776803
2026-04-02T12:30:52.416535,8739621,45.518859,0.403725,0.778545
2026-04-02T12:30:52.398290,8740214,45.521948,0.404139,0.847074
2026-04-02T12:30:52.408290,8742134,45.531948,0.409336,0.815720
2026-04-02T12:30:52.411378,8742727,45.535036,0.388568,0.795294
2026-04-02T12:30:52.421378,8744647,45.545036,0.401250,0.791719
2026-04-02T12:30:52.445800,8745240,45.548125,0.418031,0.841228
2026-04-02T12:30:52.455800,8747160,45.558125,0.389610,0.788116
2026-04-02T12:30:52.458888,8747753,45.561214,0.378404,0.799198
2026-04-02T12:30:52.468888,8749673,45.571214,0.348728,0.792316
2026-04-02T12:30:52.450643,8750266,45.574302,0.463031,0.767495
2026-04-02T12:30:52.460643,8752186,45.584302,0.393466,0.776242
2026-04-02T12:30:52.463732,8752779,45.587391,0.384906,0.809326
2026-04-02T12:30:52.473732,8754699,45.597391,0.417057,0.832266
2026-04-02T12:30:52.498153,8755292,45.600479,0.374850,0.768402
2026-04-02T12:30:52.508153,8757212,45.610479,0.440757,0.807892
2026-04-02T12:30:52.511242,8757805,45.613568,0.407607,0.775900
2026-04-02T12:30:52.521242,8759725,45.623568,0.430914,0.807892
2026-04-02T12:30:52.502997,8760318,45.626656,0.432426,0.782753
2026-04-02T12:30:52.512997,8762238,45.636656,0.432081,0.782046
2026-04-02T12:30:52.516085,8762831,45.639745,0.449900,0.794471
2026-04-02T12:30:52.526085,8764751,45.649745,0.372927,0.815174
2026-04-02T12:30:52.550507,8765344,45.652833,0.381649,0.842306
2026-04-02T12:30:52.560507,8767264,45.662833,0.385377,0.853518
2026-04-02T12:30:52.563595,8767857,45.665922,0.386929,0.777241
2026-04-02T12:30:52.573595,8769777,45.675922,0.424075,0.822244
2026-04-02T12:30:52.555350,8770370,45.679010,0.412320,0.795252
2026-04-02T12:30:52.565350,8772290,45.689010,0.402522,0.785440
2026-04-02T12:30:52.568439,8772883,45.692099,0.361852,0.802526
2026-04-02T12:30:52.578439,8774803,45.702099,0.374708,0.827362
2026-04-02T12:30:52.602863,8775396,45.705188,0.405419,0.789096
2026-04-02T12:30:52.612863,8777316,45.715187,0.392873,0.776562
2026-04-02T12:30:52.615951,8777909,45.718276,0.369999,0.813862
2026-04-02T12:30:52.625951,8779829,45.728276,0.400982,0.793413
2026-04-02T12:30:52.607706,8780422,45.731365,0.405145,0.723877
2026-04-02T12:30:52.617706,8782342,45.741365,0.425321,0.779547
2026-04-02T12:30:52.620795,8782935,45.744453,0.403185,0.796459
2026-04-02T12:30:52.630795,8784855,45.754453,0.383518,0.816146
2026-04-02T12:30:52.655216,8785448,45.757542,0.348723,0.811314
2026-04-02T12:30:52.665216,8787368,45.767542,0.444624,0.792395
2026-04-02T12:30:52.668305,8787961,45.770630,0.360876,0.793748
2026-04-02T12:30:52.678305,8789881,45.780630,0.424176,0.821775
2026-04-02T12:30:52.660060,8790474,45.783719,0.400987,0.788475
2026-04-02T12:30:52.670060,8792394,45.793719,0.385430,0.785089
2026-04-02T12:30:52.673149,8792987,45.796807,0.378438,0.796831
2026-04-02T12:30:52.683149,8794907,45.806807,0.368690,0.822230
2026-04-02T12:30:52.707570,8795500,45.809896,0.393670,0.789105
2026-04-02T12:30:52.717570,8797420,45.819896,0.391027,0.802698
2026-04-02T12:30:52.720658,8798013,45.822984,0.419936,0.822074
2026-04-02T12:30:52.730658,8799933,45.832984,0.441017,0.772400
2026-04-02T12:30:52.712413,8800526,45.836073,0.412340,0.855993
2026-04-02T12:30:52.722413,8802446,45.846073,0.361514,0.798713
2026-04-02T12:30:52.725502,8803039,45.849161,0.387125,0.785863
2026-04-02T12:30:52.735502,8804959,45.859161,0.400293,0.822356
2026-04-02T12:30:52.759923,8805552,45.862250,0.398532,0.805885
2026-04-02T12:30:52.769923,8807472,45.872250,0.338062,0.803722
2026-04-02T12:30:52.773012,8808065,45.875339,0.377603,0.817200
2026-04-02T12:30:52.783012,8809985,45.885339,0.439703,0.781933
2026-04-02T12:30:52.764767,8810578,45.888427,0.409778,0.805745
2026-04-02T12:30:52.774767,8812498,45.898427,0.444063,0.824059
2026-04-02T12:30:52.777855,8813091,45.901516,0.397316,0.785228
2026-04-02T12:30:52.787855,8815011,45.911516,0.415050,0.793308
2026-04-02T12:30:52.812277,8815604,45.914604,0.395622,0.875277
2026-04-02T12:30:52.822277,8817524,45.924604,0.430417,0.829731
2026-04-02T12:30:52.825365,8818117,45.927693,0.382097,0.817602
2026-04-02T12:30:52.835365,8820037,45.937693,0.369115,0.832125
2026-04-02T12:30:52.817120,8820630,45.940781,0.418161,0.802527
2026-04-02T12:30:52.827120,8822550,45.950781,0.412348,0.829774
2026-04-02T12:30:52.830209,8823143,45.953870,0.366392,0.798729
2026-04-02T12:30:52.840209,8825063,45.963870,0.427034,0.785617
2026-04-02T12:30:52.864630,8825656,45.966958,0.387010,0.785580
2026-04-02T12:30:52.874630,8827576,45.976958,0.413486,0.841773
2026-04-02T12:30:52.877719,8828169,45.980047,0.409357,0.814496
2026-04-02T12:30:52.887719,8830089,45.990047,0.423808,0.786868
2026-04-02T12:30:52.869474,8830682,45.993135,0.382517,0.793184
2026-04-02T12:30:52.879474,8832602,46.003135,0.406068,0.768247
2026-04-02T12:30:52.882562,8833195,46.006224,0.358508,0.780564
2026-04-02T12:30:52.892562,8835115,46.016224,0.392923,0.804944
2026-04-02T12:30:52.916981,8835708,46.019312,0.384663,0.816197
2026-04-02T12:30:52.926981,8837628,46.029313,0.413895,0.804428
2026-04-02T12:30:52.930069,8838221,46.032401,0.409008,0.818934
2026-04-02T12:30:52.940069,8840141,46.042401,0.403492,0.860503
2026-04-02T12:30:52.921825,8840734,46.045490,0.408733,0.795617
2026-04-02T12:30:52.931825,8842654,46.055490,0.412230,0.804814
2026-04-02T12:30:52.934913,8843247,46.058578,0.393827,0.768401
2026-04-02T12:30:52.944913,8845167,46.068578,0.451696,0.815660
2026-04-02T12:30:52.969334,8845760,46.071667,0.384252,0.777331
2026-04-02T12:30:52.979334,8847680,46.081667,0.436451,0.814613
2026-04-02T12:30:52.982423,8848273,46.084755,0.445147,0.816598
2026-04-02T12:30:52.992423,8850193,46.094755,0.423212,0.781516
2026-04-02T12:30:52.974178,8850786,46.097844,0.412955,0.810480
2026-04-02T12:30:52.984178,8852706,46.107844,0.420663,0.818471
2026-04-02T12:30:52.987267,8853299,46.110932,0.419172,0.803809
2026-04-02T12:30:52.997267,8855219,46.120932,0.332365,0.854786
2026-04-02T12:30:53.021688,8855812,46.124021,0.397473,0.799278
2026-04-02T12:30:53.031688,8857732,46.134021,0.356057,0.817054
2026-04-02T12:30:53.034776,8858325,46.137109,0.374859,0.836384
2026-04-02T12:30:53.044776,8860245,46.147109,0.381168,0.814402
2026-04-02T12:30:53.026532,8860838,46.150198,0.386935,0.805945
2026-04-02T12:30:53.036532,8862758,46.160198,0.408187,0.860628
2026-04-02T12:30:53.039620,8863351,46.163286,0.396215,0.798422
2026-04-02T12:30:53.049620,8865271,46.173286,0.414163,0.741995
2026-04-02T12:30:53.074041,8865864,46.176375,0.412879,0.750709
2026-04-02T12:30:53.084041,8867784,46.186375,0.430070,0.785505
2026-04-02T12:30:53.087130,8868377,46.189464,0.382326,0.774851
2026-04-02T12:30:53.097130,8870297,46.199464,0.412035,0.828231
2026-04-02T12:30:53.078885,8870890,46.202552,0.420876,0.772686
2026-04-02T12:30:53.088885,8872810,46.212552,0.440044,0.784809
2026-04-02T12:30:53.091974,8873403,46.215641,0.459229,0.793772
2026-04-02T12:30:53.101974,8875323,46.225641,0.415127,0.825612
2026-04-02T12:30:53.126395,8875916,46.228729,0.378044,0.782181
2026-04-02T12:30:53.136395,8877836,46.238729,0.419483,0.834807
2026-04-02T12:30:53.139483,8878429,46.241818,0.378247,0.830409
2026-04-02T12:30:53.149483,8880349,46.251818,0.423543,0.738682
2026-04-02T12:30:53.131238,8880942,46.254906,0.422862,0.807122
2026-04-02T12:30:53.141238,8882862,46.264906,0.399561,0.780395
2026-04-02T12:30:53.144327,8883455,46.267995,0.387985,0.807983
2026-04-02T12:30:53.154327,8885375,46.277995,0.389958,0.770535
2026-04-02T12:30:53.178748,8885968,46.281083,0.391625,0.842320
2026-04-02T12:30:53.188748,8887888,46.291083,0.401672,0.781541
2026-04-02T12:30:53.191837,8888481,46.294172,0.415919,0.810315
2026-04-02T12:30:53.201837,8890401,46.304172,0.449311,0.812549
2026-04-02T12:30:53.183592,8890994,46.307260,0.402229,0.798611
2026-04-02T12:30:53.193592,8892914,46.317260,0.434942,0.779954
2026-04-02T12:30:53.196680,8893507,46.320349,0.382480,0.842527
2026-04-02T12:30:53.206680,8895427,46.330349,0.431346,0.802734
2026-04-02T12:30:53.231102,8896020,46.333438,0.406831,0.835923
2026-04-02T12:30:53.241102,8897940,46.343438,0.392841,0.733047
2026-04-02T12:30:53.244190,8898533,46.346526,0.398763,0.841512
2026-04-02T12:30:53.254190,8900453,46.356526,0.396735,0.831192
2026-04-02T12:30:53.235945,8901046,46.359615,0.398328,0.798294
2026-04-02T12:30:53.245945,8902966,46.369615,0.348610,0.883745
2026-04-02T12:30:53.249034,8903559,46.372703,0.397818,0.779328
2026-04-02T12:30:53.259034,8905479,46.382703,0.317076,0.776472
2026-04-02T12:30:53.283455,8906072,46.385792,0.380777,0.800848
2026-04-02T12:30:53.293455,8907992,46.395792,0.393905,0.784297
2026-04-02T12:30:53.296543,8908585,46.398880,0.401180,0.822001
2026-04-02T12:30:53.306543,8910505,46.408880,0.429869,0.798182
2026-04-02T12:30:53.288299,8911098,46.411969,0.407209,0.824692
2026-04-02T12:30:53.298299,8913018,46.421969,0.367927,0.858219
2026-04-02T12:30:53.301387,8913611,46.425057,0.398331,0.763510
2026-04-02T12:30:53.311387,8915531,46.435057,0.381827,0.760857
2026-04-02T12:30:53.335808,8916124,46.438146,0.418917,0.789500
2026-04-02T12:30:53.345808,8918044,46.448146,0.398956,0.801200
2026-04-02T12:30:53.348897,8918637,46.451234,0.377426,0.804449
2026-04-02T12:30:53.358897,8920557,46.461234,0.429892,0.805095
2026-04-02T12:30:53.340652,8921150,46.464323,0.416287,0.801845
2026-04-02T12:30:53.350652,8923070,46.474323,0.401877,0.811529
2026-04-02T12:30:53.353741,8923663,46.477411,0.382846,0.786825
2026-04-02T12:30:53.363741,8925583,46.487411,0.369848,0.796644
2026-04-02T12:30:53.388162,8926176,46.490500,0.383136,0.791968
2026-04-02T12:30:53.398162,8928096,46.500500,0.417303,0.851082
2026-04-02T12:30:53.401250,8928689,46.503589,0.405831,0.752860
2026-04-02T12:30:53.411250,8930609,46.513589,0.404687,0.776050
2026-04-02T12:30:53.393006,8931202,46.516677,0.399019,0.781431
2026-04-02T12:30:53.403006,8933122,46.526677,0.399413,0.821198
2026-04-02T12:30:53.406094,8933715,46.529766,0.421567,0.819140
2026-04-02T12:30:53.416094,8935635,46.539766,0.415817,0.811384
2026-04-02T12:30:53.440515,8936228,46.542854,0.416664,0.845263
2026-04-02T12:30:53.450515,8938148,46.552854,0.420617,0.816672
2026-04-02T12:30:53.453604,8938741,46.555943,0.391001,0.813327
2026-04-02T12:30:53.463604,8940661,46.565943,0.412987,0.788576
2026-04-02T12:30:53.445359,8941254,46.569031,0.405153,0.810841
2026-04-02T12:30:53.455359,8943174,46.579031,0.394868,0.811451
2026-04-02T12:30:53.458448,8943767,46.582120,0.458853,0.770033
2026-04-02T12:30:53.468448,8945687,46.592120,0.415509,0.776515
2026-04-02T12:30:53.492869,8946280,46.595208,0.427350,0.763194
2026-04-02T12:30:53.502869,8948200,46.605208,0.406034,0.753601
2026-04-02T12:30:53.505957,8948793,46.608297,0.425472,0.817200
2026-04-02T12:30:53.515957,8950713,46.618297,0.395086,0.725508
2026-04-02T12:30:53.497712,8951306,46.621385,0.429971,0.767565
2026-04-02T12:30:53.507712,8953226,46.631385,0.390218,0.843065
2026-04-02T12:30:53.510801,8953819,46.634474,0.449833,0.819457
2026-04-02T12:30:53.520801,8955739,46.644474,0.443889,0.807951
2026-04-02T12:30:53.545222,8956332,46.647562,0.347296,0.825928
2026-04-02T12:30:53.555222,8958252,46.657562,0.397977,0.783398
2026-04-02T12:30:53.558311,8958845,46.660651,0.406696,0.849187
2026-04-02T12:30:53.568311,8960765,46.670651,0.436445,0.797453
2026-04-02T12:30:53.550066,8961358,46.673740,0.402272,0.775448
2026-04-02T12:30:53.560066,8963278,46.683740,0.412261,0.733585
2026-04-02T12:30:53.563155,8963871,46.686828,0.370377,0.782498
2026-04-02T12:30:53.573155,8965791,46.696828,0.431046,0.824762
2026-04-02T12:30:53.597576,8966384,46.699917,0.384319,0.806816
2026-04-02T12:30:53.607576,8968304,46.709917,0.385427,0.786307
2026-04-02T12:30:53.610664,8968897,46.713005,0.400013,0.783187
2026-04-02T12:30:53.620664,8970817,46.723005,0.389331,0.805107
2026-04-02T12:30:53.602419,8971410,46.726094,0.439157,0.807734
2026-04-02T12:30:53.612419,8973330,46.736094,0.377297,0.799684
2026-04-02T12:30:53.615508,8973923,46.739182,0.379360,0.781169
2026-04-02T12:30:53.625508,8975843,46.749182,0.404189,0.783272
2026-04-02T12:30:53.649929,8976436,46.752271,0.396089,0.798213
2026-04-02T12:30:53.659929,8978356,46.762271,0.402152,0.825949
2026-04-02T12:30:53.663017,8978949,46.765359,0.399552,0.830523
2026-04-02T12:30:53.673017,8980869,46.775359,0.381715,0.836967
2026-04-02T12:30:53.654773,8981462,46.778448,0.372993,0.824017
2026-04-02T12:30:53.664773,8983382,46.788448,0.457591,0.795862
2026-04-02T12:30:53.667861,8983975,46.791536,0.393211,0.818534
2026-04-02T12:30:53.677861,8985895,46.801536,0.427077,0.758888
2026-04-02T12:30:53.702282,8986488,46.804625,0.423830,0.792653
2026-04-02T12:30:53.712282,8988408,46.814625,0.392293,0.839582
2026-04-02T12:30:53.715371,8989001,46.817714,0.406347,0.815870
2026-04-02T12:30:53.725371,8990921,46.827714,0.373042,0.821785
2026-04-02T12:30:53.707126,8991514,46.830802,0.408487,0.784274
2026-04-02T12:30:53.717126,8993434,46.840802,0.428084,0.778609
2026-04-02T12:30:53.720215,8994027,46.843891,0.416263,0.794500
2026-04-02T12:30:53.730215,8995947,46.853891,0.384042,0.809442
2026-04-02T12:30:53.754636,8996540,46.856979,0.417335,0.815549
2026-04-02T12:30:53.764636,8998460,46.866979,0.421171,0.794680
2026-04-02T12:30:53.767724,8999053,46.870068,0.410359,0.817969
2026-04-02T12:30:53.777724,9000973,46.880068,0.388252,0.825598
2026-04-02T12:30:53.759479,9001566,46.883156,0.356269,0.813958
2026-04-02T12:30:53.769479,9003486,46.893156,0.327609,0.802944
2026-04-02T12:30:53.772568,9004079,46.896245,0.460719,0.762144
2026-04-02T12:30:53.782568,9005999,46.906245,0.357427,0.789253
2026-04-02T12:30:53.806989,9006592,46.909333,0.414686,0.765869
2026-04-02T12:30:53.816989,9008512,46.919333,0.400730,0.860641
2026-04-02T12:30:53.820078,9009105,46.922422,0.395016,0.775045
2026-04-02T12:30:53.830078,9011025,46.932422,0.407834,0.816332
2026-04-02T12:30:53.811833,9011618,46.935510,0.392832,0.806234
2026-04-02T12:30:53.821833,9013538,46.945510,0.408592,0.827434
2026-04-02T12:30:53.824921,9014131,46.948599,0.417009,0.788828
2026-04-02T12:30:53.834921,9016051,46.958599,0.386825,0.804797
2026-04-02T12:30:53.859343,9016644,46.961687,0.400897,0.773928
2026-04-02T12:30:53.869343,9018564,46.971688,0.431215,0.771105
2026-04-02T12:30:53.872431,9019157,46.974776,0.411154,0.760916
2026-04-02T12:30:53.882431,9021077,46.984776,0.334213,0.823115
2026-04-02T12:30:53.864186,9021670,46.987865,0.384727,0.850010
2026-04-02T12:30:53.874186,9023590,46.997865,0.402112,0.832127
2026-04-02T12:30:53.877275,9024183,47.000953,0.357936,0.769500
2026-04-02T12:30:53.887275,9026103,47.010953,0.404027,0.776021
2026-04-02T12:30:53.911696,9026696,47.014042,0.353922,0.830741
2026-04-02T12:30:53.921696,9028616,47.024042,0.403445,0.763501
2026-04-02T12:30:53.924785,9029209,47.027130,0.399311,0.787363
2026-04-02T12:30:53.934785,9031129,47.037130,0.440761,0.835414
2026-04-02T12:30:53.916540,9031722,47.040219,0.447854,0.800282
2026-04-02T12:30:53.926540,9033642,47.050219,0.367616,0.792665
2026-04-02T12:30:53.929628,9034235,47.053307,0.392494,0.760028
2026-04-02T12:30:53.939628,9036155,47.063307,0.402218,0.827735
2026-04-02T12:30:53.964050,9036748,47.066396,0.402402,0.791987
2026-04-02T12:30:53.974050,9038668,47.076396,0.372662,0.827151
2026-04-02T12:30:53.977138,9039261,47.079484,0.383208,0.818526
2026-04-02T12:30:53.987138,9041181,47.089484,0.408906,0.829795
2026-04-02T12:30:53.968893,9041774,47.092573,0.408654,0.837225
2026-04-02T12:30:53.978893,9043694,47.102573,0.362943,0.764930
2026-04-02T12:30:53.981982,9044287,47.105661,0.394702,0.797238
2026-04-02T12:30:53.991982,9046207,47.115661,0.383295,0.835319
2026-04-02T12:30:54.016403,9046800,47.118750,0.380385,0.797693
2026-04-02T12:30:54.026403,9048720,47.128750,0.405766,0.855204
2026-04-02T12:30:54.029492,9049313,47.131839,0.397199,0.843503
2026-04-02T12:30:54.039492,9051233,47.141839,0.402278,0.814939
2026-04-02T12:30:54.021247,9051826,47.144927,0.447880,0.775086
2026-04-02T12:30:54.031247,9053746,47.154927,0.371920,0.774911
2026-04-02T12:30:54.034335,9054339,47.158016,0.365514,0.750078
2026-04-02T12:30:54.044335,9056259,47.168016,0.446401,0.836744
2026-04-02T12:30:54.068756,9056852,47.171104,0.410501,0.813303
2026-04-02T12:30:54.078756,9058772,47.181104,0.398819,0.823390
2026-04-02T12:30:54.081845,9059365,47.184193,0.356673,0.809536
2026-04-02T12:30:54.091845,9061285,47.194193,0.410379,0.812103
2026-04-02T12:30:54.073600,9061878,47.197281,0.345581,0.802445
2026-04-02T12:30:54.083600,9063798,47.207281,0.425778,0.843401
2026-04-02T12:30:54.086689,9064391,47.210370,0.407476,0.762620
2026-04-02T12:30:54.096689,9066311,47.220370,0.428137,0.784989
2026-04-02T12:30:54.121110,9066904,47.223458,0.415224,0.767739
2026-04-02T12:30:54.131110,9068824,47.233458,0.357225,0.809130
2026-04-02T12:30:54.134199,9069417,47.236547,0.389587,0.818929
2026-04-02T12:30:54.144199,9071337,47.246547,0.402239,0.837623
2026-04-02T12:30:54.125954,9071930,47.249635,0.415324,0.786656
2026-04-02T12:30:54.135954,9073850,47.259635,0.356835,0.790509
2026-04-02T12:30:54.139042,9074443,47.262724,0.396519,0.855384
2026-04-02T12:30:54.149042,9076363,47.272724,0.402260,0.768100
2026-04-02T12:30:54.173463,9076956,47.275813,0.426589,0.820678
2026-04-02T12:30:54.183463,9078876,47.285812,0.357198,0.787847
2026-04-02T12:30:54.186552,9079469,47.288901,0.402580,0.850815
2026-04-02T12:30:54.196552,9081389,47.298901,0.440431,0.802948
2026-04-02T12:30:54.178307,9081982,47.301990,0.396171,0.784037
2026-04-02T12:30:54.188307,9083902,47.311990,0.387035,0.804720
2026-04-02T12:30:54.191396,9084495,47.315078,0.409709,0.800780
2026-04-02T12:30:54.201396,9086415,47.325078,0.433302,0.803012
2026-04-02T12:30:54.225817,9087008,47.328167,0.412068,0.865051
2026-04-02T12:30:54.235817,9088928,47.338167,0.379625,0.772722
2026-04-02T12:30:54.238905,9089521,47.341255,0.373883,0.818956
2026-04-02T12:30:54.248905,9091441,47.351255,0.419309,0.788924
2026-04-02T12:30:54.230661,9092034,47.354344,0.397258,0.797884
2026-04-02T12:30:54.240661,9093954,47.364344,0.366859,0.819690
2026-04-02T12:30:54.243749,9094547,47.367432,0.420500,0.789064
2026-04-02T12:30:54.253749,9096467,47.377432,0.409352,0.769118
2026-04-02T12:30:54.278170,9097060,47.380521,0.387468,0.787261
2026-04-02T12:30:54.288170,9098980,47.390521,0.422251,0.774430
2026-04-02T12:30:54.291259,9099573,47.393609,0.408581,0.755777
2026-04-02T12:30:54.301259,9101493,47.403609,0.400798,0.787403
2026-04-02T12:30:54.283014,9102086,47.406698,0.389575,0.765382
2026-04-02T12:30:54.293014,9104006,47.416698,0.397014,0.793558
2026-04-02T12:30:54.296103,9104599,47.419786,0.368858,0.845705
2026-04-02T12:30:54.306103,9106519,47.429786,0.414476,0.823967
2026-04-02T12:30:54.330524,9107112,47.432875,0.364935,0.787096
2026-04-02T12:30:54.340524,9109032,47.442875,0.345416,0.829656
2026-04-02T12:30:54.343612,9109625,47.445964,0.383141,0.786367
2026-04-02T12:30:54.353612,9111545,47.455964,0.464340,0.864434
2026-04-02T12:30:54.335367,9112138,47.459052,0.357076,0.776599
2026-04-02T12:30:54.345367,9114058,47.469052,0.389375,0.812127
2026-04-02T12:30:54.348456,9114651,47.472141,0.414497,0.768256
2026-04-02T12:30:54.358456,9116571,47.482141,0.418680,0.771731
2026-04-02T12:30:54.382877,9117164,47.485229,0.411034,0.807256
2026-04-02T12:30:54.392877,9119084,47.495229,0.378836,0.792908
2026-04-02T12:30:54.395966,9119677,47.498318,0.355217,0.791064
2026-04-02T12:30:54.405966,9121597,47.508318,0.424331,0.781694
2026-04-02T12:30:54.387721,9122190,47.511406,0.390347,0.807337
2026-04-02T12:30:54.397721,9124110,47.521406,0.375328,0.791229
2026-04-02T12:30:54.400809,9124703,47.524495,0.447405,0.779980
2026-04-02T12:30:54.410809,9126623,47.534495,0.396258,0.844882
2026-04-02T12:30:54.435231,9127216,47.537583,0.454810,0.758232
2026-04-02T12:30:54.445231,9129136,47.547583,0.456708,0.783320
2026-04-02T12:30:54.448319,9129729,47.550672,0.357789,0.787618
2026-04-02T12:30:54.458319,9131649,47.560672,0.425995,0.776192
2026-04-02T12:30:54.440074,9132242,47.563760,0.397238,0.797702
2026-04-02T12:30:54.450074,9134162,47.573760,0.377230,0.790161
2026-04-02T12:30:54.453163,9134755,47.576849,0.402458,0.833040
2026-04-02T12:30:54.463163,9136675,47.586849,0.435681,0.808975
2026-04-02T12:30:54.487584,9137268,47.589937,0.408948,0.784299
2026-04-02T12:30:54.497584,9139188,47.599938,0.448808,0.784745
2026-04-02T12:30:54.500673,9139781,47.603026,0.405795,0.813189
2026-04-02T12:30:54.510673,9141701,47.613026,0.423076,0.817936
2026-04-02T12:30:54.492428,9142294,47.616115,0.452216,0.811123
2026-04-02T12:30:54.502428,9144214,47.626115,0.388226,0.812794
2026-04-02T12:30:54.505516,9144807,47.629203,0.413440,0.815066
2026-04-02T12:30:54.515516,9146727,47.639203,0.410444,0.776533
2026-04-02T12:30:54.539937,9147320,47.642292,0.390812,0.784625
2026-04-02T12:30:54.549937,9149240,47.652292,0.441229,0.826165
2026-04-02T12:30:54.553026,9149833,47.655380,0.422302,0.795753
2026-04-02T12:30:54.563026,9151753,47.665380,0.407836,0.810735
2026-04-02T12:30:54.544781,9152346,47.668469,0.353873,0.825723
2026-04-02T12:30:54.554781,9154266,47.678469,0.371400,0.829216
2026-04-02T12:30:54.557870,9154859,47.681557,0.435246,0.777678
2026-04-02T12:30:54.567870,9156779,47.691557,0.408296,0.818979
2026-04-02T12:30:54.592291,9157372,47.694646,0.383209,0.791384
2026-04-02T12:30:54.602291,9159292,47.704646,0.425399,0.812597
2026-04-02T12:30:54.605379,9159885,47.707734,0.341073,0.769140
2026-04-02T12:30:54.615379,9161805,47.717734,0.392562,0.772595
2026-04-02T12:30:54.597135,9162398,47.720823,0.399888,0.798490
2026-04-02T12:30:54.607135,9164318,47.730823,0.397737,0.765776
2026-04-02T12:30:54.610223,9164911,47.733911,0.403827,0.825936
2026-04-02T12:30:54.620223,9166831,47.743911,0.416956,0.760288
2026-04-02T12:30:54.644644,9167424,47.747000,0.365475,0.838348
2026-04-02T12:30:54.654644,9169344,47.757000,0.350802,0.807817
2026-04-02T12:30:54.657733,9169937,47.760089,0.411172,0.827485
2026-04-02T12:30:54.667733,9171857,47.770089,0.380297,0.775583
2026-04-02T12:30:54.649488,9172450,47.773177,0.413288,0.819576
2026-04-02T12:30:54.659488,9174370,47.783177,0.404720,0.838618
2026-04-02T12:30:54.662577,9174963,47.786266,0.414464,0.769214
2026-04-02T12:30:54.672577,9176883,47.796266,0.414514,0.818724
2026-04-02T12:30:54.696991,9177476,47.799354,0.366138,0.815363
2026-04-02T12:30:54.706991,9179396,47.809354,0.367077,0.776474
2026-04-02T12:30:54.710080,9179989,47.812443,0.405671,0.851206
2026-04-02T12:30:54.720080,9181909,47.822443,0.444150,0.810622
2026-04-02T12:30:54.701835,9182502,47.825531,0.398409,0.817312
2026-04-02T12:30:54.711835,9184422,47.835531,0.375828,0.810790
2026-04-02T12:30:54.714923,9185015,47.838620,0.379007,0.800833
2026-04-02T12:30:54.724923,9186935,47.848620,0.375652,0.782301
2026-04-02T12:30:54.749344,9187528,47.851708,0.396390,0.753694
2026-04-02T12:30:54.759344,9189448,47.861708,0.419548,0.828765
2026-04-02T12:30:54.762433,9190041,47.864797,0.432928,0.815424
2026-04-02T12:30:54.772433,9191961,47.874797,0.417599,0.804380
2026-04-02T12:30:54.754188,9192554,47.877885,0.389671,0.757474
2026-04-02T12:30:54.764188,9194474,47.887885,0.442465,0.787764
2026-04-02T12:30:54.767277,9195067,47.890974,0.410777,0.797284
2026-04-02T12:30:54.777277,9196987,47.900974,0.423352,0.827448
2026-04-02T12:30:54.801698,9197580,47.904063,0.406463,0.806105
2026-04-02T12:30:54.811698,9199500,47.914062,0.394689,0.845413
2026-04-02T12:30:54.814786,9200093,47.917151,0.370939,0.801529
2026-04-02T12:30:54.824786,9202013,47.927151,0.355140,0.800381
2026-04-02T12:30:54.806542,9202606,47.930240,0.387001,0.789790
2026-04-02T12:30:54.816542,9204526,47.940240,0.420122,0.783000
2026-04-02T12:30:54.819630,9205119,47.943328,0.381922,0.760348
2026-04-02T12:30:54.829630,9207039,47.953328,0.424585,0.800805
2026-04-02T12:30:54.854051,9207632,47.956417,0.432560,0.758672
2026-04-02T12:30:54.864051,9209552,47.966417,0.398691,0.752027
2026-04-02T12:30:54.867140,9210145,47.969505,0.408869,0.804789
2026-04-02T12:30:54.877140,9212065,47.979505,0.426040,0.797760
2026-04-02T12:30:54.858895,9212658,47.982594,0.372173,0.807118
2026-04-02T12:30:54.868895,9214578,47.992594,0.345982,0.756508
2026-04-02T12:30:54.871984,9215171,47.995682,0.395894,0.801434
2026-04-02T12:30:54.881984,9217091,48.005682,0.406180,0.826605
2026-04-02T12:30:54.906405,9217684,48.008771,0.392664,0.839008
2026-04-02T12:30:54.916405,9219604,48.018771,0.382814,0.749702
2026-04-02T12:30:54.919493,9220197,48.021859,0.402293,0.825611
2026-04-02T12:30:54.929493,9222117,48.031859,0.405930,0.804335
2026-04-02T12:30:54.911248,9222710,48.034948,0.424445,0.823358
2026-04-02T12:30:54.921248,9224630,48.044948,0.434458,0.845830
2026-04-02T12:30:54.924337,9225223,48.048036,0.389825,0.791127
2026-04-02T12:30:54.934337,9227143,48.058036,0.426239,0.816467
2026-04-02T12:30:54.958758,9227736,48.061125,0.406508,0.798620
2026-04-02T12:30:54.968758,9229656,48.071125,0.403762,0.764517
2026-04-02T12:30:54.971847,9230249,48.074214,0.379180,0.776564
2026-04-02T12:30:54.981847,9232169,48.084214,0.404092,0.801947
2026-04-02T12:30:54.963602,9232762,48.087302,0.404530,0.827791
2026-04-02T12:30:54.973602,9234682,48.097302,0.423297,0.761594
2026-04-02T12:30:54.976690,9235275,48.100391,0.404898,0.799957
2026-04-02T12:30:54.986690,9237195,48.110391,0.430680,0.793476
2026-04-02T12:30:55.011118,9237788,48.113479,0.349462,0.796012
2026-04-02T12:30:55.021118,9239708,48.123479,0.375123,0.759139
2026-04-02T12:30:55.024207,9240301,48.126568,0.393010,0.824649
2026-04-02T12:30:55.034207,9242221,48.136568,0.405699,0.810664
2026-04-02T12:30:55.015962,9242814,48.139656,0.387973,0.808186
2026-04-02T12:30:55.025962,9244734,48.149656,0.405374,0.788709
2026-04-02T12:30:55.029051,9245327,48.152745,0.348596,0.800336
2026-04-02T12:30:55.039051,9247247,48.162745,0.396617,0.772257
2026-04-02T12:30:55.063472,9247840,48.165833,0.374551,0.820192
2026-04-02T12:30:55.073472,9249760,48.175833,0.416408,0.819899
2026-04-02T12:30:55.076560,9250353,48.178922,0.364757,0.799849
2026-04-02T12:30:55.086560,9252273,48.188922,0.396596,0.868874
2026-04-02T12:30:55.068316,9252866,48.192010,0.431673,0.812892
2026-04-02T12:30:55.078316,9254786,48.202010,0.414291,0.806956
2026-04-02T12:30:55.081404,9255379,48.205099,0.415549,0.860089
2026-04-02T12:30:55.091404,9257299,48.215099,0.421002,0.771547
2026-04-02T12:30:55.115825,9257892,48.218187,0.406315,0.816743
2026-04-02T12:30:55.125825,9259812,48.228187,0.373691,0.836766
2026-04-02T12:30:55.128914,9260405,48.231276,0.374986,0.792157
2026-04-02T12:30:55.138914,9262325,48.241276,0.394181,0.837320
2026-04-02T12:30:55.120669,9262918,48.244365,0.386957,0.810314
2026-04-02T12:30:55.130669,9264838,48.254365,0.380800,0.759657
2026-04-02T12:30:55.133758,9265431,48.257453,0.401946,0.807831
2026-04-02T12:30:55.143758,9267351,48.267453,0.378814,0.764262
2026-04-02T12:30:55.168179,9267944,48.270542,0.406212,0.775862
2026-04-02T12:30:55.178179,9269864,48.280542,0.378529,0.792218
2026-04-02T12:30:55.181267,9270457,48.283630,0.406722,0.774955
2026-04-02T12:30:55.191267,9272377,48.293630,0.396138,0.767624
2026-04-02T12:30:55.173023,9272970,48.296719,0.388474,0.805698
2026-04-02T12:30:55.183023,9274890,48.306719,0.398733,0.781827
2026-04-02T12:30:55.186111,9275483,48.309807,0.421088,0.776715
2026-04-02T12:30:55.196111,9277403,48.319807,0.393386,0.771434
2026-04-02T12:30:55.220532,9277996,48.322896,0.375306,0.824531
2026-04-02T12:30:55.230532,9279916,48.332896,0.424144,0.804982
2026-04-02T12:30:55.233621,9280509,48.335984,0.441286,0.758056
2026-04-02T12:30:55.243621,9282429,48.345984,0.418718,0.838862
2026-04-02T12:30:55.225376,9283022,48.349073,0.416759,0.803300
2026-04-02T12:30:55.235376,9284942,48.359073,0.389174,0.821860
2026-04-02T12:30:55.238465,9285535,48.362161,0.382259,0.799627
2026-04-02T12:30:55.248465,9287455,48.372161,0.375131,0.802839
2026-04-02T12:30:55.272886,9288048,48.375250,0.403599,0.763565
2026-04-02T12:30:55.282886,9289968,48.385250,0.447799,0.759220
2026-04-02T12:30:55.285974,9290561,48.388339,0.357358,0.787881
2026-04-02T12:30:55.295974,9292481,48.398339,0.347785,0.811938
2026-04-02T12:30:55.277729,9293074,48.401427,0.385494,0.805766
2026-04-02T12:30:55.287729,9294994,48.411427,0.431690,0.815152
2026-04-02T12:30:55.290818,9295587,48.414516,0.366910,0.777238
2026-04-02T12:30:55.300818,9297507,48.424516,0.417406,0.784537
2026-04-02T12:30:55.325239,9298100,48.427604,0.416589,0.800415
2026-04-02T12:30:55.335239,9300020,48.437604,0.403044,0.806948
2026-04-02T12:30:55.338328,9300613,48.440693,0.389015,0.771440
2026-04-02T12:30:55.348328,9302533,48.450693,0.403105,0.811734
2026-04-02T12:30:55.330083,9303126,48.453781,0.402301,0.800082
2026-04-02T12:30:55.340083,9305046,48.463781,0.352408,0.800669
2026-04-02T12:30:55.343171,9305639,48.466870,0.375246,0.797122
2026-04-02T12:30:55.353171,9307559,48.476870,0.383552,0.821967
2026-04-02T12:30:55.377592,9308152,48.479958,0.378050,0.781125
2026-04-02T12:30:55.387592,9310072,48.489958,0.406517,0.816370
2026-04-02T12:30:55.390681,9310665,48.493047,0.385826,0.824349
2026-04-02T12:30:55.400681,9312585,48.503047,0.383269,0.847397
2026-04-02T12:30:55.382436,9313178,48.506135,0.358587,0.789438
2026-04-02T12:30:55.392436,9315098,48.516135,0.385169,0.776929
2026-04-02T12:30:55.395525,9315691,48.519224,0.402166,0.776883
2026-04-02T12:30:55.405525,9317611,48.529224,0.387089,0.792561
2026-04-02T12:30:55.429946,9318204,48.532313,0.379612,0.765003
2026-04-02T12:30:55.439946,9320124,48.542313,0.414066,0.788374
2026-04-02T12:30:55.443034,9320717,48.545401,0.425902,0.814250
2026-04-02T12:30:55.453034,9322637,48.555401,0.410066,0.809214
2026-04-02T12:30:55.434790,9323230,48.558490,0.409534,0.827090
2026-04-02T12:30:55.444790,9325150,48.568490,0.363730,0.729080
2026-04-02T12:30:55.447878,9325743,48.571578,0.412191,0.773193
2026-04-02T12:30:55.457878,9327663,48.581578,0.403357,0.805672
2026-04-02T12:30:55.482299,9328256,48.584667,0.376862,0.772627
2026-04-02T12:30:55.492299,9330176,48.594667,0.407834,0.843201
2026-04-02T12:30:55.495388,9330769,48.597755,0.400635,0.844844
2026-04-02T12:30:55.505388,9332689,48.607755,0.394690,0.786548
2026-04-02T12:30:55.487143,9333282,48.610844,0.421773,0.868781
2026-04-02T12:30:55.497143,9335202,48.620844,0.397966,0.783869
2026-04-02T12:30:55.500232,9335795,48.623932,0.353506,0.808401
2026-04-02T12:30:55.510232,9337715,48.633932,0.440507,0.806303
2026-04-02T12:30:55.534653,9338308,48.637021,0.385535,0.748600
2026-04-02T12:30:55.544653,9340228,48.647021,0.406964,0.763674
2026-04-02T12:30:55.547741,9340821,48.650109,0.417087,0.835111
2026-04-02T12:30:55.557741,9342741,48.660109,0.386145,0.808079
2026-04-02T12:30:55.539497,9343334,48.663198,0.380260,0.821402
2026-04-02T12:30:55.549497,9345254,48.673198,0.381278,0.770332
2026-04-02T12:30:55.552585,9345847,48.676286,0.374023,0.815491
2026-04-02T12:30:55.562585,9347767,48.686286,0.402975,0.782527
2026-04-02T12:30:55.587006,9348360,48.689375,0.404050,0.811216
2026-04-02T12:30:55.597006,9350280,48.699375,0.402944,0.774753
2026-04-02T12:30:55.600095,9350873,48.702464,0.400988,0.794065
2026-04-02T12:30:55.610095,9352793,48.712464,0.407590,0.790288
2026-04-02T12:30:55.591850,9353386,48.715552,0.430647,0.815828
2026-04-02T12:30:55.601850,9355306,48.725552,0.402450,0.743519
2026-04-02T12:30:55.604939,9355899,48.728641,0.405271,0.803865
2026-04-02T12:30:55.614939,9357819,48.738641,0.391680,0.831018
2026-04-02T12:30:55.639360,9358412,48.741729,0.385137,0.771422
2026-04-02T12:30:55.649360,9360332,48.751729,0.387050,0.794024
2026-04-02T12:30:55.652448,9360925,48.754818,0.392079,0.811830
2026-04-02T12:30:55.662448,9362845,48.764818,0.395116,0.844950
2026-04-02T12:30:55.644204,9363438,48.767906,0.381106,0.775734
2026-04-02T12:30:55.654204,9365358,48.777906,0.409296,0.804869
2026-04-02T12:30:55.657292,9365951,48.780995,0.406698,0.810599
2026-04-02T12:30:55.667292,9367871,48.790995,0.421562,0.771024
2026-04-02T12:30:55.691706,9368464,48.794083,0.386211,0.817682
2026-04-02T12:30:55.701706,9370384,48.804083,0.410147,0.805678
2026-04-02T12:30:55.704795,9370977,48.807172,0.410277,0.757648
2026-04-02T12:30:55.714795,9372897,48.817172,0.393488,0.791101
2026-04-02T12:30:55.696550,9373490,48.820260,0.387064,0.798205
2026-04-02T12:30:55.706550,9375410,48.830260,0.389979,0.817770
2026-04-02T12:30:55.709638,9376003,48.833349,0.427717,0.796366
2026-04-02T12:30:55.719638,9377923,48.843349,0.375830,0.823147
2026-04-02T12:30:55.744060,9378516,48.846438,0.428891,0.777460
2026-04-02T12:30:55.754060,9380436,48.856437,0.382939,0.821036
2026-04-02T12:30:55.757148,9381029,48.859526,0.382630,0.802606
2026-04-02T12:30:55.767148,9382949,48.869526,0.392243,0.788711
2026-04-02T12:30:55.748903,9383542,48.872615,0.367543,0.847453
2026-04-02T12:30:55.758903,9385462,48.882615,0.398450,0.851635
2026-04-02T12:30:55.761992,9386055,48.885703,0.380996,0.824929
2026-04-02T12:30:55.771992,9387975,48.895703,0.392116,0.744691
2026-04-02T12:30:55.796413,9388568,48.898792,0.457817,0.820567
2026-04-02T12:30:55.806413,9390488,48.908792,0.425948,0.793748
2026-04-02T12:30:55.809501,9391081,48.911880,0.382453,0.807512
2026-04-02T12:30:55.819501,9393001,48.921880,0.403093,0.813357
2026-04-02T12:30:55.801257,9393594,48.924969,0.378755,0.798109
2026-04-02T12:30:55.811257,9395514,48.934969,0.444230,0.803078
2026-04-02T12:30:55.814345,9396107,48.938057,0.373992,0.843562
2026-04-02T12:30:55.824345,9398027,48.948057,0.398578,0.807715
2026-04-02T12:30:55.848766,9398620,48.951146,0.390258,0.801632
2026-04-02T12:30:55.858766,9400540,48.961146,0.422813,0.778972
2026-04-02T12:30:55.861855,9401133,48.964234,0.404056,0.798943
2026-04-02T12:30:55.871855,9403053,48.974234,0.410987,0.827423
2026-04-02T12:30:55.853610,9403646,48.977323,0.399955,0.784424
2026-04-02T12:30:55.863610,9405566,48.987323,0.394577,0.781146
2026-04-02T12:30:55.866699,9406159,48.990411,0.409451,0.797178
2026-04-02T12:30:55.876699,9408079,49.000411,0.401835,0.788190
2026-04-02T12:30:55.901120,9408672,49.003500,0.418360,0.798881
2026-04-02T12:30:55.911120,9410592,49.013500,0.432988,0.829678
2026-04-02T12:30:55.914208,9411185,49.016589,0.411062,0.748483
2026-04-02T12:30:55.924208,9413105,49.026589,0.374429,0.789121
2026-04-02T12:30:55.905963,9413698,49.029677,0.420543,0.799412
2026-04-02T12:30:55.915963,9415618,49.039677,0.381701,0.830307
2026-04-02T12:30:55.919052,9416211,49.042766,0.380958,0.800294
2026-04-02T12:30:55.929052,9418131,49.052766,0.400544,0.801796
2026-04-02T12:30:55.953473,9418724,49.055854,0.385495,0.801154
2026-04-02T12:30:55.963473,9420644,49.065854,0.366869,0.769092
2026-04-02T12:30:55.966562,9421237,49.068943,0.392701,0.789396
2026-04-02T12:30:55.976562,9423157,49.078943,0.409573,0.791812
2026-04-02T12:30:55.958317,9423750,49.082031,0.430678,0.812761
2026-04-02T12:30:55.968317,9425670,49.092031,0.427358,0.826123
2026-04-02T12:30:55.971405,9426263,49.095120,0.375203,0.825349
2026-04-02T12:30:55.981405,9428183,49.105120,0.415853,0.806942
2026-04-02T12:30:56.005827,9428776,49.108208,0.404095,0.777754
2026-04-02T12:30:56.015827,9430696,49.118208,0.419661,0.846476
2026-04-02T12:30:56.018915,9431289,49.121297,0.387179,0.838813
2026-04-02T12:30:56.028915,9433209,49.131297,0.405120,0.753795
2026-04-02T12:30:56.010670,9433802,49.134385,0.396371,0.820002
2026-04-02T12:30:56.020670,9435722,49.144385,0.402778,0.773106
2026-04-02T12:30:56.023759,9436315,49.147474,0.345106,0.788291
2026-04-02T12:30:56.033759,9438235,49.157474,0.441035,0.760315
2026-04-02T12:30:56.058187,9438828,49.160562,0.404686,0.819410
2026-04-02T12:30:56.068187,9440748,49.170563,0.373996,0.792322
2026-04-02T12:30:56.071276,9441341,49.173651,0.379261,0.816236
2026-04-02T12:30:56.081276,9443261,49.183651,0.389194,0.771427
2026-04-02T12:30:56.063031,9443854,49.186740,0.399305,0.770772
2026-04-02T12:30:56.073031,9445774,49.196740,0.404025,0.787393
2026-04-02T12:30:56.076119,9446367,49.199828,0.396928,0.821338
2026-04-02T12:30:56.086119,9448287,49.209828,0.423542,0.849382
2026-04-02T12:30:56.110541,9448880,49.212917,0.398231,0.818933
2026-04-02T12:30:56.120541,9450800,49.222917,0.396096,0.759642
2026-04-02T12:30:56.123629,9451393,49.226005,0.378597,0.800164
2026-04-02T12:30:56.133629,9453313,49.236005,0.399716,0.790438
2026-04-02T12:30:56.115384,9453906,49.239094,0.433940,0.830098
2026-04-02T12:30:56.125384,9455826,49.249094,0.396155,0.802405
2026-04-02T12:30:56.128473,9456419,49.252182,0.424193,0.789784
2026-04-02T12:30:56.138473,9458339,49.262182,0.393122,0.839111
2026-04-02T12:30:56.162894,9458932,49.265271,0.409924,0.810227
2026-04-02T12:30:56.172894,9460852,49.275271,0.416489,0.828915
2026-04-02T12:30:56.175983,9461445,49.278359,0.384422,0.795351
2026-04-02T12:30:56.185983,9463365,49.288359,0.414762,0.798547
2026-04-02T12:30:56.167738,9463958,49.291448,0.400091,0.760293
2026-04-02T12:30:56.177738,9465878,49.301448,0.385568,0.779145
2026-04-02T12:30:56.180826,9466471,49.304536,0.432574,0.800329
2026-04-02T12:30:56.190826,9468391,49.314536,0.421416,0.805784
2026-04-02T12:30:56.215248,9468984,49.317625,0.423875,0.807303
2026-04-02T12:30:56.225248,9470904,49.327625,0.408083,0.819632
2026-04-02T12:30:56.228336,9471497,49.330714,0.382181,0.793860
2026-04-02T12:30:56.238336,9473417,49.340714,0.395004,0.758958
2026-04-02T12:30:56.220091,9474010,49.343802,0.405122,0.820998
2026-04-02T12:30:56.230091,9475930,49.353802,0.427341,0.798408
2026-04-02T12:30:56.233180,9476523,49.356891,0.431305,0.812980
2026-04-02T12:30:56.243180,9478443,49.366891,0.393469,0.792351
2026-04-02T12:30:56.267601,9479036,49.369979,0.383063,0.835585
2026-04-02T12:30:56.277601,9480956,49.379979,0.406442,0.830136
2026-04-02T12:30:56.280690,9481549,49.383068,0.436634,0.835575
2026-04-02T12:30:56.290690,9483469,49.393068,0.402067,0.770133
2026-04-02T12:30:56.272445,9484062,49.396156,0.405534,0.761430
2026-04-02T12:30:56.282445,9485982,49.406156,0.410523,0.754235
2026-04-02T12:30:56.285533,9486575,49.409245,0.366568,0.805607
2026-04-02T12:30:56.295533,9488495,49.419245,0.388961,0.815384
2026-04-02T12:30:56.319954,9489088,49.422333,0.409774,0.785071
2026-04-02T12:30:56.329954,9491008,49.432333,0.427132,0.800072
2026-04-02T12:30:56.333043,9491601,49.435422,0.400007,0.794990
2026-04-02T12:30:56.343043,9493521,49.445422,0.426659,0.794201
2026-04-02T12:30:56.324798,9494114,49.448510,0.381152,0.811657
2026-04-02T12:30:56.334798,9496034,49.458510,0.370845,0.823056
2026-04-02T12:30:56.337887,9496627,49.461599,0.386911,0.775444
2026-04-02T12:30:56.347887,9498547,49.471599,0.370411,0.802495
2026-04-02T12:30:56.372308,9499140,49.474688,0.419534,0.827678
2026-04-02T12:30:56.382308,9501060,49.484687,0.392814,0.811484
2026-04-02T12:30:56.385396,9501653,49.487776,0.460705,0.810335
2026-04-02T12:30:56.395396,9503573,49.497776,0.401476,0.809729
2026-04-02T12:30:56.377152,9504166,49.500865,0.430703,0.809823
2026-04-02T12:30:56.387152,9506086,49.510865,0.422546,0.847105
2026-04-02T12:30:56.390240,9506679,49.513953,0.428928,0.792235
2026-04-02T12:30:56.400240,9508599,49.523953,0.397335,0.788174
2026-04-02T12:30:56.424661,9509192,49.527042,0.400706,0.780573
2026-04-02T12:30:56.434661,9511112,49.537042,0.372510,0.793259
2026-04-02T12:30:56.437750,9511705,49.540130,0.389035,0.763226
2026-04-02T12:30:56.447750,9513625,49.550130,0.383738,0.826421
2026-04-02T12:30:56.429505,9514218,49.553219,0.445900,0.809466
2026-04-02T12:30:56.439505,9516138,49.563219,0.431828,0.794737
2026-04-02T12:30:56.442594,9516731,49.566307,0.369566,0.781292
2026-04-02T12:30:56.452594,9518651,49.576307,0.397992,0.807893
2026-04-02T12:30:56.477015,9519244,49.579396,0.401554,0.801644
2026-04-02T12:30:56.487015,9521164,49.589396,0.397223,0.771847
2026-04-02T12:30:56.490103,9521757,49.592484,0.390609,0.774413
2026-04-02T12:30:56.500103,9523677,49.602484,0.404196,0.803487
2026-04-02T12:30:56.481858,9524270,49.605573,0.385910,0.827720
2026-04-02T12:30:56.491858,9526190,49.615573,0.398537,0.839108
2026-04-02T12:30:56.494947,9526783,49.618661,0.396219,0.793394
2026-04-02T12:30:56.504947,9528703,49.628661,0.425505,0.755215
2026-04-02T12:30:56.529368,9529296,49.631750,0.402781,0.763112
2026-04-02T12:30:56.539368,9531216,49.641750,0.379942,0.801372
2026-04-02T12:30:56.542457,9531809,49.644839,0.431141,0.814357
2026-04-02T12:30:56.552457,9533729,49.654839,0.384634,0.770765
2026-04-02T12:30:56.534212,9534322,49.657927,0.364946,0.826847
2026-04-02T12:30:56.544212,9536242,49.667927,0.373036,0.835083
2026-04-02T12:30:56.547300,9536835,49.671016,0.373522,0.801817
2026-04-02T12:30:56.557300,9538755,49.681016,0.384764,0.780962
2026-04-02T12:30:56.581722,9539348,49.684104,0.361294,0.803963
2026-04-02T12:30:56.591722,9541268,49.694104,0.375309,0.772403
2026-04-02T12:30:56.594810,9541861,49.697193,0.386512,0.771341
2026-04-02T12:30:56.604810,9543781,49.707193,0.407043,0.763450
2026-04-02T12:30:56.586565,9544374,49.710281,0.438143,0.790433
2026-04-02T12:30:56.596565,9546294,49.720281,0.334921,0.780568
2026-04-02T12:30:56.599654,9546887,49.723370,0.419925,0.802641
2026-04-02T12:30:56.609654,9548807,49.733370,0.429660,0.789103
2026-04-02T12:30:56.634075,9549400,49.736458,0.403500,0.791131
2026-04-02T12:30:56.644075,9551320,49.746458,0.424944,0.810168
2026-04-02T12:30:56.647164,9551913,49.749547,0.379886,0.777154
2026-04-02T12:30:56.657164,9553833,49.759547,0.403960,0.780174
2026-04-02T12:30:56.638919,9554426,49.762635,0.403211,0.843405
2026-04-02T12:30:56.648919,9556346,49.772635,0.413455,0.779166
2026-04-02T12:30:56.652007,9556939,49.775724,0.398082,0.793782
2026-04-02T12:30:56.662007,9558859,49.785724,0.403514,0.820800
2026-04-02T12:30:56.686429,9559452,49.788812,0.403042,0.798192
2026-04-02T12:30:56.696429,9561372,49.798812,0.402449,0.774372
2026-04-02T12:30:56.699517,9561965,49.801901,0.388487,0.850494
2026-04-02T12:30:56.709517,9563885,49.811901,0.401683,0.787807
2026-04-02T12:30:56.691272,9564478,49.814990,0.407848,0.803822
2026-04-02T12:30:56.701272,9566398,49.824990,0.340903,0.792151
2026-04-02T12:30:56.704361,9566991,49.828078,0.451212,0.826312
2026-04-02T12:30:56.714361,9568911,49.838078,0.442574,0.778948
2026-04-02T12:30:56.738782,9569504,49.841167,0.401723,0.802443
2026-04-02T12:30:56.748782,9571424,49.851167,0.374760,0.873840
2026-04-02T12:30:56.751870,9572017,49.854255,0.409682,0.752514
2026-04-02T12:30:56.761870,9573937,49.864255,0.444376,0.828644
2026-04-02T12:30:56.743625,9574530,49.867344,0.423832,0.802810
2026-04-02T12:30:56.753625,9576450,49.877344,0.417572,0.780760
2026-04-02T12:30:56.756714,9577043,49.880432,0.410349,0.791246
2026-04-02T12:30:56.766714,9578963,49.890432,0.399177,0.800662
2026-04-02T12:30:56.791135,9579556,49.893521,0.373031,0.808353
2026-04-02T12:30:56.801135,9581476,49.903521,0.437469,0.778280
2026-04-02T12:30:56.804224,9582069,49.906609,0.428898,0.879805
2026-04-02T12:30:56.814224,9583989,49.916609,0.428673,0.829328
2026-04-02T12:30:56.795979,9584582,49.919698,0.392189,0.790574
2026-04-02T12:30:56.805979,9586502,49.929698,0.394571,0.781897
2026-04-02T12:30:56.809067,9587095,49.932786,0.400376,0.760798
2026-04-02T12:30:56.819067,9589015,49.942786,0.387002,0.799823
2026-04-02T12:30:56.843489,9589608,49.945875,0.441445,0.778093
2026-04-02T12:30:56.853489,9591528,49.955875,0.446186,0.850412
2026-04-02T12:30:56.856577,9592121,49.958964,0.424291,0.791062
2026-04-02T12:30:56.866577,9594041,49.968964,0.435277,0.773549
2026-04-02T12:30:56.848332,9594634,49.972052,0.430196,0.790298
2026-04-02T12:30:56.858332,9596554,49.982052,0.365129,0.779389
2026-04-02T12:30:56.861421,9597147,49.985141,0.413706,0.785462
2026-04-02T12:30:56.871421,9599067,49.995141,0.355430,0.810793
2026-04-02T12:30:56.895842,9599660,49.998229,0.457447,0.815388
2026-04-02T12:30:56.905842,9601580,50.008229,0.419665,0.791571
2026-04-02T12:30:56.908931,9602173,50.011318,0.371544,0.822461
2026-04-02T12:30:56.918931,9604093,50.021318,0.395339,0.758461
2026-04-02T12:30:56.900686,9604686,50.024406,0.369640,0.845720
2026-04-02T12:30:56.910686,9606606,50.034406,0.436348,0.759386
2026-04-02T12:30:56.913774,9607199,50.037495,0.420402,0.780066
2026-04-02T12:30:56.923774,9609119,50.047495,0.450363,0.837364
2026-04-02T12:30:56.948196,9609712,50.050583,0.370554,0.796793
2026-04-02T12:30:56.958196,9611632,50.060583,0.410753,0.829803
2026-04-02T12:30:56.961284,9612225,50.063672,0.392463,0.810151
2026-04-02T12:30:56.971284,9614145,50.073672,0.377370,0.783000
2026-04-02T12:30:56.953039,9614738,50.076760,0.377034,0.850505
2026-04-02T12:30:56.963039,9616658,50.086760,0.389766,0.781072
2026-04-02T12:30:56.966128,9617251,50.089849,0.389298,0.847643
2026-04-02T12:30:56.976128,9619171,50.099849,0.409773,0.788802
2026-04-02T12:30:57.000549,9619764,50.102938,0.425089,0.760664
2026-04-02T12:30:57.010549,9621684,50.112938,0.391446,0.809499
2026-04-02T12:30:57.013638,9622277,50.116026,0.419291,0.788484
2026-04-02T12:30:57.023638,9624197,50.126026,0.381904,0.839577
2026-04-02T12:30:57.005393,9624790,50.129115,0.342264,0.759792
2026-04-02T12:30:57.015393,9626710,50.139115,0.391555,0.848683
2026-04-02T12:30:57.018481,9627303,50.142203,0.381496,0.811228
2026-04-02T12:30:57.028481,9629223,50.152203,0.410421,0.821792
2026-04-02T12:30:57.052902,9629816,50.155292,0.412337,0.777411
2026-04-02T12:30:57.062902,9631736,50.165292,0.333452,0.787224
2026-04-02T12:30:57.065991,9632329,50.168380,0.419233,0.787919
2026-04-02T12:30:57.075991,9634249,50.178380,0.421275,0.783310
2026-04-02T12:30:57.057746,9634842,50.181469,0.431140,0.815030
2026-04-02T12:30:57.067746,9636762,50.191469,0.381623,0.815865
2026-04-02T12:30:57.070835,9637355,50.194557,0.366021,0.789579
2026-04-02T12:30:57.080835,9639275,50.204557,0.431400,0.789920
2026-04-02T12:30:57.105256,9639868,50.207646,0.394175,0.835290
2026-04-02T12:30:57.115256,9641788,50.217646,0.378288,0.798723
2026-04-02T12:30:57.118344,9642381,50.220734,0.394357,0.761584
2026-04-02T12:30:57.128344,9644301,50.230734,0.382214,0.742482
2026-04-02T12:30:57.110100,9644894,50.233823,0.388240,0.818767
2026-04-02T12:30:57.120100,9646814,50.243823,0.412900,0.770326
2026-04-02T12:30:57.123188,9647407,50.246911,0.418496,0.811099
2026-04-02T12:30:57.133188,9649327,50.256911,0.442332,0.778326
2026-04-02T12:30:57.157609,9649920,50.260000,0.332531,0.801364
2026-04-02T12:30:57.167609,9651840,50.270000,0.429966,0.828786
2026-04-02T12:30:57.170698,9652433,50.273089,0.347430,0.790854
2026-04-02T12:30:57.180698,9654353,50.283089,0.362253,0.817052
2026-04-02T12:30:57.162453,9654946,50.286177,0.387098,0.803592
2026-04-02T12:30:57.172453,9656866,50.296177,0.395375,0.799659
2026-04-02T12:30:57.175542,9657459,50.299266,0.392417,0.811201
2026-04-02T12:30:57.185542,9659379,50.309266,0.409878,0.773728
2026-04-02T12:30:57.209963,9659972,50.312354,0.385072,0.812155
2026-04-02T12:30:57.219963,9661892,50.322354,0.386252,0.830934
2026-04-02T12:30:57.223051,9662485,50.325443,0.399330,0.763872
2026-04-02T12:30:57.233051,9664405,50.335443,0.365524,0.806449
2026-04-02T12:30:57.214807,9664998,50.338531,0.433330,0.788969
2026-04-02T12:30:57.224807,9666918,50.348531,0.413165,0.810966
2026-04-02T12:30:57.227895,9667511,50.351620,0.395663,0.826915
2026-04-02T12:30:57.237895,9669431,50.361620,0.405849,0.801630
2026-04-02T12:30:57.262316,9670024,50.364708,0.424345,0.798395
2026-04-02T12:30:57.272316,9671944,50.374708,0.367466,0.772879
2026-04-02T12:30:57.275405,9672537,50.377797,0.368714,0.793306
2026-04-02T12:30:57.285405,9674457,50.387797,0.369604,0.786229
2026-04-02T12:30:57.267160,9675050,50.390885,0.429878,0.807092
2026-04-02T12:30:57.277160,9676970,50.400885,0.391596,0.779221
2026-04-02T12:30:57.280249,9677563,50.403974,0.398420,0.817123
2026-04-02T12:30:57.290249,9679483,50.413974,0.414339,0.805931
2026-04-02T12:30:57.314670,9680076,50.417063,0.336269,0.858051
2026-04-02T12:30:57.324670,9681996,50.427062,0.414748,0.819449
2026-04-02T12:30:57.327758,9682589,50.430151,0.389254,0.819779
2026-04-02T12:30:57.337758,9684509,50.440151,0.396341,0.754778
2026-04-02T12:30:57.319514,9685102,50.443240,0.356184,0.771112
2026-04-02T12:30:57.329514,9687022,50.453240,0.404342,0.845480
2026-04-02T12:30:57.332602,9687615,50.456328,0.367004,0.756187
2026-04-02T12:30:57.342602,9689535,50.466328,0.374063,0.792005
2026-04-02T12:30:57.367023,9690128,50.469417,0.433312,0.854422
2026-04-02T12:30:57.377023,9692048,50.479417,0.442859,0.766306
2026-04-02T12:30:57.380112,9692641,50.482505,0.447615,0.801599
2026-04-02T12:30:57.390112,9694561,50.492505,0.397575,0.795764
2026-04-02T12:30:57.371867,9695154,50.495594,0.391221,0.830151
2026-04-02T12:30:57.381867,9697074,50.505594,0.387117,0.807929
2026-04-02T12:30:57.384956,9697667,50.508682,0.393332,0.792267
2026-04-02T12:30:57.394956,9699587,50.518682,0.372411,0.762233
2026-04-02T12:30:57.419377,9700180,50.521771,0.395186,0.812496
2026-04-02T12:30:57.429377,9702100,50.531771,0.450219,0.790997
2026-04-02T12:30:57.432465,9702693,50.534859,0.439616,0.791013
2026-04-02T12:30:57.442465,9704613,50.544859,0.403817,0.773084
2026-04-02T12:30:57.424220,9705206,50.547948,0.416427,0.806576
2026-04-02T12:30:57.434220,9707126,50.557948,0.387675,0.765280
2026-04-02T12:30:57.437309,9707719,50.561036,0.393020,0.803834
2026-04-02T12:30:57.447309,9709639,50.571036,0.370505,0.807040
2026-04-02T12:30:57.471730,9710232,50.574125,0.422405,0.786269
2026-04-02T12:30:57.481730,9712152,50.584125,0.388114,0.782267
2026-04-02T12:30:57.484819,9712745,50.587214,0.375794,0.786050
2026-04-02T12:30:57.494819,9714665,50.597214,0.475272,0.805670
2026-04-02T12:30:57.476574,9715258,50.600302,0.396966,0.764818
2026-04-02T12:30:57.486574,9717178,50.610302,0.406754,0.781567
2026-04-02T12:30:57.489662,9717771,50.613391,0.428769,0.803047
2026-04-02T12:30:57.499662,9719691,50.623391,0.430841,0.801993
2026-04-02T12:30:57.524083,9720284,50.626479,0.407245,0.783741
2026-04-02T12:30:57.534083,9722204,50.636479,0.349446,0.850375
2026-04-02T12:30:57.537172,9722797,50.639568,0.343508,0.835247
2026-04-02T12:30:57.547172,9724717,50.649568,0.423520,0.806165
2026-04-02T12:30:57.528927,9725310,50.652656,0.422369,0.784143
2026-04-02T12:30:57.538927,9727230,50.662656,0.416914,0.846431
2026-04-02T12:30:57.542016,9727823,50.665745,0.392796,0.787274
2026-04-02T12:30:57.552016,9729743,50.675745,0.373413,0.844088
2026-04-02T12:30:57.576437,9730336,50.678833,0.405076,0.783595
2026-04-02T12:30:57.586437,9732256,50.688833,0.361938,0.778522
2026-04-02T12:30:57.589525,9732849,50.691922,0.355724,0.783840
2026-04-02T12:30:57.599525,9734769,50.701922,0.377871,0.748411
2026-04-02T12:30:57.581281,9735362,50.705010,0.395140,0.799637
2026-04-02T12:30:57.591281,9737282,50.715010,0.433924,0.790689
2026-04-02T12:30:57.594369,9737875,50.718099,0.383347,0.809258
2026-04-02T12:30:57.604369,9739795,50.728099,0.408544,0.799518
2026-04-02T12:30:57.628790,9740388,50.731187,0.372190,0.808698
2026-04-02T12:30:57.638790,9742308,50.741188,0.388191,0.794470
2026-04-02T12:30:57.641879,9742901,50.744276,0.352805,0.759416
2026-04-02T12:30:57.651879,9744821,50.754276,0.411870,0.782278
2026-04-02T12:30:57.633634,9745414,50.757365,0.399608,0.808825
2026-04-02T12:30:57.643634,9747334,50.767365,0.414248,0.806151
2026-04-02T12:30:57.646723,9747927,50.770453,0.405053,0.838777
2026-04-02T12:30:57.656723,9749847,50.780453,0.396191,0.864579
2026-04-02T12:30:57.681144,9750440,50.783542,0.361820,0.831091
2026-04-02T12:30:57.691144,9752360,50.793542,0.415938,0.820677
2026-04-02T12:30:57.694232,9752953,50.796630,0.398105,0.765239
2026-04-02T12:30:57.704232,9754873,50.806630,0.375182,0.798477
2026-04-02T12:30:57.685988,9755466,50.809719,0.395971,0.771389
2026-04-02T12:30:57.695988,9757386,50.819719,0.370544,0.818191
2026-04-02T12:30:57.699076,9757979,50.822807,0.411517,0.847504
2026-04-02T12:30:57.709076,9759899,50.832807,0.393372,0.816110
2026-04-02T12:30:57.733497,9760492,50.835896,0.350541,0.795525
2026-04-02T12:30:57.743497,9762412,50.845896,0.388001,0.742953
2026-04-02T12:30:57.746586,9763005,50.848984,0.414714,0.813213
2026-04-02T12:30:57.756586,9764925,50.858984,0.443298,0.780000
2026-04-02T12:30:57.738341,9765518,50.862073,0.411499,0.769323
2026-04-02T12:30:57.748341,9767438,50.872073,0.371409,0.812754
2026-04-02T12:30:57.751430,9768031,50.875161,0.353969,0.776627
2026-04-02T12:30:57.761430,9769951,50.885161,0.388163,0.821718
2026-04-02T12:30:57.785844,9770544,50.888250,0.410551,0.825808
2026-04-02T12:30:57.795844,9772464,50.898250,0.382812,0.803529
2026-04-02T12:30:57.798932,9773057,50.901339,0.424343,0.845258
2026-04-02T12:30:57.808932,9774977,50.911339,0.453311,0.753822
2026-04-02T12:30:57.790687,9775570,50.914427,0.408739,0.805980
2026-04-02T12:30:57.800687,9777490,50.924427,0.412449,0.795451
2026-04-02T12:30:57.803776,9778083,50.927516,0.437051,0.767400
2026-04-02T12:30:57.813776,9780003,50.937516,0.375863,0.799407
2026-04-02T12:30:57.838197,9780596,50.940604,0.414970,0.823931
2026-04-02T12:30:57.848197,9782516,50.950604,0.388775,0.787948
2026-04-02T12:30:57.851286,9783109,50.953693,0.390836,0.798600
2026-04-02T12:30:57.861286,9785029,50.963693,0.381594,0.838059
2026-04-02T12:30:57.843041,9785622,50.966781,0.353796,0.786809
2026-04-02T12:30:57.853041,9787542,50.976781,0.362472,0.810546
2026-04-02T12:30:57.856129,9788135,50.979870,0.388891,0.800268
2026-04-02T12:30:57.866129,9790055,50.989870,0.393224,0.801686
2026-04-02T12:30:57.890550,9790648,50.992958,0.419917,0.770551
2026-04-02T12:30:57.900550,9792568,51.002958,0.398365,0.774709
2026-04-02T12:30:57.903639,9793161,51.006047,0.402153,0.783379
2026-04-02T12:30:57.913639,9795081,51.016047,0.447148,0.796661
2026-04-02T12:30:57.895394,9795674,51.019135,0.415973,0.812096
2026-04-02T12:30:57.905394,9797594,51.029135,0.387446,0.840446
2026-04-02T12:30:57.908483,9798187,51.032224,0.400599,0.817120
2026-04-02T12:30:57.918483,9800107,51.042224,0.423974,0.790123
2026-04-02T12:30:57.942904,9800700,51.045313,0.392496,0.840084
2026-04-02T12:30:57.952904,9802620,51.055312,0.391133,0.803599
2026-04-02T12:30:57.955992,9803213,51.058401,0.383325,0.791415
2026-04-02T12:30:57.965992,9805133,51.068401,0.350787,0.849413
2026-04-02T12:30:57.947748,9805726,51.071490,0.391274,0.806305
2026-04-02T12:30:57.957748,9807646,51.081490,0.409686,0.779979
2026-04-02T12:30:57.960836,9808239,51.084578,0.401035,0.846114
2026-04-02T12:30:57.970836,9810159,51.094578,0.412440,0.798561
2026-04-02T12:30:57.995257,9810752,51.097667,0.414878,0.731234
2026-04-02T12:30:58.005257,9812672,51.107667,0.378014,0.823399
2026-04-02T12:30:58.008346,9813265,51.110755,0.423589,0.757127
2026-04-02T12:30:58.018346,9815185,51.120755,0.403546,0.797525
2026-04-02T12:30:58.000101,9815778,51.123844,0.426822,0.807122
2026-04-02T12:30:58.010101,9817698,51.133844,0.419580,0.794334
2026-04-02T12:30:58.013190,9818291,51.136932,0.432081,0.751322
2026-04-02T12:30:58.023190,9820211,51.146932,0.374078,0.811763
2026-04-02T12:30:58.047611,9820804,51.150021,0.380222,0.836727
2026-04-02T12:30:58.057611,9822724,51.160021,0.417114,0.741635
2026-04-02T12:30:58.060699,9823317,51.163109,0.368929,0.805533
2026-04-02T12:30:58.070699,9825237,51.173109,0.388172,0.800153
2026-04-02T12:30:58.052454,9825830,51.176198,0.396148,0.805678
2026-04-02T12:30:58.062454,9827750,51.186198,0.379086,0.772065
2026-04-02T12:30:58.065543,9828343,51.189286,0.374285,0.772465
2026-04-02T12:30:58.075543,9830263,51.199286,0.427231,0.768423
2026-04-02T12:30:58.099964,9830856,51.202375,0.387689,0.815458
2026-04-02T12:30:58.109964,9832776,51.212375,0.384573,0.789171
2026-04-02T12:30:58.113053,9833369,51.215464,0.398517,0.814596
2026-04-02T12:30:58.123053,9835289,51.225464,0.424690,0.826360
2026-04-02T12:30:58.104808,9835882,51.228552,0.392259,0.795143
2026-04-02T12:30:58.114808,9837802,51.238552,0.387718,0.800561
2026-04-02T12:30:58.117896,9838395,51.241641,0.353288,0.825257
2026-04-02T12:30:58.127896,9840315,51.251641,0.392205,0.795711
2026-04-02T12:30:58.152325,9840908,51.254729,0.430243,0.743470
2026-04-02T12:30:58.162325,9842828,51.264729,0.375547,0.808678
2026-04-02T12:30:58.165413,9843421,51.267818,0.392087,0.775700
2026-04-02T12:30:58.175413,9845341,51.277818,0.421552,0.814354
2026-04-02T12:30:58.157168,9845934,51.280906,0.423364,0.800005
2026-04-02T12:30:58.167168,9847854,51.290906,0.414939,0.774393
2026-04-02T12:30:58.170257,9848447,51.293995,0.375942,0.790719
2026-04-02T12:30:58.180257,9850367,51.303995,0.395132,0.806334
2026-04-02T12:30:58.204678,9850960,51.307083,0.389116,0.809126
2026-04-02T12:30:58.214678,9852880,51.317083,0.408972,0.816587
2026-04-02T12:30:58.217767,9853473,51.320172,0.375097,0.778278
2026-04-02T12:30:58.227767,9855393,51.330172,0.418893,0.844553
2026-04-02T12:30:58.209522,9855986,51.333260,0.439418,0.823578
2026-04-02T12:30:58.219522,9857906,51.343260,0.356115,0.766696
2026-04-02T12:30:58.222610,9858499,51.346349,0.408904,0.778610
2026-04-02T12:30:58.232610,9860419,51.356349,0.432405,0.836333
2026-04-02T12:30:58.257032,9861012,51.359437,0.421997,0.795437
2026-04-02T12:30:58.267032,9862932,51.369437,0.418177,0.849132
2026-04-02T12:30:58.270120,9863525,51.372526,0.336682,0.809131
2026-04-02T12:30:58.280120,9865445,51.382526,0.347119,0.776402
2026-04-02T12:30:58.261875,9866038,51.385615,0.434228,0.781851
2026-04-02T12:30:58.271875,9867958,51.395615,0.376685,0.779362
2026-04-02T12:30:58.274964,9868551,51.398703,0.410363,0.793399
2026-04-02T12:30:58.284964,9870471,51.408703,0.412438,0.823718
2026-04-02T12:30:58.309385,9871064,51.411792,0.420244,0.799227
2026-04-02T12:30:58.319385,9872984,51.421792,0.423944,0.811934
2026-04-02T12:30:58.322474,9873577,51.424880,0.334108,0.816143
2026-04-02T12:30:58.332474,9875497,51.434880,0.366288,0.766375
2026-04-02T12:30:58.314229,9876090,51.437969,0.418967,0.802510
2026-04-02T12:30:58.324229,9878010,51.447969,0.373536,0.814399
2026-04-02T12:30:58.327317,9878603,51.451057,0.399947,0.765077
2026-04-02T12:30:58.337317,9880523,51.461057,0.409418,0.817441
2026-04-02T12:30:58.361739,9881116,51.464146,0.395821,0.811685
2026-04-02T12:30:58.371739,9883036,51.474146,0.436861,0.780224
2026-04-02T12:30:58.374827,9883629,51.477234,0.396901,0.798701
2026-04-02T12:30:58.384827,9885549,51.487234,0.398774,0.803581
2026-04-02T12:30:58.366582,9886142,51.490323,0.411494,0.827353
2026-04-02T12:30:58.376582,9888062,51.500323,0.388537,0.754281
2026-04-02T12:30:58.379671,9888655,51.503411,0.390947,0.798316
2026-04-02T12:30:58.389671,9890575,51.513411,0.375570,0.807132
2026-04-02T12:30:58.414092,9891168,51.516500,0.418758,0.807810
2026-04-02T12:30:58.424092,9893088,51.526500,0.399560,0.819973
2026-04-02T12:30:58.427181,9893681,51.529589,0.384307,0.830178
2026-04-02T12:30:58.437181,9895601,51.539589,0.385253,0.805081
2026-04-02T12:30:58.418936,9896194,51.542677,0.431119,0.794201
2026-04-02T12:30:58.428936,9898114,51.552677,0.370320,0.798741
2026-04-02T12:30:58.432024,9898707,51.555766,0.376454,0.777012
2026-04-02T12:30:58.442024,9900627,51.565766,0.396300,0.799358
2026-04-02T12:30:58.466445,9901220,51.568854,0.390267,0.781286
2026-04-02T12:30:58.476445,9903140,51.578854,0.430909,0.760153
2026-04-02T12:30:58.479534,9903733,51.581943,0.416276,0.779616
2026-04-02T12:30:58.489534,9905653,51.591943,0.400142,0.815992
2026-04-02T12:30:58.471289,9906246,51.595031,0.442127,0.789713
2026-04-02T12:30:58.481289,9908166,51.605031,0.392077,0.855822
2026-04-02T12:30:58.484378,9908759,51.608120,0.374294,0.778420
2026-04-02T12:30:58.494378,9910679,51.618120,0.364410,0.804535
2026-04-02T12:30:58.518799,9911272,51.621208,0.400916,0.844547
2026-04-02T12:30:58.528799,9913192,51.631208,0.399622,0.814477
2026-04-02T12:30:58.531887,9913785,51.634297,0.383026,0.747783
2026-04-02T12:30:58.541887,9915705,51.644297,0.419082,0.835124
2026-04-02T12:30:58.523642,9916298,51.647385,0.399854,0.825457
2026-04-02T12:30:58.533642,9918218,51.657385,0.394346,0.805343
2026-04-02T12:30:58.536731,9918811,51.660474,0.392016,0.822573
2026-04-02T12:30:58.546731,9920731,51.670474,0.397518,0.798553
2026-04-02T12:30:58.571152,9921324,51.673563,0.370351,0.820644
2026-04-02T12:30:58.581152,9923244,51.683563,0.397178,0.782098
2026-04-02T12:30:58.584241,9923837,51.686651,0.397949,0.789636
2026-04-02T12:30:58.594241,9925757,51.696651,0.439601,0.812323
2026-04-02T12:30:58.575996,9926350,51.699740,0.382795,0.789672
2026-04-02T12:30:58.585996,9928270,51.709740,0.387350,0.824593
2026-04-02T12:30:58.589084,9928863,51.712828,0.390326,0.799371
2026-04-02T12:30:58.599084,9930783,51.722828,0.374892,0.812845
2026-04-02T12:30:58.623506,9931376,51.725917,0.406240,0.820653
2026-04-02T12:30:58.633506,9933296,51.735917,0.385120,0.813081
2026-04-02T12:30:58.636594,9933889,51.739005,0.414162,0.763307
2026-04-02T12:30:58.646594,9935809,51.749005,0.389433,0.795633
2026-04-02T12:30:58.628349,9936402,51.752094,0.370223,0.808638
2026-04-02T12:30:58.638349,9938322,51.762094,0.428690,0.810209
2026-04-02T12:30:58.641438,9938915,51.765182,0.397540,0.799672
2026-04-02T12:30:58.651438,9940835,51.775182,0.414622,0.816208
2026-04-02T12:30:58.675859,9941428,51.778271,0.391278,0.792154
2026-04-02T12:30:58.685859,9943348,51.788271,0.395471,0.787924
2026-04-02T12:30:58.688948,9943941,51.791359,0.396233,0.769080
2026-04-02T12:30:58.698948,9945861,51.801359,0.450531,0.792293
2026-04-02T12:30:58.680703,9946454,51.804448,0.405338,0.798485
2026-04-02T12:30:58.690703,9948374,51.814448,0.423234,0.839587
2026-04-02T12:30:58.693791,9948967,51.817536,0.392384,0.803271
2026-04-02T12:30:58.703791,9950887,51.827536,0.366805,0.834124
2026-04-02T12:30:58.728213,9951480,51.830625,0.411913,0.792219
2026-04-02T12:30:58.738213,9953400,51.840625,0.403449,0.760399
2026-04-02T12:30:58.741301,9953993,51.843714,0.363281,0.751590
2026-04-02T12:30:58.751301,9955913,51.853714,0.414834,0.774968
2026-04-02T12:30:58.733056,9956506,51.856802,0.421599,0.782375
2026-04-02T12:30:58.743056,9958426,51.866802,0.380521,0.769379
2026-04-02T12:30:58.746145,9959019,51.869891,0.413787,0.843312
2026-04-02T12:30:58.756145,9960939,51.879891,0.412440,0.852109
2026-04-02T12:30:58.780566,9961532,51.882979,0.398886,0.790370
2026-04-02T12:30:58.790566,9963452,51.892979,0.392666,0.806087
2026-04-02T12:30:58.793655,9964045,51.896068,0.355293,0.803193
2026-04-02T12:30:58.803655,9965965,51.906068,0.361036,0.842944
2026-04-02T12:30:58.785410,9966558,51.909156,0.406919,0.785771
2026-04-02T12:30:58.795410,9968478,51.919156,0.371344,0.783469
2026-04-02T12:30:58.798498,9969071,51.922245,0.386346,0.820117
2026-04-02T12:30:58.808498,9970991,51.932245,0.393489,0.819532
2026-04-02T12:30:58.832919,9971584,51.935333,0.384009,0.754951
2026-04-02T12:30:58.842919,9973504,51.945333,0.379652,0.769263
2026-04-02T12:30:58.846008,9974097,51.948422,0.452351,0.798806
2026-04-02T12:30:58.856008,9976017,51.958422,0.416447,0.794660
2026-04-02T12:30:58.837763,9976610,51.961510,0.371619,0.797790
2026-04-02T12:30:58.847763,9978530,51.971510,0.384140,0.826480
2026-04-02T12:30:58.850852,9979123,51.974599,0.384954,0.776224
2026-04-02T12:30:58.860852,9981043,51.984599,0.333574,0.794910
2026-04-02T12:30:58.885273,9981636,51.987687,0.436483,0.823584
2026-04-02T12:30:58.895273,9983556,51.997687,0.443719,0.776988
2026-04-02T12:30:58.898361,9984149,52.000776,0.366613,0.729464
2026-04-02T12:30:58.908361,9986069,52.010776,0.422042,0.795826
2026-04-02T12:30:58.890117,9986662,52.013865,0.374016,0.854764
2026-04-02T12:30:58.900117,9988582,52.023865,0.430255,0.870891
2026-04-02T12:30:58.903205,9989175,52.026953,0.472862,0.786326
2026-04-02T12:30:58.913205,9991095,52.036953,0.414033,0.777806
2026-04-02T12:30:58.937626,9991688,52.040042,0.430932,0.837795
2026-04-02T12:30:58.947626,9993608,52.050042,0.420663,0.784939
2026-04-02T12:30:58.950715,9994201,52.053130,0.356239,0.799364
2026-04-02T12:30:58.960715,9996121,52.063130,0.420368,0.795647
2026-04-02T12:30:58.942470,9996714,52.066219,0.401376,0.835085
2026-04-02T12:30:58.952470,9998634,52.076219,0.412598,0.810580
2026-04-02T12:30:58.955559,9999227,52.079307,0.393479,0.775300
2026-04-02T12:30:58.965559,10001147,52.089307,0.398002,0.794499
2026-04-02T12:30:58.989980,10001740,52.092396,0.393292,0.772341
2026-04-02T12:30:58.999980,10003660,52.102396,0.419493,0.801683
2026-04-02T12:30:59.003068,10004253,52.105484,0.397712,0.777676
2026-04-02T12:30:59.013068,10006173,52.115484,0.392850,0.793217
2026-04-02T12:30:58.994823,10006766,52.118573,0.375901,0.792267
2026-04-02T12:30:59.004823,10008686,52.128573,0.401958,0.778760
2026-04-02T12:30:59.007912,10009279,52.131661,0.386460,0.775737
2026-04-02T12:30:59.017912,10011199,52.141661,0.449766,0.806602
2026-04-02T12:30:59.042333,10011792,52.144750,0.347095,0.848603
2026-04-02T12:30:59.052333,10013712,52.154750,0.414196,0.761084
2026-04-02T12:30:59.055422,10014305,52.157839,0.414838,0.786045
2026-04-02T12:30:59.065422,10016225,52.167839,0.361606,0.783178
2026-04-02T12:30:59.047177,10016818,52.170927,0.386450,0.770442
2026-04-02T12:30:59.057177,10018738,52.180927,0.407961,0.809009
2026-04-02T12:30:59.060265,10019331,52.184016,0.355999,0.818997
2026-04-02T12:30:59.070265,10021251,52.194016,0.419083,0.772277
2026-04-02T12:30:59.094687,10021844,52.197104,0.443392,0.806698
2026-04-02T12:30:59.104687,10023764,52.207104,0.390303,0.814939
2026-04-02T12:30:59.107775,10024357,52.210193,0.377124,0.798276
2026-04-02T12:30:59.117775,10026277,52.220193,0.359794,0.808132
2026-04-02T12:30:59.099530,10026870,52.223281,0.426827,0.785500
2026-04-02T12:30:59.109530,10028790,52.233281,0.400567,0.803233
2026-04-02T12:30:59.112619,10029383,52.236370,0.432744,0.792346
2026-04-02T12:30:59.122619,10031303,52.246370,0.373959,0.730024
2026-04-02T12:30:59.147040,10031896,52.249458,0.366642,0.772812
2026-04-02T12:30:59.157040,10033816,52.259458,0.361332,0.755589
2026-04-02T12:30:59.160129,10034409,52.262547,0.401828,0.816933
2026-04-02T12:30:59.170129,10036329,52.272547,0.413579,0.782519
2026-04-02T12:30:59.151884,10036922,52.275635,0.378273,0.827317
2026-04-02T12:30:59.161884,10038842,52.285635,0.334777,0.778218
2026-04-02T12:30:59.164972,10039435,52.288724,0.402937,0.829992
2026-04-02T12:30:59.174972,10041355,52.298724,0.375053,0.824953
2026-04-02T12:30:59.199394,10041948,52.301812,0.435298,0.797288
2026-04-02T12:30:59.209394,10043868,52.311813,0.378913,0.734453
2026-04-02T12:30:59.212482,10044461,52.314901,0.427819,0.793750
2026-04-02T12:30:59.222482,10046381,52.324901,0.373742,0.795995
2026-04-02T12:30:59.204237,10046974,52.327990,0.399951,0.798675
2026-04-02T12:30:59.214237,10048894,52.337990,0.414136,0.803662
2026-04-02T12:30:59.217326,10049487,52.341078,0.416366,0.825317
2026-04-02T12:30:59.227326,10051407,52.351078,0.432079,0.798248
2026-04-02T12:30:59.251747,10052000,52.354167,0.422314,0.817645
2026-04-02T12:30:59.261747,10053920,52.364167,0.389969,0.834826
2026-04-02T12:30:59.264836,10054513,52.367255,0.406909,0.774284
2026-04-02T12:30:59.274836,10056433,52.377255,0.380960,0.832814
2026-04-02T12:30:59.256591,10057026,52.380344,0.353341,0.782886
2026-04-02T12:30:59.266591,10058946,52.390344,0.391394,0.794195
2026-04-02T12:30:59.269679,10059539,52.393432,0.439455,0.823133
2026-04-02T12:30:59.279679,10061459,52.403432,0.381889,0.860714
2026-04-02T12:30:59.304100,10062052,52.406521,0.399240,0.831066
2026-04-02T12:30:59.314100,10063972,52.416521,0.437454,0.832308
2026-04-02T12:30:59.317189,10064565,52.419609,0.420106,0.782256
2026-04-02T12:30:59.327189,10066485,52.429609,0.367163,0.786880
2026-04-02T12:30:59.308944,10067078,52.432698,0.422805,0.817633
2026-04-02T12:30:59.318944,10068998,52.442698,0.464527,0.804494
2026-04-02T12:30:59.322033,10069591,52.445786,0.416559,0.803448
2026-04-02T12:30:59.332033,10071511,52.455786,0.389355,0.782407
2026-04-02T12:30:59.356454,10072104,52.458875,0.384648,0.793600
2026-04-02T12:30:59.366454,10074024,52.468875,0.392504,0.841199
2026-04-02T12:30:59.369542,10074617,52.471964,0.383336,0.816185
2026-04-02T12:30:59.379542,10076537,52.481964,0.392936,0.813198
2026-04-02T12:30:59.361298,10077130,52.485052,0.390935,0.805375
2026-04-02T12:30:59.371298,10079050,52.495052,0.328586,0.812619
2026-04-02T12:30:59.374386,10079643,52.498141,0.396512,0.789868
2026-04-02T12:30:59.384386,10081563,52.508141,0.398111,0.817969
2026-04-02T12:30:59.408807,10082156,52.511229,0.394543,0.804161
2026-04-02T12:30:59.418807,10084076,52.521229,0.407682,0.802279
2026-04-02T12:30:59.421896,10084669,52.524318,0.418708,0.824532
2026-04-02T12:30:59.431896,10086589,52.534318,0.411694,0.716043
2026-04-02T12:30:59.413651,10087182,52.537406,0.410283,0.772723
2026-04-02T12:30:59.423651,10089102,52.547406,0.398612,0.789235
2026-04-02T12:30:59.426740,10089695,52.550495,0.371268,0.818892
2026-04-02T12:30:59.436740,10091615,52.560495,0.368073,0.823112
2026-04-02T12:30:59.461161,10092208,52.563583,0.375779,0.840541
2026-04-02T12:30:59.471161,10094128,52.573583,0.384975,0.770551
2026-04-02T12:30:59.474249,10094721,52.576672,0.403156,0.790019
2026-04-02T12:30:59.484249,10096641,52.586672,0.388390,0.775233
2026-04-02T12:30:59.466005,10097234,52.589760,0.363318,0.794385
2026-04-02T12:30:59.476005,10099154,52.599760,0.376049,0.827171
2026-04-02T12:30:59.479093,10099747,52.602849,0.386407,0.796025
2026-04-02T12:30:59.489093,10101667,52.612849,0.418733,0.848656
2026-04-02T12:30:59.513514,10102260,52.615938,0.358082,0.781260
2026-04-02T12:30:59.523514,10104180,52.625937,0.374906,0.836435
2026-04-02T12:30:59.526603,10104773,52.629026,0.384375,0.769753
2026-04-02T12:30:59.536603,10106693,52.639026,0.433306,0.818752
2026-04-02T12:30:59.518358,10107286,52.642115,0.399426,0.830751
2026-04-02T12:30:59.528358,10109206,52.652115,0.396829,0.760767
2026-04-02T12:30:59.531446,10109799,52.655203,0.428224,0.772349
2026-04-02T12:30:59.541446,10111719,52.665203,0.428312,0.781702
2026-04-02T12:30:59.565868,10112312,52.668292,0.424744,0.808529
2026-04-02T12:30:59.575868,10114232,52.678292,0.372446,0.783278
2026-04-02T12:30:59.578956,10114825,52.681380,0.407778,0.804583
2026-04-02T12:30:59.588956,10116745,52.691380,0.381486,0.770562
2026-04-02T12:30:59.570711,10117338,52.694469,0.400587,0.777025
2026-04-02T12:30:59.580711,10119258,52.704469,0.387309,0.779963
2026-04-02T12:30:59.583800,10119851,52.707557,0.407896,0.755333
2026-04-02T12:30:59.593800,10121771,52.717557,0.403653,0.815983
2026-04-02T12:30:59.618221,10122364,52.720646,0.391439,0.827259
2026-04-02T12:30:59.628221,10124284,52.730646,0.374267,0.772789
2026-04-02T12:30:59.631310,10124877,52.733734,0.396419,0.818746
2026-04-02T12:30:59.641310,10126797,52.743734,0.387035,0.850613
2026-04-02T12:30:59.623065,10127390,52.746823,0.385690,0.817043
2026-04-02T12:30:59.633065,10129310,52.756823,0.395163,0.768188
2026-04-02T12:30:59.636153,10129903,52.759911,0.366721,0.794745
2026-04-02T12:30:59.646153,10131823,52.769911,0.402312,0.837683
2026-04-02T12:30:59.670574,10132416,52.773000,0.383489,0.831352
2026-04-02T12:30:59.680574,10134336,52.783000,0.401364,0.784071
2026-04-02T12:30:59.683663,10134929,52.786089,0.409433,0.760354
2026-04-02T12:30:59.693663,10136849,52.796089,0.389054,0.793027
2026-04-02T12:30:59.675418,10137442,52.799177,0.370922,0.819699
2026-04-02T12:30:59.685418,10139362,52.809177,0.395489,0.819861
2026-04-02T12:30:59.688507,10139955,52.812266,0.429992,0.794867
2026-04-02T12:30:59.698507,10141875,52.822266,0.387147,0.788736
2026-04-02T12:30:59.722928,10142468,52.825354,0.391843,0.810369
2026-04-02T12:30:59.732928,10144388,52.835354,0.400846,0.762095
2026-04-02T12:30:59.736016,10144981,52.838443,0.364680,0.770133
2026-04-02T12:30:59.746016,10146901,52.848443,0.370851,0.806728
2026-04-02T12:30:59.727772,10147494,52.851531,0.416421,0.801849
2026-04-02T12:30:59.737772,10149414,52.861531,0.403501,0.789570
2026-04-02T12:30:59.740860,10150007,52.864620,0.396334,0.815762
2026-04-02T12:30:59.750860,10151927,52.874620,0.372697,0.786246
2026-04-02T12:30:59.775281,10152520,52.877708,0.375240,0.811324
2026-04-02T12:30:59.785281,10154440,52.887708,0.424054,0.842814
2026-04-02T12:30:59.788370,10155033,52.890797,0.429835,0.772948
2026-04-02T12:30:59.798370,10156953,52.900797,0.368545,0.794663
2026-04-02T12:30:59.780125,10157546,52.903885,0.372880,0.817737
2026-04-02T12:30:59.790125,10159466,52.913885,0.373383,0.832844
2026-04-02T12:30:59.793214,10160059,52.916974,0.392575,0.744194
2026-04-02T12:30:59.803214,10161979,52.926974,0.392636,0.734587
2026-04-02T12:30:59.827635,10162572,52.930062,0.447962,0.789380
2026-04-02T12:30:59.837635,10164492,52.940063,0.431714,0.767281
2026-04-02T12:30:59.840723,10165085,52.943151,0.365204,0.771493
2026-04-02T12:30:59.850723,10167005,52.953151,0.372657,0.845580
2026-04-02T12:30:59.832479,10167598,52.956240,0.388952,0.808799
2026-04-02T12:30:59.842479,10169518,52.966240,0.361105,0.760778
2026-04-02T12:30:59.845567,10170111,52.969328,0.399203,0.798995
2026-04-02T12:30:59.855567,10172031,52.979328,0.383079,0.786433
2026-04-02T12:30:59.879988,10172624,52.982417,0.383137,0.810435
2026-04-02T12:30:59.889988,10174544,52.992417,0.381167,0.800778
2026-04-02T12:30:59.893077,10175137,52.995505,0.368061,0.819468
2026-04-02T12:30:59.903077,10177057,53.005505,0.426128,0.775128
2026-04-02T12:30:59.884832,10177650,53.008594,0.418038,0.806280
2026-04-02T12:30:59.894832,10179570,53.018594,0.445040,0.787666
2026-04-02T12:30:59.897921,10180163,53.021682,0.376212,0.818109
2026-04-02T12:30:59.907921,10182083,53.031682,0.360745,0.765089
2026-04-02T12:30:59.932342,10182676,53.034771,0.405593,0.824164
2026-04-02T12:30:59.942342,10184596,53.044771,0.379832,0.801740
2026-04-02T12:30:59.945430,10185189,53.047859,0.345579,0.794358
2026-04-02T12:30:59.955430,10187109,53.057859,0.368356,0.823127
2026-04-02T12:30:59.937185,10187702,53.060948,0.384891,0.803890
2026-04-02T12:30:59.947185,10189622,53.070948,0.396075,0.800592
2026-04-02T12:30:59.950274,10190215,53.074036,0.426421,0.790409
2026-04-02T12:30:59.960274,10192135,53.084036,0.385044,0.815564
2026-04-02T12:30:59.984695,10192728,53.087125,0.371056,0.800278
2026-04-02T12:30:59.994695,10194648,53.097125,0.393547,0.813257
2026-04-02T12:30:59.997784,10195241,53.100214,0.432664,0.766277
2026-04-02T12:31:00.007784,10197161,53.110214,0.416478,0.738902
2026-04-02T12:30:59.989539,10197754,53.113302,0.378173,0.818144
2026-04-02T12:30:59.999539,10199674,53.123302,0.430282,0.846387
2026-04-02T12:31:00.002627,10200267,53.126391,0.406881,0.738575
2026-04-02T12:31:00.012627,10202187,53.136391,0.428649,0.797617
2026-04-02T12:31:00.037049,10202780,53.139479,0.400999,0.816158
2026-04-02T12:31:00.047049,10204700,53.149479,0.378348,0.800002
2026-04-02T12:31:00.050137,10205293,53.152568,0.404598,0.811307
2026-04-02T12:31:00.060137,10207213,53.162568,0.413288,0.858200
2026-04-02T12:31:00.041892,10207806,53.165656,0.437546,0.781624
2026-04-02T12:31:00.051892,10209726,53.175656,0.375346,0.810820
2026-04-02T12:31:00.054981,10210319,53.178745,0.359310,0.793691
2026-04-02T12:31:00.064981,10212239,53.188745,0.376815,0.829635
2026-04-02T12:31:00.089402,10212832,53.191833,0.421764,0.788824
2026-04-02T12:31:00.099402,10214752,53.201833,0.411716,0.794497
2026-04-02T12:31:00.102491,10215345,53.204922,0.422882,0.788446
2026-04-02T12:31:00.112491,10217265,53.214922,0.404726,0.808348
2026-04-02T12:31:00.094246,10217858,53.218010,0.412017,0.791821
2026-04-02T12:31:00.104246,10219778,53.228010,0.371364,0.824624
2026-04-02T12:31:00.107334,10220371,53.231099,0.416403,0.819953
2026-04-02T12:31:00.117334,10222291,53.241099,0.404426,0.808932
2026-04-02T12:31:00.141756,10222884,53.244188,0.417403,0.772737
2026-04-02T12:31:00.151756,10224804,53.254188,0.383746,0.757186
2026-04-02T12:31:00.154844,10225397,53.257276,0.424830,0.805629
2026-04-02T12:31:00.164844,10227317,53.267276,0.378856,0.808051
2026-04-02T12:31:00.146599,10227910,53.270365,0.394052,0.845592
2026-04-02T12:31:00.156599,10229830,53.280365,0.426861,0.774328
2026-04-02T12:31:00.159688,10230423,53.283453,0.417512,0.793295
2026-04-02T12:31:00.169688,10232343,53.293453,0.450063,0.795862
2026-04-02T12:31:00.194109,10232936,53.296542,0.370437,0.787227
2026-04-02T12:31:00.204109,10234856,53.306542,0.444174,0.800986
2026-04-02T12:31:00.207198,10235449,53.309630,0.421020,0.850063
2026-04-02T12:31:00.217198,10237369,53.319630,0.405163,0.794976
2026-04-02T12:31:00.198953,10237962,53.322719,0.425041,0.769241
2026-04-02T12:31:00.208953,10239882,53.332719,0.380573,0.847763
2026-04-02T12:31:00.212041,10240475,53.335807,0.388669,0.811701
2026-04-02T12:31:00.222041,10242395,53.345807,0.381628,0.811205
2026-04-02T12:31:00.246456,10242988,53.348896,0.426666,0.802426
2026-04-02T12:31:00.256456,10244908,53.358896,0.429790,0.808617
2026-04-02T12:31:00.259544,10245501,53.361984,0.441705,0.763906
2026-04-02T12:31:00.269544,10247421,53.371984,0.400184,0.797555
2026-04-02T12:31:00.251299,10248014,53.375073,0.461462,0.773619
2026-04-02T12:31:00.261299,10249934,53.385073,0.364475,0.806328
2026-04-02T12:31:00.264388,10250527,53.388161,0.421657,0.798068
2026-04-02T12:31:00.274388,10252447,53.398161,0.372401,0.751619
2026-04-02T12:31:00.298809,10253040,53.401250,0.360008,0.815173
2026-04-02T12:31:00.308809,10254960,53.411250,0.410697,0.781533
2026-04-02T12:31:00.311898,10255553,53.414339,0.385605,0.799549
2026-04-02T12:31:00.321898,10257473,53.424339,0.430802,0.817027
2026-04-02T12:31:00.303653,10258066,53.427427,0.400931,0.785527
2026-04-02T12:31:00.313653,10259986,53.437427,0.412717,0.797186
2026-04-02T12:31:00.316741,10260579,53.440516,0.390507,0.794604
2026-04-02T12:31:00.326741,10262499,53.450516,0.399102,0.816605
2026-04-02T12:31:00.351162,10263092,53.453604,0.402261,0.767246
2026-04-02T12:31:00.361162,10265012,53.463604,0.337029,0.800161
2026-04-02T12:31:00.364251,10265605,53.466693,0.423560,0.857044
2026-04-02T12:31:00.374251,10267525,53.476693,0.421616,0.789301
2026-04-02T12:31:00.356006,10268118,53.479781,0.386844,0.761154
2026-04-02T12:31:00.366006,10270038,53.489781,0.437109,0.796401
2026-04-02T12:31:00.369095,10270631,53.492870,0.455044,0.807097
2026-04-02T12:31:00.379095,10272551,53.502870,0.376513,0.796162
2026-04-02T12:31:00.403516,10273144,53.505958,0.398584,0.843070
2026-04-02T12:31:00.413516,10275064,53.515958,0.411113,0.788294
2026-04-02T12:31:00.416604,10275657,53.519047,0.394628,0.819803
2026-04-02T12:31:00.426604,10277577,53.529047,0.398710,0.769279
2026-04-02T12:31:00.408360,10278170,53.532135,0.331802,0.752942
2026-04-02T12:31:00.418360,10280090,53.542135,0.405572,0.827330
2026-04-02T12:31:00.421448,10280683,53.545224,0.381102,0.850032
2026-04-02T12:31:00.431448,10282603,53.555224,0.407527,0.830281
2026-04-02T12:31:00.455869,10283196,53.558312,0.418669,0.838555
2026-04-02T12:31:00.465869,10285116,53.568312,0.404695,0.780566
2026-04-02T12:31:00.468958,10285709,53.571401,0.370944,0.803525
2026-04-02T12:31:00.478958,10287629,53.581401,0.372132,0.812052
2026-04-02T12:31:00.460713,10288222,53.584490,0.379431,0.824286
2026-04-02T12:31:00.470713,10290142,53.594490,0.414032,0.819931
2026-04-02T12:31:00.473801,10290735,53.597578,0.413282,0.771823
2026-04-02T12:31:00.483801,10292655,53.607578,0.388785,0.828092
2026-04-02T12:31:00.508223,10293248,53.610667,0.406770,0.798696
2026-04-02T12:31:00.518223,10295168,53.620667,0.388871,0.802819
2026-04-02T12:31:00.521311,10295761,53.623755,0.426362,0.825506
2026-04-02T12:31:00.531311,10297681,53.633755,0.392438,0.790131
2026-04-02T12:31:00.513066,10298274,53.636844,0.366386,0.822015
2026-04-02T12:31:00.523066,10300194,53.646844,0.379410,0.822526
2026-04-02T12:31:00.526155,10300787,53.649932,0.394207,0.833858
2026-04-02T12:31:00.536155,10302707,53.659932,0.422800,0.814561
2026-04-02T12:31:00.560583,10303300,53.663021,0.377627,0.756055
2026-04-02T12:31:00.570583,10305220,53.673021,0.400037,0.796838
2026-04-02T12:31:00.573671,10305813,53.676109,0.392284,0.768927
2026-04-02T12:31:00.583671,10307733,53.686109,0.408360,0.844176
2026-04-02T12:31:00.565427,10308326,53.689198,0.389197,0.801336
2026-04-02T12:31:00.575427,10310246,53.699198,0.407167,0.815291
2026-04-02T12:31:00.578515,10310839,53.702286,0.437349,0.821268
2026-04-02T12:31:00.588515,10312759,53.712286,0.372288,0.794915
2026-04-02T12:31:00.612936,10313352,53.715375,0.441820,0.790440
2026-04-02T12:31:00.622936,10315272,53.725375,0.428843,0.821486
2026-04-02T12:31:00.626025,10315865,53.728464,0.409236,0.803177
2026-04-02T12:31:00.636025,10317785,53.738464,0.383413,0.789283
2026-04-02T12:31:00.617780,10318378,53.741552,0.420714,0.762711
2026-04-02T12:31:00.627780,10320298,53.751552,0.395461,0.821721
2026-04-02T12:31:00.630869,10320891,53.754641,0.381136,0.796817
2026-04-02T12:31:00.640869,10322811,53.764641,0.373039,0.788756
2026-04-02T12:31:00.665290,10323404,53.767729,0.366614,0.780416
2026-04-02T12:31:00.675290,10325324,53.777729,0.468243,0.800094
2026-04-02T12:31:00.678378,10325917,53.780818,0.449444,0.777243
2026-04-02T12:31:00.688378,10327837,53.790818,0.355434,0.810007
2026-04-02T12:31:00.670134,10328430,53.793906,0.388729,0.834887
2026-04-02T12:31:00.680134,10330350,53.803906,0.388003,0.776494
2026-04-02T12:31:00.683222,10330943,53.806995,0.407895,0.792113
2026-04-02T12:31:00.693222,10332863,53.816995,0.394247,0.819717
2026-04-02T12:31:00.717643,10333456,53.820083,0.358520,0.817795
2026-04-02T12:31:00.727643,10335376,53.830083,0.375275,0.759470
2026-04-02T12:31:00.730732,10335969,53.833172,0.393113,0.763091
2026-04-02T12:31:00.740732,10337889,53.843172,0.425056,0.788491
2026-04-02T12:31:00.722487,10338482,53.846260,0.416544,0.790047
2026-04-02T12:31:00.732487,10340402,53.856260,0.404751,0.812522
2026-04-02T12:31:00.735576,10340995,53.859349,0.380891,0.797637
2026-04-02T12:31:00.745576,10342915,53.869349,0.408378,0.767738
2026-04-02T12:31:00.769997,10343508,53.872437,0.363464,0.824721
2026-04-02T12:31:00.779997,10345428,53.882438,0.399428,0.779008
2026-04-02T12:31:00.783085,10346021,53.885526,0.400013,0.735350
2026-04-02T12:31:00.793085,10347941,53.895526,0.475050,0.799547
2026-04-02T12:31:00.774840,10348534,53.898615,0.394110,0.791289
2026-04-02T12:31:00.784840,10350454,53.908615,0.399978,0.827842
2026-04-02T12:31:00.787929,10351047,53.911703,0.393722,0.814896
2026-04-02T12:31:00.797929,10352967,53.921703,0.427517,0.776511
2026-04-02T12:31:00.822350,10353560,53.924792,0.395628,0.810037
2026-04-02T12:31:00.832350,10355480,53.934792,0.439212,0.859155
2026-04-02T12:31:00.835439,10356073,53.937880,0.420656,0.803602
2026-04-02T12:31:00.845439,10357993,53.947880,0.363073,0.858598
2026-04-02T12:31:00.827194,10358586,53.950969,0.346675,0.815252
2026-04-02T12:31:00.837194,10360506,53.960969,0.373298,0.757440
2026-04-02T12:31:00.840282,10361099,53.964057,0.440304,0.787322
2026-04-02T12:31:00.850282,10363019,53.974057,0.375126,0.834777
2026-04-02T12:31:00.874704,10363612,53.977146,0.402315,0.798708
2026-04-02T12:31:00.884704,10365532,53.987146,0.365888,0.804546
2026-04-02T12:31:00.887792,10366125,53.990234,0.408871,0.822465
2026-04-02T12:31:00.897792,10368045,54.000234,0.405257,0.814764
2026-04-02T12:31:00.879547,10368638,54.003323,0.383061,0.787511
2026-04-02T12:31:00.889547,10370558,54.013323,0.416852,0.794375
2026-04-02T12:31:00.892636,10371151,54.016411,0.424791,0.813963
2026-04-02T12:31:00.902636,10373071,54.026411,0.413847,0.786051
2026-04-02T12:31:00.927057,10373664,54.029500,0.366711,0.736902
2026-04-02T12:31:00.937057,10375584,54.039500,0.444644,0.808068
2026-04-02T12:31:00.940145,10376177,54.042589,0.383961,0.769820
2026-04-02T12:31:00.950145,10378097,54.052589,0.393654,0.801638
2026-04-02T12:31:00.931901,10378690,54.055677,0.354361,0.846291
2026-04-02T12:31:00.941901,10380610,54.065677,0.382824,0.806682
2026-04-02T12:31:00.944989,10381203,54.068766,0.417362,0.828334
2026-04-02T12:31:00.954989,10383123,54.078766,0.413738,0.791878
2026-04-02T12:31:00.979410,10383716,54.081854,0.399419,0.784668
2026-04-02T12:31:00.989410,10385636,54.091854,0.417123,0.815740
2026-04-02T12:31:00.992499,10386229,54.094943,0.322295,0.771494
2026-04-02T12:31:01.002499,10388149,54.104943,0.393769,0.826155
2026-04-02T12:31:00.984254,10388742,54.108031,0.405186,0.805136
2026-04-02T12:31:00.994254,10390662,54.118031,0.399887,0.775870
2026-04-02T12:31:00.997343,10391255,54.121120,0.418631,0.784503
2026-04-02T12:31:01.007343,10393175,54.131120,0.364095,0.786930
2026-04-02T12:31:01.031764,10393768,54.134208,0.442145,0.789487
2026-04-02T12:31:01.041764,10395688,54.144208,0.434330,0.782372
2026-04-02T12:31:01.044852,10396281,54.147297,0.390012,0.803700
2026-04-02T12:31:01.054852,10398201,54.157297,0.367931,0.819435
2026-04-02T12:31:01.036607,10398794,54.160385,0.402154,0.796475
2026-04-02T12:31:01.046607,10400714,54.170385,0.391334,0.817629
2026-04-02T12:31:01.049696,10401307,54.173474,0.384084,0.807198
2026-04-02T12:31:01.059696,10403227,54.183474,0.409424,0.792449
2026-04-02T12:31:01.084117,10403820,54.186563,0.375536,0.772076
2026-04-02T12:31:01.094117,10405740,54.196562,0.395532,0.799142
2026-04-02T12:31:01.097206,10406333,54.199651,0.398539,0.763156
2026-04-02T12:31:01.107206,10408253,54.209651,0.392978,0.821168
2026-04-02T12:31:01.088961,10408846,54.212740,0.457773,0.837087
2026-04-02T12:31:01.098961,10410766,54.222740,0.406820,0.797081
2026-04-02T12:31:01.102049,10411359,54.225828,0.390594,0.818940
2026-04-02T12:31:01.112049,10413279,54.235828,0.429118,0.809981
2026-04-02T12:31:01.136471,10413872,54.238917,0.368011,0.856668
2026-04-02T12:31:01.146471,10415792,54.248917,0.413093,0.770163
2026-04-02T12:31:01.149559,10416385,54.252005,0.380228,0.864424
2026-04-02T12:31:01.159559,10418305,54.262005,0.357442,0.811269
2026-04-02T12:31:01.141314,10418898,54.265094,0.404478,0.820128
2026-04-02T12:31:01.151314,10420818,54.275094,0.399122,0.825263
2026-04-02T12:31:01.154403,10421411,54.278182,0.423456,0.774386
2026-04-02T12:31:01.164403,10423331,54.288182,0.403248,0.794354
2026-04-02T12:31:01.188824,10423924,54.291271,0.395893,0.805835
2026-04-02T12:31:01.198824,10425844,54.301271,0.393919,0.809411
2026-04-02T12:31:01.201913,10426437,54.304359,0.427925,0.759353
2026-04-02T12:31:01.211913,10428357,54.314359,0.414805,0.805019
2026-04-02T12:31:01.193668,10428950,54.317448,0.406976,0.813135
2026-04-02T12:31:01.203668,10430870,54.327448,0.388294,0.806350
2026-04-02T12:31:01.206756,10431463,54.330536,0.369174,0.805524
2026-04-02T12:31:01.216756,10433383,54.340536,0.392309,0.765308
2026-04-02T12:31:01.241178,10433976,54.343625,0.457402,0.774226
2026-04-02T12:31:01.251178,10435896,54.353625,0.448622,0.777436
2026-04-02T12:31:01.254266,10436489,54.356714,0.394038,0.785016
2026-04-02T12:31:01.264266,10438409,54.366714,0.360639,0.762932
2026-04-02T12:31:01.246021,10439002,54.369802,0.398425,0.795665
2026-04-02T12:31:01.256021,10440922,54.379802,0.387093,0.781968
2026-04-02T12:31:01.259110,10441515,54.382891,0.411046,0.754533
2026-04-02T12:31:01.269110,10443435,54.392891,0.426092,0.750698
2026-04-02T12:31:01.293531,10444028,54.395979,0.409587,0.839142
2026-04-02T12:31:01.303531,10445948,54.405979,0.445109,0.781069
2026-04-02T12:31:01.306620,10446541,54.409068,0.421349,0.778255
2026-04-02T12:31:01.316620,10448461,54.419068,0.410264,0.817606
2026-04-02T12:31:01.298375,10449054,54.422156,0.406964,0.799920
2026-04-02T12:31:01.308375,10450974,54.432156,0.422669,0.789934
2026-04-02T12:31:01.311463,10451567,54.435245,0.400535,0.758726
2026-04-02T12:31:01.321463,10453487,54.445245,0.383920,0.794202
2026-04-02T12:31:01.345884,10454080,54.448333,0.403619,0.774230
2026-04-02T12:31:01.355884,10456000,54.458333,0.428912,0.786485
2026-04-02T12:31:01.358973,10456593,54.461422,0.375676,0.808604
2026-04-02T12:31:01.368973,10458513,54.471422,0.429474,0.810337
2026-04-02T12:31:01.350728,10459106,54.474510,0.403210,0.838341
2026-04-02T12:31:01.360728,10461026,54.484510,0.426276,0.845193
2026-04-02T12:31:01.363817,10461619,54.487599,0.387563,0.785986
2026-04-02T12:31:01.373817,10463539,54.497599,0.441429,0.816530
2026-04-02T12:31:01.398238,10464132,54.500687,0.439589,0.781010
2026-04-02T12:31:01.408238,10466052,54.510688,0.391336,0.805377
2026-04-02T12:31:01.411326,10466645,54.513776,0.406521,0.780693
2026-04-02T12:31:01.421326,10468565,54.523776,0.385801,0.786017
2026-04-02T12:31:01.403082,10469158,54.526865,0.418320,0.756906
2026-04-02T12:31:01.413082,10471078,54.536865,0.438438,0.787482
2026-04-02T12:31:01.416170,10471671,54.539953,0.406825,0.746633
2026-04-02T12:31:01.426170,10473591,54.549953,0.432301,0.807711
2026-04-02T12:31:01.450591,10474184,54.553042,0.399890,0.789021
2026-04-02T12:31:01.460591,10476104,54.563042,0.447784,0.831504
2026-04-02T12:31:01.463680,10476697,54.566130,0.382793,0.770360
2026-04-02T12:31:01.473680,10478617,54.576130,0.409602,0.803982
2026-04-02T12:31:01.455435,10479210,54.579219,0.424129,0.765738
2026-04-02T12:31:01.465435,10481130,54.589219,0.371744,0.838950
2026-04-02T12:31:01.468524,10481723,54.592307,0.368649,0.829007
2026-04-02T12:31:01.478524,10483643,54.602307,0.424046,0.816308
2026-04-02T12:31:01.502945,10484236,54.605396,0.415093,0.761664
2026-04-02T12:31:01.512945,10486156,54.615396,0.372188,0.804530
2026-04-02T12:31:01.516033,10486749,54.618484,0.405909,0.803257
2026-04-02T12:31:01.526033,10488669,54.628484,0.393416,0.779875
2026-04-02T12:31:01.507789,10489262,54.631573,0.421523,0.772059
2026-04-02T12:31:01.517789,10491182,54.641573,0.407646,0.810348
2026-04-02T12:31:01.520877,10491775,54.644661,0.416717,0.793571
2026-04-02T12:31:01.530877,10493695,54.654661,0.447737,0.824621
2026-04-02T12:31:01.555298,10494288,54.657750,0.420447,0.806905
2026-04-02T12:31:01.565298,10496208,54.667750,0.405392,0.770096
2026-04-02T12:31:01.568387,10496801,54.670839,0.430300,0.808966
2026-04-02T12:31:01.578387,10498721,54.680839,0.392803,0.777939
2026-04-02T12:31:01.560142,10499314,54.683927,0.456351,0.843206
2026-04-02T12:31:01.570142,10501234,54.693927,0.451602,0.811995
2026-04-02T12:31:01.573231,10501827,54.697016,0.396224,0.766780
2026-04-02T12:31:01.583231,10503747,54.707016,0.408273,0.788767
2026-04-02T12:31:01.607651,10504340,54.710104,0.388935,0.815913
2026-04-02T12:31:01.617651,10506260,54.720104,0.416897,0.860096
2026-04-02T12:31:01.620740,10506853,54.723193,0.346802,0.817734
2026-04-02T12:31:01.630740,10508773,54.733193,0.383504,0.777273
2026-04-02T12:31:01.612495,10509366,54.736281,0.421595,0.817409
2026-04-02T12:31:01.622495,10511286,54.746281,0.392029,0.780440
2026-04-02T12:31:01.625584,10511879,54.749370,0.367424,0.816033
2026-04-02T12:31:01.635584,10513799,54.759370,0.425618,0.747498
2026-04-02T12:31:01.660005,10514392,54.762458,0.370106,0.829157
2026-04-02T12:31:01.670005,10516312,54.772458,0.377129,0.807333
2026-04-02T12:31:01.673093,10516905,54.775547,0.406714,0.791831
2026-04-02T12:31:01.683093,10518825,54.785547,0.404995,0.802616
2026-04-02T12:31:01.664849,10519418,54.788635,0.406393,0.794173
2026-04-02T12:31:01.674849,10521338,54.798635,0.402276,0.761560
2026-04-02T12:31:01.677937,10521931,54.801724,0.384216,0.805930
2026-04-02T12:31:01.687937,10523851,54.811724,0.428241,0.805154
2026-04-02T12:31:01.712358,10524444,54.814813,0.402302,0.802785
2026-04-02T12:31:01.722358,10526364,54.824813,0.421193,0.774817
2026-04-02T12:31:01.725447,10526957,54.827901,0.380641,0.810643
2026-04-02T12:31:01.735447,10528877,54.837901,0.401015,0.805393
2026-04-02T12:31:01.717202,10529470,54.840990,0.465207,0.772108
2026-04-02T12:31:01.727202,10531390,54.850990,0.392173,0.793179
2026-04-02T12:31:01.730291,10531983,54.854078,0.416822,0.768983
2026-04-02T12:31:01.740291,10533903,54.864078,0.432328,0.778761
2026-04-02T12:31:01.764712,10534496,54.867167,0.385678,0.810552
2026-04-02T12:31:01.774712,10536416,54.877167,0.386796,0.793962
2026-04-02T12:31:01.777800,10537009,54.880255,0.392876,0.817958
2026-04-02T12:31:01.787800,10538929,54.890255,0.403612,0.800492
2026-04-02T12:31:01.769556,10539522,54.893344,0.432080,0.808331
2026-04-02T12:31:01.779556,10541442,54.903344,0.389962,0.764199
2026-04-02T12:31:01.782644,10542035,54.906432,0.428725,0.842224
2026-04-02T12:31:01.792644,10543955,54.916432,0.368079,0.799922
2026-04-02T12:31:01.817065,10544548,54.919521,0.419486,0.806863
2026-04-02T12:31:01.827065,10546468,54.929521,0.389201,0.795694
2026-04-02T12:31:01.830154,10547061,54.932609,0.395882,0.808172
2026-04-02T12:31:01.840154,10548981,54.942609,0.374367,0.758402
2026-04-02T12:31:01.821909,10549574,54.945698,0.384402,0.807386
2026-04-02T12:31:01.831909,10551494,54.955698,0.381888,0.817914
2026-04-02T12:31:01.834998,10552087,54.958786,0.366401,0.793038
2026-04-02T12:31:01.844998,10554007,54.968786,0.400474,0.780884
2026-04-02T12:31:01.869419,10554600,54.971875,0.441331,0.777388
2026-04-02T12:31:01.879419,10556520,54.981875,0.386758,0.793649
2026-04-02T12:31:01.882507,10557113,54.984964,0.353019,0.810324
2026-04-02T12:31:01.892507,10559033,54.994964,0.372050,0.791428
2026-04-02T12:31:01.874262,10559626,54.998052,0.422793,0.768945
2026-04-02T12:31:01.884262,10561546,55.008052,0.393847,0.827120
2026-04-02T12:31:01.887351,10562139,55.011141,0.449453,0.823740
2026-04-02T12:31:01.897351,10564059,55.021141,0.384275,0.813581
2026-04-02T12:31:01.921772,10564652,55.024229,0.439835,0.792015
2026-04-02T12:31:01.931772,10566572,55.034229,0.382620,0.844844
2026-04-02T12:31:01.934861,10567165,55.037318,0.412237,0.832115
2026-04-02T12:31:01.944861,10569085,55.047318,0.401668,0.800441
2026-04-02T12:31:01.926616,10569678,55.050406,0.402024,0.813340
2026-04-02T12:31:01.936616,10571598,55.060406,0.399438,0.790433
2026-04-02T12:31:01.939704,10572191,55.063495,0.402534,0.800083
2026-04-02T12:31:01.949704,10574111,55.073495,0.402991,0.779097
2026-04-02T12:31:01.974126,10574704,55.076583,0.373995,0.805759
2026-04-02T12:31:01.984126,10576624,55.086583,0.414231,0.825753
2026-04-02T12:31:01.987214,10577217,55.089672,0.394511,0.817221
2026-04-02T12:31:01.997214,10579137,55.099672,0.414862,0.762537
2026-04-02T12:31:01.978969,10579730,55.102760,0.345665,0.779696
2026-04-02T12:31:01.988969,10581650,55.112760,0.420651,0.822499
2026-04-02T12:31:01.992058,10582243,55.115849,0.407216,0.814724
2026-04-02T12:31:02.002058,10584163,55.125849,0.432427,0.780203
2026-04-02T12:31:02.026479,10584756,55.128937,0.434200,0.802425
2026-04-02T12:31:02.036479,10586676,55.138937,0.400567,0.768390
2026-04-02T12:31:02.039567,10587269,55.142026,0.434050,0.798877
2026-04-02T12:31:02.049567,10589189,55.152026,0.378439,0.786110
2026-04-02T12:31:02.031323,10589782,55.155115,0.341579,0.776846
2026-04-02T12:31:02.041323,10591702,55.165115,0.436930,0.798071
2026-04-02T12:31:02.044411,10592295,55.168203,0.421784,0.796518
2026-04-02T12:31:02.054411,10594215,55.178203,0.439864,0.794631
2026-04-02T12:31:02.078832,10594808,55.181292,0.389588,0.822212
2026-04-02T12:31:02.088832,10596728,55.191292,0.370802,0.777161
2026-04-02T12:31:02.091921,10597321,55.194380,0.411390,0.827037
2026-04-02T12:31:02.101921,10599241,55.204380,0.384797,0.828473
2026-04-02T12:31:02.083676,10599834,55.207469,0.407600,0.773383
2026-04-02T12:31:02.093676,10601754,55.217469,0.362280,0.814726
2026-04-02T12:31:02.096765,10602347,55.220557,0.414025,0.824724
2026-04-02T12:31:02.106765,10604267,55.230557,0.417530,0.824622
2026-04-02T12:31:02.131186,10604860,55.233646,0.425440,0.807414
2026-04-02T12:31:02.141186,10606780,55.243646,0.420550,0.778899
2026-04-02T12:31:02.144274,10607373,55.246734,0.389553,0.774275
2026-04-02T12:31:02.154274,10609293,55.256734,0.390303,0.831480
2026-04-02T12:31:02.136030,10609886,55.259823,0.380170,0.808746
2026-04-02T12:31:02.146030,10611806,55.269823,0.403015,0.797360
2026-04-02T12:31:02.149118,10612399,55.272911,0.430079,0.826842
2026-04-02T12:31:02.159118,10614319,55.282911,0.392489,0.795121
2026-04-02T12:31:02.183539,10614912,55.286000,0.377516,0.797521
2026-04-02T12:31:02.193539,10616832,55.296000,0.443864,0.786707
2026-04-02T12:31:02.196628,10617425,55.299089,0.417878,0.799657
2026-04-02T12:31:02.206628,10619345,55.309089,0.368434,0.797815
2026-04-02T12:31:02.188383,10619938,55.312177,0.421150,0.797967
2026-04-02T12:31:02.198383,10621858,55.322177,0.416135,0.841975
2026-04-02T12:31:02.201472,10622451,55.325266,0.424663,0.823404
2026-04-02T12:31:02.211472,10624371,55.335266,0.391653,0.796829
2026-04-02T12:31:02.235893,10624964,55.338354,0.399711,0.762564
2026-04-02T12:31:02.245893,10626884,55.348354,0.414431,0.806458
2026-04-02T12:31:02.248981,10627477,55.351443,0.411913,0.854115
2026-04-02T12:31:02.258981,10629397,55.361443,0.395780,0.844430
2026-04-02T12:31:02.240737,10629990,55.364531,0.411080,0.776736
2026-04-02T12:31:02.250737,10631910,55.374531,0.400488,0.810112
2026-04-02T12:31:02.253825,10632503,55.377620,0.358013,0.778213
2026-04-02T12:31:02.263825,10634423,55.387620,0.373874,0.786826
2026-04-02T12:31:02.288246,10635016,55.390708,0.400891,0.807704
2026-04-02T12:31:02.298246,10636936,55.400708,0.462724,0.791786
2026-04-02T12:31:02.301335,10637529,55.403797,0.415767,0.812383
2026-04-02T12:31:02.311335,10639449,55.413797,0.379974,0.810716
2026-04-02T12:31:02.293090,10640042,55.416885,0.421656,0.783765
2026-04-02T12:31:02.303090,10641962,55.426885,0.409078,0.792345
2026-04-02T12:31:02.306178,10642555,55.429974,0.385348,0.802579
2026-04-02T12:31:02.316178,10644475,55.439974,0.401622,0.761908
2026-04-02T12:31:02.340600,10645068,55.443063,0.367054,0.797767
2026-04-02T12:31:02.350600,10646988,55.453063,0.368949,0.769765
2026-04-02T12:31:02.353688,10647581,55.456151,0.377085,0.782259
2026-04-02T12:31:02.363688,10649501,55.466151,0.391786,0.823700
2026-04-02T12:31:02.345443,10650094,55.469240,0.399974,0.777957
2026-04-02T12:31:02.355443,10652014,55.479240,0.431031,0.780877
2026-04-02T12:31:02.358532,10652607,55.482328,0.422191,0.791662
2026-04-02T12:31:02.368532,10654527,55.492328,0.416892,0.716850
2026-04-02T12:31:02.392953,10655120,55.495417,0.386345,0.751156
2026-04-02T12:31:02.402953,10657040,55.505417,0.372650,0.768378
2026-04-02T12:31:02.406042,10657633,55.508505,0.402330,0.785615
2026-04-02T12:31:02.416042,10659553,55.518505,0.453024,0.830538
2026-04-02T12:31:02.397797,10660146,55.521594,0.425250,0.771192
2026-04-02T12:31:02.407797,10662066,55.531594,0.374740,0.773227
2026-04-02T12:31:02.410885,10662659,55.534682,0.373337,0.784757
2026-04-02T12:31:02.420885,10664579,55.544682,0.379755,0.774122
2026-04-02T12:31:02.445306,10665172,55.547771,0.396873,0.797828
2026-04-02T12:31:02.455306,10667092,55.557771,0.439522,0.826521
2026-04-02T12:31:02.458395,10667685,55.560859,0.376187,0.789461
2026-04-02T12:31:02.468395,10669605,55.570859,0.382641,0.803961
2026-04-02T12:31:02.450150,10670198,55.573948,0.406752,0.747845
2026-04-02T12:31:02.460150,10672118,55.583948,0.393476,0.790239
2026-04-02T12:31:02.463239,10672711,55.587036,0.390602,0.788038
2026-04-02T12:31:02.473239,10674631,55.597036,0.370514,0.803225
2026-04-02T12:31:02.497660,10675224,55.600125,0.358807,0.801311
2026-04-02T12:31:02.507660,10677144,55.610125,0.392436,0.788375
2026-04-02T12:31:02.510748,10677737,55.613214,0.400516,0.812001
2026-04-02T12:31:02.520748,10679657,55.623214,0.412897,0.775343
2026-04-02T12:31:02.502504,10680250,55.626302,0.397721,0.829431
2026-04-02T12:31:02.512504,10682170,55.636302,0.446671,0.807512
2026-04-02T12:31:02.515592,10682763,55.639391,0.442413,0.758889
2026-04-02T12:31:02.525592,10684683,55.649391,0.400699,0.793604
2026-04-02T12:31:02.550013,10685276,55.652479,0.399742,0.835571
2026-04-02T12:31:02.560013,10687196,55.662479,0.402796,0.803932
2026-04-02T12:31:02.563102,10687789,55.665568,0.390700,0.744161
2026-04-02T12:31:02.573102,10689709,55.675568,0.431106,0.784610
2026-04-02T12:31:02.554857,10690302,55.678656,0.418479,0.812392
2026-04-02T12:31:02.564857,10692222,55.688656,0.440921,0.787392
2026-04-02T12:31:02.567946,10692815,55.691745,0.348748,0.783019
2026-04-02T12:31:02.577946,10694735,55.701745,0.424058,0.785118
2026-04-02T12:31:02.602367,10695328,55.704833,0.413405,0.766101
2026-04-02T12:31:02.612367,10697248,55.714833,0.371972,0.818307
2026-04-02T12:31:02.615455,10697841,55.717922,0.407769,0.799647
2026-04-02T12:31:02.625455,10699761,55.727922,0.375861,0.816386
2026-04-02T12:31:02.607211,10700354,55.731010,0.439637,0.816785
2026-04-02T12:31:02.617211,10702274,55.741010,0.406574,0.842829
2026-04-02T12:31:02.620299,10702867,55.744099,0.389279,0.780838
2026-04-02T12:31:02.630299,10704787,55.754099,0.411858,0.774567
2026-04-02T12:31:02.654714,10705380,55.757188,0.434844,0.794058
2026-04-02T12:31:02.664714,10707300,55.767187,0.417003,0.819578
2026-04-02T12:31:02.667802,10707893,55.770276,0.412447,0.824219
2026-04-02T12:31:02.677802,10709813,55.780276,0.400930,0.794133
2026-04-02T12:31:02.659557,10710406,55.783365,0.366170,0.835674
2026-04-02T12:31:02.669557,10712326,55.793365,0.374990,0.793686
2026-04-02T12:31:02.672646,10712919,55.796453,0.380643,0.785869
2026-04-02T12:31:02.682646,10714839,55.806453,0.388056,0.785815
2026-04-02T12:31:02.707067,10715432,55.809542,0.356813,0.751518
2026-04-02T12:31:02.717067,10717352,55.819542,0.397429,0.794177
2026-04-02T12:31:02.720156,10717945,55.822630,0.438112,0.817206
2026-04-02T12:31:02.730156,10719865,55.832630,0.407083,0.770783
2026-04-02T12:31:02.711911,10720458,55.835719,0.393612,0.816815
2026-04-02T12:31:02.721911,10722378,55.845719,0.434428,0.765877
2026-04-02T12:31:02.724999,10722971,55.848807,0.382577,0.808902
2026-04-02T12:31:02.734999,10724891,55.858807,0.388616,0.828449
2026-04-02T12:31:02.759420,10725484,55.861896,0.393885,0.800551
2026-04-02T12:31:02.769420,10727404,55.871896,0.397437,0.776904
2026-04-02T12:31:02.772509,10727997,55.874984,0.377642,0.810959
2026-04-02T12:31:02.782509,10729917,55.884984,0.420084,0.810408
2026-04-02T12:31:02.764264,10730510,55.888073,0.404582,0.784706
2026-04-02T12:31:02.774264,10732430,55.898073,0.432531,0.784660
2026-04-02T12:31:02.777353,10733023,55.901161,0.420981,0.813222
2026-04-02T12:31:02.787353,10734943,55.911161,0.419892,0.809177
2026-04-02T12:31:02.811774,10735536,55.914250,0.384595,0.744497
2026-04-02T12:31:02.821774,10737456,55.924250,0.415778,0.788502
2026-04-02T12:31:02.824862,10738049,55.927339,0.381753,0.793464
2026-04-02T12:31:02.834862,10739969,55.937339,0.405549,0.784725
2026-04-02T12:31:02.816618,10740562,55.940427,0.413884,0.824428
2026-04-02T12:31:02.826618,10742482,55.950427,0.398190,0.852219
2026-04-02T12:31:02.829706,10743075,55.953516,0.435781,0.777103
2026-04-02T12:31:02.839706,10744995,55.963516,0.423267,0.825632
2026-04-02T12:31:02.864127,10745588,55.966604,0.398126,0.834077
2026-04-02T12:31:02.874127,10747508,55.976604,0.380724,0.811103
2026-04-02T12:31:02.877216,10748101,55.979693,0.424745,0.775014
2026-04-02T12:31:02.887216,10750021,55.989693,0.367907,0.839857
2026-04-02T12:31:02.868971,10750614,55.992781,0.389937,0.787521
2026-04-02T12:31:02.878971,10752534,56.002781,0.443627,0.801944
2026-04-02T12:31:02.882060,10753127,56.005870,0.382500,0.801497
2026-04-02T12:31:02.892060,10755047,56.015870,0.399825,0.778486
2026-04-02T12:31:02.916481,10755640,56.018958,0.372707,0.790350
2026-04-02T12:31:02.926481,10757560,56.028958,0.420078,0.817724
2026-04-02T12:31:02.929569,10758153,56.032047,0.420356,0.850276
2026-04-02T12:31:02.939569,10760073,56.042047,0.408673,0.766146
2026-04-02T12:31:02.921324,10760666,56.045135,0.397408,0.814356
2026-04-02T12:31:02.931324,10762586,56.055135,0.403779,0.776925
2026-04-02T12:31:02.934413,10763179,56.058224,0.413607,0.796818
2026-04-02T12:31:02.944413,10765099,56.068224,0.375045,0.774691
2026-04-02T12:31:02.968834,10765692,56.071312,0.401706,0.747692
2026-04-02T12:31:02.978834,10767612,56.081313,0.395046,0.748864
2026-04-02T12:31:02.981923,10768205,56.084401,0.347831,0.788869
2026-04-02T12:31:02.991923,10770125,56.094401,0.420068,0.781963
2026-04-02T12:31:02.973678,10770718,56.097490,0.417695,0.795426
2026-04-02T12:31:02.983678,10772638,56.107490,0.425489,0.758728
2026-04-02T12:31:02.986766,10773231,56.110578,0.424838,0.821704
2026-04-02T12:31:02.996766,10775151,56.120578,0.387580,0.764951
2026-04-02T12:31:03.021194,10775744,56.123667,0.389815,0.799041
2026-04-02T12:31:03.031194,10777664,56.133667,0.465778,0.834460
2026-04-02T12:31:03.034283,10778257,56.136755,0.392711,0.771210
2026-04-02T12:31:03.044283,10780177,56.146755,0.372190,0.801791
2026-04-02T12:31:03.026038,10780770,56.149844,0.415766,0.800450
2026-04-02T12:31:03.036038,10782690,56.159844,0.371563,0.796337
2026-04-02T12:31:03.039127,10783283,56.162932,0.411172,0.756822
2026-04-02T12:31:03.049127,10785203,56.172932,0.396797,0.836799
2026-04-02T12:31:03.073548,10785796,56.176021,0.387588,0.813941
2026-04-02T12:31:03.083548,10787716,56.186021,0.405723,0.832238
2026-04-02T12:31:03.086636,10788309,56.189109,0.404997,0.789489
2026-04-02T12:31:03.096636,10790229,56.199109,0.384412,0.779623
2026-04-02T12:31:03.078392,10790822,56.202198,0.392702,0.776125
2026-04-02T12:31:03.088392,10792742,56.212198,0.436487,0.792059
2026-04-02T12:31:03.091480,10793335,56.215286,0.367176,0.792391
2026-04-02T12:31:03.101480,10795255,56.225286,0.446505,0.793435
2026-04-02T12:31:03.125901,10795848,56.228375,0.396167,0.783627
2026-04-02T12:31:03.135901,10797768,56.238375,0.414538,0.799716
2026-04-02T12:31:03.138990,10798361,56.241464,0.393271,0.818341
2026-04-02T12:31:03.148990,10800281,56.251464,0.430837,0.781699
2026-04-02T12:31:03.130745,10800874,56.254552,0.413622,0.749964
2026-04-02T12:31:03.140745,10802794,56.264552,0.418259,0.795513
2026-04-02T12:31:03.143834,10803387,56.267641,0.377955,0.796006
2026-04-02T12:31:03.153834,10805307,56.277641,0.398035,0.780627
2026-04-02T12:31:03.178255,10805900,56.280729,0.389744,0.766121
2026-04-02T12:31:03.188255,10807820,56.290729,0.387340,0.801802
2026-04-02T12:31:03.191343,10808413,56.293818,0.403664,0.786428
2026-04-02T12:31:03.201343,10810333,56.303818,0.402652,0.821398
2026-04-02T12:31:03.183099,10810926,56.306906,0.406636,0.790039
2026-04-02T12:31:03.193099,10812846,56.316906,0.413541,0.806240
2026-04-02T12:31:03.196187,10813439,56.319995,0.422117,0.772126
2026-04-02T12:31:03.206187,10815359,56.329995,0.371590,0.744229
2026-04-02T12:31:03.230608,10815952,56.333083,0.387884,0.785416
2026-04-02T12:31:03.240608,10817872,56.343083,0.400219,0.821715
2026-04-02T12:31:03.243697,10818465,56.346172,0.355815,0.828846
2026-04-02T12:31:03.253697,10820385,56.356172,0.377070,0.810182
2026-04-02T12:31:03.235452,10820978,56.359260,0.389223,0.798190
2026-04-02T12:31:03.245452,10822898,56.369260,0.429225,0.817191
2026-04-02T12:31:03.248541,10823491,56.372349,0.417411,0.889897
2026-04-02T12:31:03.258541,10825411,56.382349,0.426317,0.806071
2026-04-02T12:31:03.282962,10826004,56.385438,0.403707,0.765250
2026-04-02T12:31:03.292962,10827924,56.395437,0.359052,0.802947
2026-04-02T12:31:03.296050,10828517,56.398526,0.406273,0.758964
2026-04-02T12:31:03.306050,10830437,56.408526,0.426465,0.801696
2026-04-02T12:31:03.287805,10831030,56.411615,0.396925,0.819121
2026-04-02T12:31:03.297805,10832950,56.421615,0.400142,0.785653
2026-04-02T12:31:03.300894,10833543,56.424703,0.406659,0.830215
2026-04-02T12:31:03.310894,10835463,56.434703,0.409188,0.848513
2026-04-02T12:31:03.335308,10836056,56.437792,0.388423,0.812166
2026-04-02T12:31:03.345308,10837976,56.447792,0.435252,0.786149
2026-04-02T12:31:03.348397,10838569,56.450880,0.445205,0.819396
2026-04-02T12:31:03.358397,10840489,56.460880,0.434716,0.768736
2026-04-02T12:31:03.340152,10841082,56.463969,0.389225,0.816432
2026-04-02T12:31:03.350152,10843002,56.473969,0.344242,0.799980
2026-04-02T12:31:03.353240,10843595,56.477057,0.384126,0.784102
2026-04-02T12:31:03.363240,10845515,56.487057,0.417143,0.801429
2026-04-02T12:31:03.387661,10846108,56.490146,0.400745,0.753088
2026-04-02T12:31:03.397661,10848028,56.500146,0.429223,0.781539
2026-04-02T12:31:03.400750,10848621,56.503234,0.431774,0.784346
2026-04-02T12:31:03.410750,10850541,56.513234,0.388374,0.805697
2026-04-02T12:31:03.392505,10851134,56.516323,0.419124,0.840790
2026-04-02T12:31:03.402505,10853054,56.526323,0.382529,0.806211
2026-04-02T12:31:03.405594,10853647,56.529411,0.400455,0.801262
2026-04-02T12:31:03.415594,10855567,56.539411,0.346947,0.762557
2026-04-02T12:31:03.440015,10856160,56.542500,0.394730,0.752904
2026-04-02T12:31:03.450015,10858080,56.552500,0.388146,0.783116
2026-04-02T12:31:03.453103,10858673,56.555589,0.433697,0.754277
2026-04-02T12:31:03.463103,10860593,56.565589,0.408814,0.819696
2026-04-02T12:31:03.444859,10861186,56.568677,0.374642,0.794342
2026-04-02T12:31:03.454859,10863106,56.578677,0.428253,0.772760
2026-04-02T12:31:03.457947,10863699,56.581766,0.438341,0.813916
2026-04-02T12:31:03.467947,10865619,56.591766,0.403505,0.779917
2026-04-02T12:31:03.492368,10866212,56.594854,0.380030,0.758115
2026-04-02T12:31:03.502368,10868132,56.604854,0.395376,0.821831
2026-04-02T12:31:03.505457,10868725,56.607943,0.359719,0.722849
2026-04-02T12:31:03.515457,10870645,56.617943,0.417383,0.780453
2026-04-02T12:31:03.497212,10871238,56.621031,0.401492,0.785815
2026-04-02T12:31:03.507212,10873158,56.631031,0.413777,0.829991
2026-04-02T12:31:03.510301,10873751,56.634120,0.410556,0.800136
2026-04-02T12:31:03.520301,10875671,56.644120,0.387231,0.769606
2026-04-02T12:31:03.544722,10876264,56.647208,0.424931,0.823403
2026-04-02T12:31:03.554722,10878184,56.657208,0.391937,0.807563
2026-04-02T12:31:03.557810,10878777,56.660297,0.438399,0.763319
2026-04-02T12:31:03.567810,10880697,56.670297,0.368281,0.806259
2026-04-02T12:31:03.549565,10881290,56.673385,0.410057,0.823744
2026-04-02T12:31:03.559565,10883210,56.683385,0.421297,0.777838
2026-04-02T12:31:03.562654,10883803,56.686474,0.401201,0.845524
2026-04-02T12:31:03.572654,10885723,56.696474,0.383309,0.797766
2026-04-02T12:31:03.597075,10886316,56.699562,0.459747,0.772735
2026-04-02T12:31:03.607075,10888236,56.709562,0.386555,0.798463
2026-04-02T12:31:03.610164,10888829,56.712651,0.446639,0.785801
2026-04-02T12:31:03.620164,10890749,56.722651,0.411295,0.802364
2026-04-02T12:31:03.601919,10891342,56.725740,0.428174,0.828627
2026-04-02T12:31:03.611919,10893262,56.735740,0.418987,0.777957
2026-04-02T12:31:03.615007,10893855,56.738828,0.377014,0.817864
2026-04-02T12:31:03.625007,10895775,56.748828,0.413443,0.807305
2026-04-02T12:31:03.649428,10896368,56.751917,0.415784,0.798164
2026-04-02T12:31:03.659428,10898288,56.761917,0.408553,0.876000
2026-04-02T12:31:03.662517,10898881,56.765005,0.372668,0.827623
2026-04-02T12:31:03.672517,10900801,56.775005,0.360233,0.799741
2026-04-02T12:31:03.654272,10901394,56.778094,0.383563,0.747330
2026-04-02T12:31:03.664272,10903314,56.788094,0.364811,0.775422
2026-04-02T12:31:03.667361,10903907,56.791182,0.413649,0.803253
2026-04-02T12:31:03.677361,10905827,56.801182,0.389932,0.793392
2026-04-02T12:31:03.701789,10906420,56.804271,0.388389,0.785226
2026-04-02T12:31:03.711789,10908340,56.814271,0.399692,0.763025
2026-04-02T12:31:03.714877,10908933,56.817359,0.373415,0.807723
2026-04-02T12:31:03.724877,10910853,56.827359,0.432536,0.793283
2026-04-02T12:31:03.706633,10911446,56.830448,0.406354,0.763978
2026-04-02T12:31:03.716633,10913366,56.840448,0.419808,0.788538
2026-04-02T12:31:03.719721,10913959,56.843536,0.360778,0.769961
2026-04-02T12:31:03.729721,10915879,56.853536,0.440083,0.813919
2026-04-02T12:31:03.754142,10916472,56.856625,0.420069,0.786313
2026-04-02T12:31:03.764142,10918392,56.866625,0.409353,0.825363
2026-04-02T12:31:03.767231,10918985,56.869714,0.419653,0.834407
2026-04-02T12:31:03.777231,10920905,56.879714,0.405162,0.800215
2026-04-02T12:31:03.758986,10921498,56.882802,0.427196,0.791697
2026-04-02T12:31:03.768986,10923418,56.892802,0.388954,0.809227
2026-04-02T12:31:03.772075,10924011,56.895891,0.382075,0.816801
2026-04-02T12:31:03.782075,10925931,56.905891,0.377099,0.765277
2026-04-02T12:31:03.806496,10926524,56.908979,0.387865,0.823807
2026-04-02T12:31:03.816496,10928444,56.918979,0.366064,0.835747
2026-04-02T12:31:03.819584,10929037,56.922068,0.410597,0.793255
2026-04-02T12:31:03.829584,10930957,56.932068,0.428568,0.813531
2026-04-02T12:31:03.811340,10931550,56.935156,0.349895,0.800671
2026-04-02T12:31:03.821340,10933470,56.945156,0.408522,0.811322
2026-04-02T12:31:03.824428,10934063,56.948245,0.410796,0.770040
2026-04-02T12:31:03.834428,10935983,56.958245,0.393091,0.870944
2026-04-02T12:31:03.858849,10936576,56.961333,0.412215,0.831238
2026-04-02T12:31:03.868849,10938496,56.971333,0.373209,0.798981
2026-04-02T12:31:03.871938,10939089,56.974422,0.408242,0.811346
2026-04-02T12:31:03.881938,10941009,56.984422,0.368353,0.818279
2026-04-02T12:31:03.863693,10941602,56.987510,0.393125,0.763911
2026-04-02T12:31:03.873693,10943522,56.997510,0.354615,0.797087
2026-04-02T12:31:03.876782,10944115,57.000599,0.384770,0.772203
2026-04-02T12:31:03.886782,10946035,57.010599,0.349212,0.791440
2026-04-02T12:31:03.911203,10946628,57.013688,0.413467,0.754298
2026-04-02T12:31:03.921203,10948548,57.023688,0.381174,0.786340
2026-04-02T12:31:03.924291,10949141,57.026776,0.411893,0.841742
2026-04-02T12:31:03.934291,10951061,57.036776,0.383693,0.819698
2026-04-02T12:31:03.916046,10951654,57.039865,0.458170,0.795035
2026-04-02T12:31:03.926046,10953574,57.049865,0.420062,0.802557
2026-04-02T12:31:03.929135,10954167,57.052953,0.427172,0.784902
2026-04-02T12:31:03.939135,10956087,57.062953,0.395884,0.817431
2026-04-02T12:31:03.963556,10956680,57.066042,0.411643,0.747071
2026-04-02T12:31:03.973556,10958600,57.076042,0.390970,0.826746
2026-04-02T12:31:03.976645,10959193,57.079130,0.406401,0.846013
2026-04-02T12:31:03.986645,10961113,57.089130,0.387536,0.825504
2026-04-02T12:31:03.968400,10961706,57.092219,0.385892,0.771616
2026-04-02T12:31:03.978400,10963626,57.102219,0.419841,0.799647
2026-04-02T12:31:03.981488,10964219,57.105307,0.410061,0.792427
2026-04-02T12:31:03.991488,10966139,57.115307,0.445472,0.802751
2026-04-02T12:31:04.015903,10966732,57.118396,0.389757,0.802380
2026-04-02T12:31:04.025903,10968652,57.128396,0.448075,0.805308
2026-04-02T12:31:04.028992,10969245,57.131484,0.380439,0.775360
2026-04-02T12:31:04.038992,10971165,57.141484,0.432976,0.799268
2026-04-02T12:31:04.020747,10971758,57.144573,0.388226,0.810759
2026-04-02T12:31:04.030747,10973678,57.154573,0.433058,0.787251
2026-04-02T12:31:04.033835,10974271,57.157661,0.393871,0.831876
2026-04-02T12:31:04.043835,10976191,57.167661,0.422740,0.792079
