timestamp,dB_SPL,-90.0,-87.0,-84.0,-81.0,-78.0,-75.0,-72.0,-69.0,-66.0,-63.0,-60.0,-57.0,-54.0,-51.0,-48.0,-45.0,-42.0,-39.0,-36.0,-33.0,-30.0,-27.0,-24.0,-21.0,-18.0,-15.0,-12.0,-9.0,-6.0,-3.0,0.0,3.0,6.0,9.0,12.0,15.0,18.0,21.0,24.0,27.0,30.0,33.0,36.0,39.0,42.0,45.0,48.0,51.0,54.0,57.0,60.0,63.0,66.0,69.0,72.0,75.0,78.0,81.0,84.0,87.0,90.0
2026-03-30 14:29:06.307880,[89.37677256],9.094748567704795e-08,9.1080517149458e-08,9.147820112973168e-08,9.213652988895836e-08,9.304975872800328e-08,9.421248080890235e-08,9.562390500226746e-08,9.72957572858115e-08,9.926565065852613e-08,1.016181124486299e-07,1.0451558583692836e-07,1.0824142094384847e-07,1.1325584693300056e-07,1.2026382725241003e-07,1.3029023422993248e-07,1.4475280892853315e-07,1.655171720609459e-07,1.9491164523075184e-07,2.3567457928793237e-07,2.908058094044356e-07,3.6329968577845097e-07,4.557522889553669e-07,5.698605975016584e-07,7.058641431519089e-07,8.62013856654622e-07,1.034178789765676e-06,1.2157082842136806e-06,1.39764620519694e-06,1.5693424699143972e-06,1.7194317267120054e-06,1.837065372446374e-06,1.9132127578690572e-06,1.9418116810144967e-06,1.9205607451277564e-06,1.851207455502485e-06,1.7392823751342212e-06,1.5933370866777446e-06,1.4238349908670673e-06,1.2418974896583816e-06,1.0581139955098377e-06,8.815862840818149e-07,7.193107355024731e-07,5.759259098029553e-07,4.5378628560849927e-07,3.5327831818430694e-07,2.732765818737964e-07,2.116427301178794e-07,1.656908495197929e-07,1.325706568398673e-07,1.0954727283062998e-07,9.417803771110757e-08,8.440093544933269e-08,7.855590668719552e-08,7.536127269584435e-08,7.386476802937621e-08,7.338423059097898e-08,7.344827481787302e-08,7.374315746350264e-08,7.406892998595822e-08,7.430591174687392e-08,7.439137717376408e-08
2026-03-30 14:29:06.501725,[91.30309962],1.4015828829419227e-07,1.4035208530789253e-07,1.4093239368073492e-07,1.4189639732276503e-07,1.432411259957656e-07,1.4496704490502167e-07,1.4708512768377482e-07,1.4962952412404664e-07,1.5267855846168163e-07,1.5638729887876905e-07,1.6103512619081235e-07,1.6709128411021285e-07,1.7529987631681138e-07,1.8678266427052534e-07,2.0315282649714116e-07,2.2662533860639948e-07,2.601001944315046e-07,3.071846675843994e-07,3.7211284359542065e-07,4.595186236036366e-07,5.74026853187159e-07,7.196500295928955e-07,8.990164252193257e-07,1.1125059877295852e-06,1.3574236449328352e-06,1.6273808925090355e-06,1.9120687379751224e-06,2.1975742971253856e-06,2.4673150305502197e-06,2.703548220847555e-06,2.8892828205860095e-06,3.0103098022668907e-06,3.057009018411329e-06,3.0256072263102576e-06,2.9186550807531256e-06,2.7446399405686454e-06,2.516818966956688e-06,2.25150083668849e-06,1.9660902530311325e-06,1.6772212255901774e-06,1.3992480537799024e-06,1.1432596550216978e-06,9.166642606542836e-07,7.232867622390227e-07,5.638499404279968e-07,4.3668064438739504e-07,3.3848850649827813e-07,2.650965041254746e-07,2.1204586147264893e-07,1.750404570406208e-07,1.5023017094304138e-07,1.343550794478566e-07,1.2478332907673326e-07,1.194773493720324e-07,1.16919043561605e-07,1.1601776786745116e-07,1.1601756254673939e-07,1.1641363857989798e-07,1.1688319829178e-07,1.1723238429914065e-07,1.1735930893295842e-07
2026-03-30 14:29:06.693868,[92.31363683],1.7689838338869425e-07,1.7714809052223523e-07,1.778958602427574e-07,1.7913818350613212e-07,1.8087138798911828e-07,1.8309616235075483e-07,1.8582645216345251e-07,1.891053557643167e-07,1.9303140812451856e-07,1.9779924233630208e-07,2.0375881928769582e-07,2.1149683391354317e-07,2.2194201106934307e-07,2.3649216527551095e-07,2.571545273564661e-07,2.866816616142539e-07,3.2867375273484406e-07,3.8760576622166186e-07,4.6872817212791736e-07,5.777873060448201e-07,7.205215959254182e-07,9.019176101906151e-07,1.12525682975723e-06,1.3910461598760933e-06,1.6959911075378322e-06,2.0322221839191666e-06,2.38700138761194e-06,2.7430991261776622e-06,3.0799365218113468e-06,3.375444829080512e-06,3.6084318794124366e-06,3.761106436423635e-06,3.821336754730363e-06,3.784237310840876e-06,3.6527906795839955e-06,3.4373951266302533e-06,3.15443683477871e-06,2.8241660868371815e-06,2.46826614202602e-06,2.1075211252034726e-06,1.7599206830008964e-06,1.4394119468884428e-06,1.155361798798541e-06,9.126611192173865e-07,7.123127310448482e-07,5.523056070642609e-07,4.2858475291609596e-07,3.35964938549451e-07,2.688900137208957e-07,2.219928856211121e-07,1.9045434383940745e-07,1.7018739207959087e-07,1.5788777296737032e-07,1.5099394274864778e-07,1.4759490793596802e-07,1.4631588393108953e-07,1.4620256477304193e-07,1.4661669234624636e-07,1.4714941302797044e-07,1.4755476100056794e-07,1.4770326837001512e-07
2026-03-30 14:29:06.745934,[68.05029417],4.672448270982145e-09,4.684770022898948e-09,4.7217147453880885e-09,4.783194472348876e-09,4.868976324529621e-09,4.978559139121846e-09,5.11101407493274e-09,5.264805189956964e-09,5.43761366261956e-09,5.626197977054236e-09,5.826330587253297e-09,6.0328568468854375e-09,6.239920851316636e-09,6.44139117361048e-09,6.631493526109143e-09,6.805615374190934e-09,6.9611918315599565e-09,7.098521332317375e-09,7.221309289907335e-09,7.3367195396511075e-09,7.454748822662048e-09,7.586843220356237e-09,7.743844040810833e-09,7.933555878109268e-09,8.1584178359422e-09,8.413862216667798e-09,8.687902592437776e-09,8.962278393197636e-09,9.215124354376033e-09,9.424717499351677e-09,9.57350724391091e-09,9.651478361793932e-09,9.658004278295025e-09,9.601707655841752e-09,9.498357158053759e-09,9.367338219705445e-09,9.227585213338602e-09,9.093951395129084e-09,8.974809480592566e-09,8.871295726567687e-09,8.77816439170169e-09,8.68584221724544e-09,8.583058337555792e-09,8.459403689501577e-09,8.307313692291172e-09,8.123197896457407e-09,7.907681080080448e-09,7.665109595493776e-09,7.402582790584975e-09,7.128790845328198e-09,6.85289777580358e-09,6.583631220590988e-09,6.3286568215819145e-09,6.094244237615177e-09,5.885183705753174e-09,5.704887638421991e-09,5.555606599589637e-09,5.438696471839865e-09,5.354887205307076e-09,5.304518240541682e-09,5.287718476032325e-09
2026-03-30 14:29:06.894126,[87.24576411],5.800941312779671e-08,5.810412161691132e-08,5.8388192605427375e-08,5.886163303942966e-08,5.9525128195609295e-08,6.038142545744219e-08,6.143802725163061e-08,6.271196291571911e-08,6.423762869540473e-08,6.607886315392424e-08,6.834649879790521e-08,7.122249566030525e-08,7.499126742590168e-08,8.007776330314817e-08,8.709007048339897e-08,9.686162288772521e-08,1.1048460495906068e-07,1.293222380195384e-07,1.5498423807039574e-07,1.8924827822438726e-07,2.3391257752738155e-07,2.9057246300967193e-07,3.603277403036908e-07,4.4344705216984426e-07,5.390368275895372e-07,6.447803244204428e-07,7.56819773579563e-07,8.698456659509357e-07,9.774290721910114e-07,1.0725883110005778e-06,1.1485290852629964e-06,1.1994505684836185e-06,1.221282677291271e-06,1.2122217415244883e-06,1.1729650077258228e-06,1.1066017753607197e-06,1.0181860975143503e-06,9.140757390999373e-07,8.011599851188509e-07,6.861073897187446e-07,5.747447434158213e-07,4.7163882321074447e-07,3.7990514366371043e-07,3.012249495529551e-07,2.3602156233422434e-07,1.8373335922835775e-07,1.4312186017066178e-07,1.1256523414067259e-07,9.030450823424159e-08,7.46269531965247e-08,6.398518957485061e-08,5.7059987351845696e-08,5.277950234534478e-08,5.030872570129136e-08,4.902150573888681e-08,4.8464864466614013e-08,4.8322417059644525e-08,4.838110209084035e-08,4.8503423438639036e-08,4.8606049615504476e-08,4.86448408874594e-08
2026-03-30 14:29:07.097906,[81.9972192],2.1505307120855202e-08,2.152540200166618e-08,2.158833780334832e-08,2.1702551576431846e-08,2.188375100688489e-08,2.2157497735280735e-08,2.256303491173208e-08,2.3158524136433476e-08,2.402782908211551e-08,2.5288883560861345e-08,2.7103481425218268e-08,2.968799451799605e-08,3.332404074257868e-08,3.8367487237353304e-08,4.525342577484959e-08,5.4494005672851226e-08,6.66654427971645e-08,8.238041383503429e-08,1.0224271734476948e-07,1.2678283922514665e-07,1.5637606093376698e-07,1.9114887003659827e-07,2.308841437916724e-07,2.749399046340628e-07,3.2219909148777366e-07,3.7106741905270414e-07,4.195320749584703e-07,4.6528565203922055e-07,5.059084004023673e-07,5.390898012017256e-07,5.628604807811874e-07,5.758003750240645e-07,5.771906203321487e-07,5.670850495838264e-07,5.462907461270463e-07,5.16262781934985e-07,4.789324325987036e-07,4.364977313574294e-07,3.9120846228049787e-07,3.4517458360250355e-07,3.002191265785964e-07,2.5778625021562953e-07,2.189048891799375e-07,1.8420030619912984e-07,1.5394092535388844e-07,1.281061968953262e-07,1.0646231834877435e-07,8.863542628490036e-08,7.417535805173405e-08,6.260644404085268e-08,5.346451730752014e-08,4.632120972800251e-08,4.079766353782736e-08,3.657018020714338e-08,3.337026115661802e-08,3.098116325247204e-08,2.923265189305161e-08,2.7995191279785952e-08,2.717442510387811e-08,2.6706496521621206e-08,2.6554535872978677e-08
2026-03-30 14:29:07.362587,[65.10092959],2.1205482475269197e-09,2.128002241288542e-09,2.150360056443499e-09,2.187592004451349e-09,2.2395927740709667e-09,2.3061032136083427e-09,2.38661316019917e-09,2.4802602633310346e-09,2.5857467614917984e-09,2.701303435842488e-09,2.824735520001091e-09,2.9535862283940726e-09,3.085446153233364e-09,3.21841762345888e-09,3.3517103287512855e-09,3.486299513536057e-09,3.6255272200177736e-09,3.7754824739129435e-09,3.9449746303959255e-09,4.144933036465353e-09,4.387138529539192e-09,4.6823189772276426e-09,5.037805433518349e-09,5.455112220756519e-09,5.927925058745528e-09,6.441007837604466e-09,6.970439265018659e-09,7.48536625382198e-09,7.95115176368248e-09,8.333474206927054e-09,8.602690322441235e-09,8.73767666576732e-09,8.728450591572947e-09,8.57712167247152e-09,8.29707319284879e-09,7.910628434482706e-09,7.445728668994494e-09,6.9322796934275755e-09,6.39879669045188e-09,5.869821949179106e-09,5.3643640500303785e-09,4.895375512242128e-09,4.470101705489525e-09,4.091026450145848e-09,3.757112854083891e-09,3.46507531086823e-09,3.2104937943300025e-09,2.988667670639468e-09,2.79518246514355e-09,2.626217721384392e-09,2.4786542867495353e-09,2.350048275852292e-09,2.238532978990329e-09,2.1426960084802346e-09,2.061462745735899e-09,1.9940024928224785e-09,1.9396625660814233e-09,1.8979283407020637e-09,1.8684034935850135e-09,1.8508035228275778e-09,1.8449561330364658e-09
2026-03-30 14:29:07.512297,[91.36776729],1.4039769819642702e-07,1.4058493777071435e-07,1.4114693274180504e-07,1.4208513110124894e-07,1.4340429364085683e-07,1.4511701138732848e-07,1.4725203278228314e-07,1.4986840348276143e-07,1.530779294625766e-07,1.5707881348463094e-07,1.6220330477227443e-07,1.6898156999751878e-07,1.782223780647202e-07,1.9110817476323454e-07,2.092973339726608e-07,2.3501966809736028e-07,2.7114302740144454e-07,3.211802129203545e-07,3.891987555146528e-07,4.795947450444764e-07,5.966997997108004e-07,7.442108946092315e-07,9.244673484000729e-07,1.1376449487608591e-06,1.3809858198404683e-06,1.6482210573816428e-06,1.9293558469019345e-06,2.2109605701586073e-06,2.4770412235821296e-06,2.7104558838400173e-06,2.8947221262557527e-06,3.0159539265531646e-06,3.064607231133547e-06,3.0367229409802076e-06,2.9344381712073074e-06,2.76567395124478e-06,2.5430661373924737e-06,2.2823462630280507e-06,2.000466811389174e-06,1.7137837097649865e-06,1.4365605658520511e-06,1.1799641901465111e-06,9.516081384737649e-07,7.555986271673522e-07,5.929652519920737e-07,4.623257101441484e-07,3.606363074618806e-07,2.83908125011192e-07,2.2780929205294596e-07,1.8811513901308607e-07,1.6100204053968444e-07,1.4320375755634792e-07,1.320609018661765e-07,1.2549690743798055e-07,1.2195065170596862e-07,1.2028958387494202e-07,1.1972017716267164e-07,1.1970618419293418e-07,1.199002469341843e-07,1.2009105919113824e-07,1.2016634160051752e-07
2026-03-30 14:29:07.560613,[68.10723742],3.047405376665201e-09,3.0570515024375792e-09,3.0860624271786406e-09,3.1346434296938075e-09,3.2030950253802284e-09,3.2917491596878807e-09,3.4008772838986795e-09,3.530568306498306e-09,3.680575162133725e-09,3.850131264908046e-09,4.037743484948848e-09,4.240977568959373e-09,4.456265638386778e-09,4.678782709105565e-09,4.9024569513356054e-09,5.120190530385245e-09,5.3243654163521126e-09,5.507681510816224e-09,5.664315311561905e-09,5.791296224203559e-09,5.8898872471014026e-09,5.966654748390787e-09,6.033857744545013e-09,6.10882104384613e-09,6.212104355038776e-09,6.364534445511372e-09,6.583481268340559e-09,6.879046372767909e-09,7.250993307629327e-09,7.68720651576147e-09,8.164194751483432e-09,8.649709493690517e-09,9.107046378794201e-09,9.500185966160609e-09,9.798734543359493e-09,9.981703523166217e-09,1.0039486196750324e-08,9.9738471772944e-09,9.796192754362549e-09,9.52471575737926e-09,9.181137763259407e-09,8.787705160157333e-09,8.364891015758774e-09,7.92999636453683e-09,7.496611700865072e-09,7.0747434081543e-09,6.671346175747857e-09,6.291017088643697e-09,5.936669775615537e-09,5.610085430831949e-09,5.312307087011338e-09,5.043891287940918e-09,4.80505501490354e-09,4.595760052061844e-09,4.4157694159277496e-09,4.264698138479087e-09,4.142068652469648e-09,4.047371946452129e-09,3.980130250464345e-09,3.9399548039273656e-09,3.92659228582447e-09
2026-03-30 14:29:07.753432,[69.24640968],3.939562518806745e-09,3.952564527664511e-09,3.991566645959228e-09,4.0565355212227186e-09,4.147345908983319e-09,4.2636851105486595e-09,4.40493835613948e-09,4.570076944255067e-09,4.757579760336836e-09,4.9654273909737645e-09,5.191213964906756e-09,5.432421411913513e-09,5.686889490919204e-09,5.95348822905598e-09,6.23295458420265e-09,6.528793405354525e-09,6.8480716381840385e-09,7.201869571745287e-09,7.605116423061948e-09,8.075555909392199e-09,8.631682871460805e-09,9.289672453664562e-09,1.0059572473275923e-08,1.0941301344252672e-08,1.1921216371318502e-08,1.297010849479218e-08,1.4043373563449662e-08,1.508378524052763e-08,1.6026793469618328e-08,1.6807702912495725e-08,1.7369596859759468e-08,1.7670609657891252e-08,1.76892075748289e-08,1.742651783100737e-08,1.6905355643041876e-08,1.6166278000001836e-08,1.5261562067400804e-08,1.4248327341850088e-08,1.3182036466886777e-08,1.2111353338194018e-08,1.1074911838965673e-08,1.0100085955095813e-08,9.203468916518175e-09,8.392536693131042e-09,7.667905544833418e-09,7.0256642486066565e-09,6.459413627191483e-09,5.96182056888207e-09,5.5256456991294525e-09,5.1443087399561575e-09,4.812108563165948e-09,4.524224879476782e-09,4.276610531699658e-09,4.06585268638072e-09,3.889049466700518e-09,3.743722563661769e-09,3.6277686503895055e-09,3.5394426238757287e-09,3.4773619430885675e-09,3.4405213988265017e-09,3.428309639753034e-09
2026-03-30 14:29:07.945249,[87.33083109],5.688096937249827e-08,5.697226183193001e-08,5.7246722355777085e-08,5.770632139543964e-08,5.835518618238719e-08,5.92012386661384e-08,6.025923578078061e-08,6.155595378780729e-08,6.313844345262231e-08,6.508641128296415e-08,6.752979592969368e-08,7.067241759024476e-08,7.482205382632143e-08,8.042627742381596e-08,8.811171570618898e-08,9.87219485745803e-08,1.1334611042652727e-07,1.3332675858025074e-07,1.6023251606590014e-07,1.9577967883247686e-07,2.4168904386712813e-07,2.9947126451492324e-07,3.701469365895496e-07,4.5392566793203275e-07,5.498886810966269e-07,6.557368815941965e-07,7.676742711332978e-07,8.804891127394958e-07,9.878693785561692e-07,1.0829468816922726e-06,1.1590141379509704e-06,1.2103119383538243e-06,1.2327573841719912e-06,1.2244818071575414e-06,1.1860782859446904e-06,1.1205131709264034e-06,1.032721563839559e-06,9.289663236258233e-07,8.160792935513354e-07,7.007140086257964e-07,5.887215322294904e-07,4.847230702120155e-07,3.919065224222051e-07,3.120311229898164e-07,2.4559349759806746e-07,1.9209362648878004e-07,1.5033941824976277e-07,1.1873970961428426e-07,9.55520940225665e-08,7.90690997958276e-08,6.774045197303113e-08,6.023882541586016e-08,5.548152144368338e-08,5.262174011395954e-08,5.1021840853061744e-08,5.0218418987746376e-08,4.988613376821851e-08,4.980461449046202e-08,4.9830741681186846e-08,4.98772191381582e-08,4.9897554039656214e-08
2026-03-30 14:29:08.154589,[65.93537118],2.687725564128149e-09,2.6950101846606062e-09,2.716875621875671e-09,2.753354239698534e-09,2.8044932374856506e-09,2.8703485132407633e-09,2.950983967962301e-09,3.0464838595831186e-09,3.1569871676943733e-09,3.2827530032763046e-09,3.4242640090144062e-09,3.5823694571651672e-09,3.758460540879231e-09,3.95465694715305e-09,4.173967118558356e-09,4.420367259435103e-09,4.69873067719006e-09,5.014535686825258e-09,5.373293774856588e-09,5.779675171281486e-09,6.23636726853875e-09,6.742776431737471e-09,7.293761533943879e-09,7.87864711781331e-09,8.480782293280292e-09,9.077870178555452e-09,9.643186606330368e-09,1.0147649079741637e-08,1.0562519265341735e-08,1.0862368233641948e-08,1.1027846349639286e-08,1.104780780471842e-08,1.0920446804201887e-08,1.0653284216112745e-08,1.026205503394664e-08,9.768736451598058e-09,9.19908089649288e-09,8.580056227630151e-09,7.937549708735496e-09,7.2945871120018274e-09,6.670187588618914e-09,6.078851893638437e-09,5.530589595763826e-09,5.03134007020604e-09,4.5836302032493155e-09,4.187328765759462e-09,3.840390465834865e-09,3.539520169173323e-09,3.2807215824252603e-09,3.0597206751049184e-09,2.8722713175057367e-09,2.7143600828222133e-09,2.582330819691846e-09,2.472949447359262e-09,2.3834271289076614e-09,2.311416746854447e-09,2.2549942197804498e-09,2.2126331056541813e-09,2.183178351853385e-09,2.165823037014181e-09,2.1600904755874073e-09
2026-03-30 14:29:08.312980,[89.63970553],8.877513229819038e-08,8.89049472671315e-08,8.929623954954153e-08,8.995501627621819e-08,9.089301470818744e-08,9.213090450958197e-08,9.370399708654389e-08,9.567166847529624e-08,9.813198069462734e-08,1.0124314570056699e-07,1.052534086410655e-07,1.105404765272568e-07,1.1766058002118679e-07,1.274053972899088e-07,1.408621845360709e-07,1.5946847438176385e-07,1.8504783745179128e-07,2.1980815188202965e-07,2.6627992745412425e-07,3.2717147804627214e-07,4.051225093155287e-07,5.023501061616194e-07,6.202020052279767e-07,7.586598331146909e-07,9.158648535748426e-07,1.0877627429528423e-06,1.2679724181296524e-06,1.4479686377786532e-06,1.6176254643900422e-06,1.7661019451403848e-06,1.882975329905878e-06,1.9594597945275246e-06,1.9895099091053442e-06,1.9706122010021548e-06,1.9041180886521214e-06,1.795056916841993e-06,1.6514678335967968e-06,1.4833785897581572e-06,1.3016164487204027e-06,1.1166497669663288e-06,9.376296687501055e-07,7.717418017825516e-07,6.239066175306206e-07,4.96801050771049e-07,3.911279005181302e-07,3.0603719369835277e-07,2.3960476377507667e-07,1.8929076468476112e-07,1.5232657540875664e-07,1.2600498780645584e-07,1.0787047994257468e-07,9.582127608181022e-08,8.814262635896305e-08,8.349263403165908e-08,8.085996196742528e-08,7.950876195682371e-08,7.892167105720426e-08,7.874765363675336e-08,7.875829871760075e-08,7.881402062276361e-08,7.884035747215989e-08
2026-03-30 14:29:08.360562,[66.8744721],3.2546363779828484e-09,3.2629521854787352e-09,3.2880384087579936e-09,3.330321890008646e-09,3.390548902377048e-09,3.4698373185268386e-09,3.569748017350043e-09,3.692370807429358e-09,3.84041466097438e-09,4.017284169418437e-09,4.2271144537045446e-09,4.4747268969321395e-09,4.765460824015801e-09,5.104835531882023e-09,5.49800724870612e-09,5.949010287822768e-09,6.459811966165124e-09,7.0292635134869574e-09,7.652085349298818e-09,8.318070613376877e-09,9.01170883934437e-09,9.712407369352145e-09,1.0395414815281291e-08,1.1033435089963162e-08,1.15987837155705e-08,1.206581310532908e-08,1.2413255662462561e-08,1.2626128954256978e-08,1.2696922464954758e-08,1.2625923277816505e-08,1.2420701827112853e-08,1.2094924512563043e-08,1.166675107660939e-08,1.1157094519154865e-08,1.0587977044271108e-08,9.981132710740606e-09,9.356918571239801e-09,8.733527848352911e-09,8.126463771777721e-09,7.548228445958639e-09,7.00819456547038e-09,6.512643532886267e-09,6.064960556331912e-09,5.665972278874537e-09,5.314399010291729e-09,5.007378840403299e-09,4.7410116306980014e-09,4.5108709057697875e-09,4.312440985432909e-09,4.141452331546932e-09,3.994105742874998e-09,3.867191749225494e-09,3.758122730771878e-09,3.6649009980252646e-09,3.5860468076460294e-09,3.5205074147530118e-09,3.467563406492669e-09,3.4267431937524445e-09,3.397751724651022e-09,3.3804158287623583e-09,3.374646304445866e-09
2026-03-30 14:29:08.553617,[88.95600292],4.561553219133493e-08,4.5716612720215234e-08,4.6027892817685776e-08,4.6573537826958636e-08,4.739398006349773e-08,4.854611245847633e-08,5.010345108421974e-08,5.215612207556483e-08,5.4810495355363675e-08,5.8188355569704793e-08,6.242577032218118e-08,6.767238084672352e-08,7.409272401579096e-08,8.187226161209764e-08,9.123166201338504e-08,1.0245289151574793e-07,1.1591898226225369e-07,1.3216519756864765e-07,1.5193251485496573e-07,1.7620578734852023e-07,2.062109908863823e-07,2.433423195356809e-07,2.8899473276197666e-07,3.442938537133004e-07,4.097426530861731e-07,4.848382112652931e-07,5.677424396105934e-07,6.551058838154027e-07,7.421332303627106e-07,8.229389770237026e-07,8.911778419089058e-07,9.40862612936896e-07,9.672236400615446e-07,9.674387999978174e-07,9.410811520831323e-07,8.901905890496191e-07,8.189593066247378e-07,7.33104968779281e-07,6.390668292209739e-07,5.431839858924706e-07,4.5099909206698203e-07,3.6678468535747936e-07,2.9332937055303357e-07,2.319647467181832e-07,1.82773996723574e-07,1.4490498030428893e-07,1.1691296604847246e-07,9.707456947424667e-08,8.363717287896712e-08,7.499021163956027e-08,6.976179826465165e-08,6.685451728497117e-08,6.543829925402286e-08,6.491771651036319e-08,6.488781323212525e-08,6.508839755852348e-08,6.53627550320413e-08,6.562360353650728e-08,6.582697975699043e-08,6.595353913035143e-08,6.599625952718718e-08
2026-03-30 14:29:08.602079,[67.28899638],3.2421799377326258e-09,3.2539535820695035e-09,3.289271306117565e-09,3.3481030715845863e-09,3.4303323735649595e-09,3.535662552852004e-09,3.6634988742169764e-09,3.812822279190995e-09,3.982078137655265e-09,4.169111171508023e-09,4.371184147086799e-09,4.585120051682894e-09,4.807601640495281e-09,5.035644778204387e-09,5.2672304376386195e-09,5.502035003763195e-09,5.742144761724606e-09,5.9925889536651926e-09,6.261492679161314e-09,6.559654813046334e-09,6.899412899516807e-09,7.292772849564994e-09,7.748946175826154e-09,8.271621887263557e-09,8.85645778248329e-09,9.489353968781567e-09,1.0146026812895013e-08,1.079321794264589e-08,1.1391573038189223e-08,1.1899871094463736e-08,1.2279964508279163e-08,1.2501592378316755e-08,1.2546214703995642e-08,1.240919547831987e-08,1.2099994794427024e-08,1.1640428547641623e-08,1.1061418086734595e-08,1.0398895622772397e-08,9.689608155621191e-09,8.967475708698954e-09,8.260953111896724e-09,7.591585716828347e-09,6.9737059220452805e-09,6.41503894810289e-09,5.917895579551594e-09,5.480622920649743e-09,5.099039555374201e-09,4.7676692076540524e-09,4.480679395699668e-09,4.232509008691734e-09,4.018221496094658e-09,3.833647413055485e-09,3.6753860742979963e-09,3.540728165773782e-09,3.4275464010001283e-09,3.3341851748273866e-09,3.2593660862587653e-09,3.2021157247085383e-09,3.1617154418675592e-09,3.137669398974853e-09,3.12968613344178e-09
2026-03-30 14:29:08.752217,[92.58794704],1.6974830694545187e-07,1.6999223482182803e-07,1.7072964240016223e-07,1.7197850638135656e-07,1.737728063331109e-07,1.761697244496255e-07,1.792620542939031e-07,1.831980856374026e-07,1.882117215892383e-07,1.946658260265079e-07,2.0311158846547117e-07,2.1436573212799034e-07,2.296052900022827e-07,2.504759925151434e-07,2.792046650878136e-07,3.186983037125996e-07,3.7260313741404123e-07,4.452874040817156e-07,5.417044216886882e-07,6.670917568557352e-07,8.264725135753853e-07,1.0239500145539653e-06,1.261828824475138e-06,1.5396497008456395e-06,1.8532838076108176e-06,2.1942765350448754e-06,2.5496447886212965e-06,2.9022977778044204e-06,3.232164176265319e-06,3.517977512425339e-06,3.739522895261851e-06,3.8800194144458074e-06,3.92824245345255e-06,3.8800052892632715e-06,3.7387236944632458e-06,3.5149588023589853e-06,3.225029959554799e-06,2.8889611388805323e-06,2.528130454258962e-06,2.163011602566741e-06,1.8113329036589605e-06,1.4868593332367574e-06,1.1988617550057248e-06,9.522105970748322e-07,7.479431063783305e-07,5.84113833637157e-07,4.567430976136909e-07,3.6071465940343604e-07,2.9052529636391927e-07,2.4084078529358196e-07,2.068550823192095e-07,1.8447772978993476e-07,1.703887198348922e-07,1.620029873984668e-07,1.5738227393206599e-07,1.5512400637858662e-07,1.542479211829853e-07,1.540932161773885e-07,1.542328833450783e-07,1.5440773927498662e-07,1.5448030908590666e-07
2026-03-30 14:29:08.803655,[69.10355061],3.493760844514217e-09,3.5054858967098333e-09,3.5407226021943023e-09,3.599638838553229e-09,3.682459573875231e-09,3.789388750678274e-09,3.920509504823585e-09,4.075675190762321e-09,4.2544107471400725e-09,4.455852328662769e-09,4.678761405146715e-09,4.9216549784885505e-09,5.183092145846354e-09,5.462143947340417e-09,5.759043458306855e-09,6.075963775108281e-09,6.417805146221223e-09,6.792798907106928e-09,7.2126741565441205e-09,7.692110194530367e-09,8.247242854720215e-09,8.89312748325456e-09,9.640286517896659e-09,1.0490755187811005e-08,1.1434320076375367e-08,1.2445832739769433e-08,1.3484484257497141e-08,1.4495689498558327e-08,1.541575948642326e-08,1.6178923410418063e-08,1.6725652049516675e-08,1.7010810006387378e-08,1.701006948807729e-08,1.6723309232194223e-08,1.617433891613671e-08,1.5407070694105995e-08,1.4478993763223927e-08,1.3453302731052832e-08,1.2391173868884085e-08,1.1345472650241978e-08,1.0356708259902341e-08,9.451480110630726e-09,8.643144184604612e-09,7.93407565353807e-09,7.3187639408033225e-09,6.787027792249844e-09,6.32681860170741e-09,5.926313350680106e-09,5.575217433047385e-09,5.265360101564233e-09,4.990756213876858e-09,4.7473338431458375e-09,4.532506797296296e-09,4.34472591520814e-09,4.1830917016406015e-09,4.04706574732911e-09,3.93628537184101e-09,3.8504659684245525e-09,3.789366584892346e-09,3.752793122831853e-09,3.740617033236306e-09
2026-03-30 14:29:08.948748,[87.48971049],5.6880819396721324e-08,5.69791469322562e-08,5.727594787769256e-08,5.777696351806022e-08,5.849281909881261e-08,5.9440965417164826e-08,6.064910639589877e-08,6.216080512027694e-08,6.404411757577196e-08,6.640419725752805e-08,6.940079102610766e-08,7.327132439725986e-08,7.835973652235123e-08,8.515022567401916e-08,9.430345449687505e-08,1.066904432753426e-07,1.2341640519889648e-07,1.4582349456800458e-07,1.7545861155093527e-07,2.139912735194885e-07,2.630687092321839e-07,3.241022997962445e-07,3.979921082014144e-07,4.84813816617745e-07,5.835120815375659e-07,6.916610690874372e-07,8.053603703707915e-07,9.193267831388147e-07,1.027216703957262e-06,1.1221722794453716e-06,1.1975349635257625e-06,1.2476250584242373e-06,1.2684584890470428e-06,1.2582723086869685e-06,1.2177608250741962e-06,1.1499785438758204e-06,1.0599308895763838e-06,9.53932361246874e-07,8.388500723649281e-07,7.213606562024681e-07,6.073307729629461e-07,5.013936865023016e-07,4.0674836147799276e-07,3.251650607124902e-07,2.5715104687760976e-07,2.0221541398846302e-07,1.591723438022965e-07,1.264330800428064e-07,1.0225329885342858e-07,8.491945870214634e-08,7.287175940871603e-08,6.477092062408288e-08,5.95209949714535e-08,5.6261705195644546e-08,5.434257774126364e-08,5.328864726089669e-08,5.27646706021459e-08,5.254221718371622e-08,5.2471991203382407e-08,5.246236262257965e-08,5.246427761208301e-08
2026-03-30 14:29:09.193474,[65.34915244],2.705460391273634e-09,2.7122315609066174e-09,2.7325664970757874e-09,2.7665215036075205e-09,2.814163569472745e-09,2.8755292680731474e-09,2.9505658646285907e-09,3.0390540511938514e-09,3.140512841817587e-09,3.2540894770438046e-09,3.3784410917125975e-09,3.511620595116301e-09,3.650986439335909e-09,3.793163643039814e-09,3.9340894187371135e-09,4.069177691780017e-09,4.1936286864755045e-09,4.302889088445735e-09,4.393233981814739e-09,4.462397276601017e-09,4.510132201722288e-09,4.5385527864685484e-09,4.552108553131905e-09,4.557091460482802e-09,4.5606685593794825e-09,4.569560638810013e-09,4.588613461030791e-09,4.619590881888174e-09,4.660519389450556e-09,4.705813731500215e-09,4.747228851844914e-09,4.775463191853542e-09,4.782050790328099e-09,4.761088037424446e-09,4.710379453945009e-09,4.631745646281496e-09,4.530464646905671e-09,4.414042127565996e-09,4.29065853352221e-09,4.167682960418673e-09,4.0505752149456205e-09,3.942354225065143e-09,3.843645710836745e-09,3.753184884007536e-09,3.6685725492790507e-09,3.5870725188475188e-09,3.506281077557927e-09,3.4245704066613728e-09,3.3412816931869397e-09,3.256701340087831e-09,3.1718865339274258e-09,3.0884148574494e-09,3.0081229628864287e-09,2.932879959214265e-09,2.8644196869065194e-09,2.804237629456855e-09,2.7535453155074267e-09,2.7132679990620403e-09,2.6840691477367804e-09,2.6663862904644468e-09,2.6604656161579077e-09
2026-03-30 14:29:09.389467,[66.21760801],3.550081529687259e-09,3.5568524201845616e-09,3.5771231914391223e-09,3.610767057178254e-09,3.657570407023075e-09,3.7172339017660993e-09,3.789382802389999e-09,3.873594493935529e-09,3.969451908371418e-09,4.076630659471787e-09,4.1950244949967245e-09,4.324907575674966e-09,4.467122904321832e-09,4.6232744176121965e-09,4.795887211202305e-09,4.9884885311663125e-09,5.205554866205685e-09,5.452271484282916e-09,5.734063490760586e-09,6.0558840054634105e-09,6.421285039611786e-09,6.831346561297652e-09,7.283591934963112e-09,7.771062977222413e-09,8.28175276773379e-09,8.798586734927022e-09,9.300093487307766e-09,9.761814746916686e-09,1.0158377571500842e-08,1.0466012806788362e-08,1.0665182061079415e-08,1.074290520717295e-08,1.069438845641033e-08,1.0523649349128041e-08,1.0243005995583007e-08,9.871507284655734e-09,9.432578534908687e-09,8.951294215982979e-09,8.451733274660982e-09,7.954816960553942e-09,7.476894853165713e-09,7.0291721516424224e-09,6.617905690582432e-09,6.245174597132959e-09,5.90997336310396e-09,5.609379965880776e-09,5.339603673562837e-09,5.096792925480099e-09,4.877560408814227e-09,4.679243720118258e-09,4.499957986135279e-09,4.3385115059387215e-09,4.194252018595195e-09,4.066896846790556e-09,3.9563817826378116e-09,3.862746217267928e-09,3.7860584942200635e-09,3.726376684110687e-09,3.683735535353774e-09,3.6581492195661385e-09,3.6496205076499514e-09
2026-03-30 14:29:09.585486,[91.67462419],1.3271306232988663e-07,1.3291532231450632e-07,1.335307564997009e-07,1.3458646056349003e-07,1.3613160921568675e-07,1.3824430358480438e-07,1.410427637137388e-07,1.4470235638701448e-07,1.49480168234995e-07,1.5574882928617814e-07,1.6404093668125342e-07,1.7510455338966128e-07,1.899686523196821e-07,2.100148093132092e-07,2.3704771796648736e-07,2.733521476179195e-07,3.2171806389055817e-07,3.854096193131067e-07,4.680492384034249e-07,5.733875770373722e-07,7.049368335244199e-07,8.654616249514087e-07,1.0563497611171666e-06,1.276922923518678e-06,1.5237882233083686e-06,1.7903650977228087e-06,2.0667345923075447e-06,2.3399376239622396e-06,2.594789571552957e-06,2.815185589013004e-06,2.985761892809574e-06,3.0936799500549775e-06,3.1302421254265124e-06,3.092050524983623e-06,2.9814911493636585e-06,2.8064492257828716e-06,2.579308704010536e-06,2.3154222810605706e-06,2.0313254644787375e-06,1.7429909810082906e-06,1.4643789606558024e-06,1.2064511062061677e-06,9.767102887222211e-07,7.792278828001956e-07,6.150496944903107e-07,4.828365204658846e-07,3.7959539333928874e-07,3.0138307196910796e-07,2.439019252323573e-07,2.0294854396334448e-07,1.7470908653765178e-07,1.5591853699862479e-07,1.4391331433887925e-07,1.3660992836799943e-07,1.3243954994408936e-07,1.3026235369462834e-07,1.2927859508874477e-07,1.2894708969684244e-07,1.2891681824152802e-07,1.2897398522361207e-07,1.2900487534264884e-07
2026-03-30 14:29:09.780951,[92.50198472],1.4738975219003563e-07,1.475851461470823e-07,1.481839270511997e-07,1.4922547041046515e-07,1.5078093317643813e-07,1.529624743653583e-07,1.559379365986121e-07,1.599525757931516e-07,1.6535959045945488e-07,1.7266110758808924e-07,1.825608227354076e-07,1.9602852341246762e-07,2.1437504897853778e-07,2.393335972991788e-07,2.731393853552131e-07,3.1859428504523355e-07,3.790962538543572e-07,4.5860586208470073e-07,5.61515706939585e-07,6.923859989774441e-07,8.555152072834917e-07,1.0543326440201433e-06,1.2906329744135924e-06,1.5637196848402795e-06,1.869578422587951e-06,2.200248237128092e-06,2.5435811039459616e-06,2.8835603951569665e-06,3.2012776402889826e-06,3.476548762690097e-06,3.6900078514760245e-06,3.825384030293574e-06,3.871584711796911e-06,3.824206810160869e-06,3.686185536525122e-06,3.4674510093557194e-06,3.1836564423792597e-06,2.8542183622464722e-06,2.5000252062414395e-06,2.1412011087704753e-06,1.7952574770919232e-06,1.475849397254939e-06,1.192213023096602e-06,9.492302484570174e-07,7.479746101791162e-07,5.865489634697435e-07,4.6102796421443684e-07,3.663538356939518e-07,2.9708555688533355e-07,2.479542965347153e-07,2.1422118486504143e-07,1.9186251700338003e-07,1.7762207869127375e-07,1.689732984986625e-07,1.6402936159706509e-07,1.6143110628447612e-07,1.602334073177981e-07,1.5980266481567938e-07,1.5973182297227525e-07,1.5977520225674977e-07,1.5980310192349913e-07
2026-03-30 14:29:09.830883,[69.35650872],4.386838319765652e-09,4.40327187930766e-09,4.452550638088682e-09,4.5345728807070694e-09,4.649051329157829e-09,4.795344569886153e-09,4.972239582173285e-09,5.177709093619293e-09,5.408680421321699e-09,5.660867534678349e-09,5.92873267785071e-09,6.20565339394868e-09,6.484368629255941e-09,6.757756073794412e-09,7.019945126488775e-09,7.2676928876469615e-09,7.50184921825064e-09,7.728627360375216e-09,7.960307771895462e-09,8.214973219627984e-09,8.514941984991275e-09,8.883758538727137e-09,9.341911779632478e-09,9.901831090765381e-09,1.0563067321688917e-08,1.1308780197226473e-08,1.2104615346270688e-08,1.290070619001861e-08,1.3636911434861353e-08,1.425063165423087e-08,1.4685845632050374e-08,1.490158744183649e-08,1.4878101819422231e-08,1.4619394222864122e-08,1.4151712888740281e-08,1.3518432035855736e-08,1.2772583620468663e-08,1.1968701550333646e-08,1.115561152166774e-08,1.0371377196324385e-08,9.640963077133234e-09,8.976502028251548e-09,8.379538152440809e-09,7.844353329844556e-09,7.361486318290809e-09,6.920752169444997e-09,6.5133662015142e-09,6.133072721274851e-09,5.7764050831937455e-09,5.4423305392892125e-09,5.131565078601048e-09,4.8458059556313705e-09,4.587055866432957e-09,4.357131891879155e-09,4.157383940102797e-09,3.988600506413224e-09,3.851054778179502e-09,3.744637076413097e-09,3.669024111714365e-09,3.623845668246568e-09,3.6088207733997684e-09
2026-03-30 14:29:10.040372,[66.02285276],1.4761969943488962e-09,1.4822760361243785e-09,1.5005863100376938e-09,1.5313373118429417e-09,1.5748448320303511e-09,1.631480394608885e-09,1.701600184228637e-09,1.7854548758134134e-09,1.883084568349741e-09,1.9942073745852168e-09,2.1181159687063596e-09,2.253602786260728e-09,2.3989400300551563e-09,2.5519427034687854e-09,2.7101384844890845e-09,2.8710544101620475e-09,3.0326055119120747e-09,3.1935362070026544e-09,3.3538273375339106e-09,3.5149510104184362e-09,3.6798458730938977e-09,3.852510578384938e-09,4.037179954374656e-09,4.237151506592227e-09,4.453448517213735e-09,4.683606005600946e-09,4.920908494622681e-09,5.154364507522937e-09,5.369566010815878e-09,5.550377010864099e-09,5.6811777134595414e-09,5.7492252287414936e-09,5.746634584718169e-09,5.671558781652301e-09,5.528335201921533e-09,5.326612126834708e-09,5.079700168834672e-09,4.802544335522802e-09,4.50974839830117e-09,4.214008234808975e-09,3.925161565852324e-09,3.6498906684434297e-09,3.391971263646378e-09,3.1528756984085478e-09,2.9325190491583146e-09,2.7299702469620166e-09,2.544013334440371e-09,2.3735122286907888e-09,2.2175879238087906e-09,2.0756512287884193e-09,1.9473466482712435e-09,1.8324590650619333e-09,1.7308216786809855e-09,1.6422477567369424e-09,1.566494684206901e-09,1.5032587570637587e-09,1.4521935135471598e-09,1.4129423594751339e-09,1.3851766178844879e-09,1.3686317558053237e-09,1.3631365417577193e-09
2026-03-30 14:29:10.189516,[88.76013834],6.561428788064903e-08,6.571524823421474e-08,6.602408259175902e-08,6.65593476286431e-08,6.735440069150391e-08,6.84614074374203e-08,6.995763842837877e-08,7.195464161083718e-08,7.461089511040584e-08,7.814843725099159e-08,8.287370067645653e-08,8.920230367338977e-08,9.768682709581007e-08,1.0904557454349385e-07,1.2418891847233519e-07,1.442380389313026e-07,1.705287080943167e-07,2.0459048711878986e-07,2.4808981402485656e-07,3.027249090769432e-07,3.700625221026177e-07,4.5131272531711285e-07,5.47049206579459e-07,6.568986096992525e-07,7.792411921867411e-07,9.109819358174974e-07,1.0474600498032589e-06,1.1825592839203577e-06,1.30905773417587e-06,1.4192147996271018e-06,1.5055416427011725e-06,1.561652170973729e-06,1.5830585283423985e-06,1.5677700983228553e-06,1.5165827592371475e-06,1.4330008206332663e-06,1.3228043865572982e-06,1.1933419785974666e-06,1.0526754058073932e-06,9.087206973275199e-07,7.685140766236046e-07,6.376926734650288e-07,5.202285196128861e-07,4.1840487279067855e-07,3.3298658130904395e-07,2.635163315028212e-07,2.0866609628491888e-07,1.6658382537006947e-07,1.3519345528352196e-07,1.1242592688629918e-07,9.637585118621157e-08,8.539052963443011e-08,7.81047799563603e-08,7.343723414018329e-08,7.056282874879452e-08,6.887351979807477e-08,6.793598306298426e-08,6.745198117102433e-08,6.722460100710317e-08,6.713181982347795e-08,6.7107801258679e-08
2026-03-30 14:29:10.238065,[66.51999733],1.6983873502622555e-09,1.7052087097994784e-09,1.7257609303625355e-09,1.760293615917163e-09,1.8091732484050192e-09,1.8728088599812786e-09,1.951549220065242e-09,2.0455557923081604e-09,2.1546609183923687e-09,2.2782281158512233e-09,2.4150403308571965e-09,2.5632507174062124e-09,2.720436052692251e-09,2.883791216527508e-09,3.050489902101473e-09,3.2182086228023943e-09,3.385767972536182e-09,3.5537920119250466e-09,3.725235071106974e-09,3.905592428472097e-09,4.10261672253332e-09,4.325420893599032e-09,4.5829642097088676e-09,4.882075272784285e-09,5.225329575075023e-09,5.609220124408031e-09,6.0230890474926235e-09,6.449195553138138e-09,6.8640849795742936e-09,7.2411384366765775e-09,7.553897160714436e-09,7.779552925085335e-09,7.901938666414163e-09,7.913462000688513e-09,7.815667693532828e-09,7.61842225492159e-09,7.337998188017849e-09,6.994524439448986e-09,6.609326399351862e-09,6.202609242799431e-09,5.791782578268372e-09,5.390538128534269e-09,5.008627179942464e-09,4.652174156498696e-09,4.324317154233971e-09,4.025976419039778e-09,3.756597424626566e-09,3.514774345848705e-09,3.298714864170404e-09,3.1065483701671395e-09,2.936503849062399e-09,2.7869931281593703e-09,2.656634187777272e-09,2.544242629231119e-09,2.4488109438179534e-09,2.3694873521495833e-09,2.3055598432175346e-09,2.2564469017949975e-09,2.221694031510295e-09,2.2009741225431844e-09,2.1940895356289008e-09
2026-03-30 14:29:10.390437,[89.92813617],8.24315582015271e-08,8.255660279764259e-08,8.293874354841665e-08,8.359987866836829e-08,8.457956381859769e-08,8.594005532412252e-08,8.777422760162317e-08,9.021709192836924e-08,9.346165593705471e-08,9.777971582860279e-08,1.0354782268390609e-07,1.1127806566239294e-07,1.2165241982682583e-07,1.355581585336825e-07,1.5412016747880878e-07,1.7872387446521418e-07,2.1101996234254413e-07,2.528992993605373e-07,3.0642419734501853e-07,3.737012842416555e-07,4.5668353495433846e-07,5.568961299107674e-07,6.750941395930939e-07,8.108794828130887e-07,9.62327700379087e-07,1.1256964824846378e-06,1.2952999721091449e-06,1.4636276943821003e-06,1.621759278132178e-06,1.760076485176976e-06,1.8692105752343092e-06,1.941100626979891e-06,1.9699950525126316e-06,1.9532193683416577e-06,1.8915650184327212e-06,1.7892216217079062e-06,1.6532624019643006e-06,1.492777550560251e-06,1.3178115767481941e-06,1.13828455423591e-06,9.630610637302039e-07,7.992829703888669e-07,6.520184625076274e-07,5.242170813475522e-07,4.1691237868196707e-07,3.295874714363545e-07,2.606143842188411e-07,2.0769076824367206e-07,1.6821995846014026e-07,1.3960507118300997e-07,1.194494775428117e-07,1.0567154884918903e-07,9.655039677757154e-08,9.07223590342977e-08,8.71469187702831e-08,8.505740111458008e-08,8.390765274791451e-08,8.332198766817256e-08,8.30525130158016e-08,8.29457109917473e-08,8.291879492899061e-08
2026-03-30 14:29:10.441515,[66.23186414],2.114145591208842e-09,2.121351047805076e-09,2.1430720420042666e-09,2.1796125207161045e-09,2.231445533786629e-09,2.2991616299721527e-09,2.383394823195222e-09,2.484726291338741e-09,2.603568751370384e-09,2.7400390502974596e-09,2.8938327938834036e-09,3.0641220618897206e-09,3.2495038428165472e-09,3.4480302427366137e-09,3.6573485488669726e-09,3.874966602111088e-09,4.098634596973998e-09,4.326799136760586e-09,4.559044238220208e-09,4.796397189675472e-09,5.0413589942555315e-09,5.297534627942e-09,5.5687978751858036e-09,5.858028452719994e-09,6.165589224195102e-09,6.487836473754013e-09,6.816034942542751e-09,7.136043261219613e-09,7.429024609604572e-09,7.673232645178378e-09,7.846668334161338e-09,7.930167584066929e-09,7.910334035409529e-09,7.781726018728234e-09,7.547850881284216e-09,7.2207771041364216e-09,6.819473819135549e-09,6.367246748581734e-09,5.888793640901452e-09,5.407421140626667e-09,4.942860280956367e-09,4.509933499728414e-09,4.118120590154266e-09,3.771897218280408e-09,3.4716109831762912e-09,3.214625450349986e-09,2.9964903842773475e-09,2.811962854283357e-09,2.6557831314484758e-09,2.5231806655643493e-09,2.4101369644602586e-09,2.313460561227389e-09,2.230737409705053e-09,2.160214157480666e-09,2.1006584812488247e-09,2.051225495239227e-09,2.0113457150717953e-09,1.980639885128599e-09,1.9588594846641966e-09,1.9458484325616407e-09,1.9415206030805276e-09
2026-03-30 14:29:10.600035,[91.91568376],1.2825877399110365e-07,1.2843845349154307e-07,1.2899029167887228e-07,1.2995419039200936e-07,1.3140186729340752e-07,1.3344537221154925e-07,1.3625030947656348e-07,1.400548495961525e-07,1.451955987585258e-07,1.521411169134728e-07,1.6153326573716478e-07,1.7423555939977159e-07,1.9138621668580036e-07,2.144516021556533e-07,2.452731273610532e-07,2.860974275709362e-07,3.3957583258316397e-07,4.0871521226763834e-07,4.967591296558424e-07,6.069775298135234e-07,7.423472875539995e-07,9.05117451875802e-07,1.0962738533947863e-06,1.314947603473244e-06,1.5578470080586513e-06,1.8188243421768622e-06,2.088706207709085e-06,2.3555068537303054e-06,2.6051000814998325e-06,2.8223482740487286e-06,2.99258932860594e-06,3.103286768908251e-06,3.1455825408694986e-06,3.115479102696011e-06,3.014427506621341e-06,2.8492032907931625e-06,2.6310873930903327e-06,2.3745007546411432e-06,2.0953359962814845e-06,1.8092663058665262e-06,1.5302865666806108e-06,1.2696677303362877e-06,1.0354064122843933e-06,8.321540721495653e-07,6.615350345025531e-07,5.227211609664468e-07,4.1312374389903607e-07,3.290826460115399e-07,2.664674270639483e-07,2.2114381702771247e-07,1.8929284371719043e-07,1.675945015898492e-07,1.533019388745497e-07,1.442371313402805e-07,1.3873753005888499e-07,1.3557803013088835e-07,1.3388614808285014e-07,1.3306211686306336e-07,1.3271057905954772e-07,1.3258698264447194e-07,1.325595938958599e-07
2026-03-30 14:29:10.655718,[69.63764094],3.2889402453677527e-09,3.298285237963819e-09,3.3263083871681756e-09,3.3729578180438267e-09,3.438093955952319e-09,3.52141559818251e-09,3.6223694534745742e-09,3.740059546637748e-09,3.873181622809035e-09,4.020017917866415e-09,4.1785376175959e-09,4.3466546704037e-09,4.522692292483947e-09,4.706086144750548e-09,4.898319407623644e-09,5.104018954801949e-09,5.332054651317807e-09,5.59638538776872e-09,5.916310012191359e-09,6.315744315350846e-09,6.821196814749462e-09,7.458288116990909e-09,8.246957350282537e-09,9.195889034659039e-09,1.0297090805948374e-08,1.1521834796714077e-08,1.2819214777052785e-08,1.4118278722272112e-08,1.53340697556421e-08,1.6377056552015957e-08,1.716456555313159e-08,1.7632194211831334e-08,1.774300083656586e-08,1.749262724324989e-08,1.690934664933264e-08,1.6049122356520376e-08,1.4986813519920593e-08,1.3805392381815412e-08,1.2585271868138375e-08,1.1395569146108159e-08,1.0288481230273097e-08,9.29714155855585e-09,8.436587675248034e-09,7.706964738697485e-09,7.0978857496698235e-09,6.592941112136633e-09,6.17360791760407e-09,5.822142146428137e-09,5.523348474760593e-09,5.265351868752415e-09,5.0396215841376216e-09,4.8405317531745395e-09,4.664710955401666e-09,4.510367591367849e-09,4.376704947130846e-09,4.2634767437966504e-09,4.170688587190784e-09,4.098423889740718e-09,4.046761267856524e-09,4.015749379339572e-09,4.0054101851984055e-09
2026-03-30 14:29:10.811858,[92.93509506],1.6037686103623173e-07,1.6058682894054593e-07,1.6123316710926394e-07,1.623672449548369e-07,1.64081831904856e-07,1.6652272552694822e-07,1.699066906991609e-07,1.7454704472069264e-07,1.8088812268007083e-07,1.8954937885407594e-07,2.0137894387033585e-07,2.1751500555710335e-07,2.394513805226469e-07,2.691010799986611e-07,3.088485476850388e-07,3.6157759146936434e-07,4.306579888249947e-07,5.198697471917508e-07,6.332410211169207e-07,7.74775499286054e-07,9.480502870471395e-07,1.15567894082536e-06,1.398658681944503e-06,1.6756558488790923e-06,1.98232504507756e-06,2.3107957091118045e-06,2.649481180270849e-06,2.983355084058231e-06,3.294787998022002e-06,3.564944406775674e-06,3.775620599449792e-06,3.911286091685243e-06,3.961008260665774e-06,3.919921411544958e-06,3.78996100192838e-06,3.5797124843579423e-06,3.3033921652610347e-06,2.9791421955827204e-06,2.6269419522766837e-06,2.266486297480094e-06,1.9153517268942782e-06,1.5876797828312167e-06,1.293483045168413e-06,1.0385558160801538e-06,8.248761948646242e-07,6.513330865955115e-07,5.146018467933973e-07,4.100164533211065e-07,3.3232990597708076e-07,2.7630353730412207e-07,2.371091031463816e-07,2.1055884260738042e-07,1.931966655936436e-07,1.8228997806450156e-07,1.7575973254093707e-07,1.7207968998983362e-07,1.7016759788532525e-07,1.6928307912028756e-07,1.6894060230781684e-07,1.6884134990050917e-07,1.6882502913751035e-07
2026-03-30 14:29:10.865780,[69.83025244],7.058162987956316e-09,7.084566766681575e-09,7.164200034194796e-09,7.298319619322333e-09,7.488988785699051e-09,7.73902447683433e-09,8.051912007007078e-09,8.431675212162726e-09,8.882686311083623e-09,9.409396493506635e-09,1.0015966583142702e-08,1.0705778569500281e-08,1.1480815340313581e-08,1.234090966182542e-08,1.3282885918392815e-08,1.42996494718575e-08,1.537931636532071e-08,1.6504514717622567e-08,1.7652019195998293e-08,1.8792889533334867e-08,1.9893261335896827e-08,2.0915874560523824e-08,2.182232254877974e-08,2.2575874489544997e-08,2.314459054416197e-08,2.3504343318184912e-08,2.3641313388442024e-08,2.355356144481173e-08,2.325139778061284e-08,2.275645172914368e-08,2.2099551289271464e-08,2.1317710826870714e-08,2.0450652118110834e-08,1.9537327789553182e-08,1.8612875275373064e-08,1.7706322421673512e-08,1.6839223028968094e-08,1.6025253494824456e-08,1.527067514568313e-08,1.457547532334742e-08,1.393494859640942e-08,1.33414656721255e-08,1.2786196178197034e-08,1.2260595248695517e-08,1.175752444455217e-08,1.1271945622592548e-08,1.0801192122345758e-08,1.0344876045771567e-08,9.904526871957824e-09,9.48307231208061e-09,9.084268389894258e-09,8.71216680832549e-09,8.370680163913369e-09,8.063276056250035e-09,7.792804892864227e-09,7.56144645719365e-09,7.370748214796391e-09,7.221723314957267e-09,7.114976717636052e-09,7.050831915326118e-09,7.029436582895307e-09
2026-03-30 14:29:11.013843,[87.88189867],5.4274874542793444e-08,5.435479267183632e-08,5.459994847883185e-08,5.5027213454993434e-08,5.5667006327543055e-08,5.6566992158995843e-08,5.779770879393114e-08,5.94604486961641e-08,6.169765225729169e-08,6.470588679014498e-08,6.875119164539782e-08,7.418617707805351e-08,8.146779456946882e-08,9.117416477233698e-08,1.0401824338550262e-07,1.2085536875496715e-07,1.4268078063135808e-07,1.7061197382129982e-07,2.0584935922704412e-07,2.4960757197328517e-07,3.0300974770596744e-07,3.669394185561368e-07,4.4185064098473445e-07,5.275472496138528e-07,6.229560416001984e-07,7.259335531252074e-07,8.331572487982464e-07,9.401537943149965e-07,1.0415049727678912e-06,1.1312443588222704e-06,1.2034186963360915e-06,1.2527457521729021e-06,1.2752670656179204e-06,1.2688806909588126e-06,1.233652203127108e-06,1.1718407652776042e-06,1.0876319718786758e-06,9.86626337972159e-07,8.751769747283507e-07,7.596915729274191e-07,6.460088880518228e-07,5.389326124026019e-07,4.419653511018929e-07,3.5724371719600377e-07,2.856419266052438e-07,2.269912801630945e-07,1.803575391910648e-07,1.4432471728744817e-07,1.1724754014032001e-07,9.745087676100279e-08,8.336898610567245e-08,7.3628236104869e-08,6.708338153910541e-08,6.282000749482017e-08,6.013541960693659e-08,5.8508278044929367e-08,5.7564640228020916e-08,5.704550188839092e-08,5.677880023187577e-08,5.6657312228775006e-08,5.662292910093723e-08
2026-03-30 14:29:11.221495,[87.52584484],4.3768507057792864e-08,4.382488192237933e-08,4.399702952387989e-08,4.4294812916871436e-08,4.473740446476756e-08,4.535768333407922e-08,4.620895296319816e-08,4.737445862977098e-08,4.898019252679758e-08,5.121135959864324e-08,5.433259105838663e-08,5.871147491274421e-08,6.484416367104543e-08,7.338067302701762e-08,8.514599885697713e-08,1.0115143628293695e-07,1.2258870662607626e-07,1.5079810054852143e-07,1.8720145755856812e-07,2.3319221967937396e-07,2.899788270159656e-07,3.5838489564463954e-07,4.3861980499492746e-07,5.300453622041586e-07,6.309757273050208e-07,7.38555381065403e-07,8.487598955288532e-07,9.565537832484244e-07,1.0562180945580725e-06,1.141830207517955e-06,1.2078451921251929e-06,1.2497002085778247e-06,1.2643486607640921e-06,1.2506347918504016e-06,1.2094429794137654e-06,1.1435946976355573e-06,1.0575111548355587e-06,9.567003544559323e-07,8.471544558514089e-07,7.347514836267147e-07,6.247445211863359e-07,5.213961406056909e-07,4.2778347501225433e-07,3.457679897848793e-07,2.760999064084249e-07,2.1861367176689963e-07,1.724680286567843e-07,1.363899298205405e-07,1.0889233183416915e-07,8.844832439101154e-08,7.361536099971226e-08,6.311193870056863e-08,5.58543918735837e-08,5.096379365672805e-08,4.775302465126082e-08,4.570272988774519e-08,4.443290890801836e-08,4.3674837696234345e-08,4.324625073685588e-08,4.3031372874405554e-08,4.296650485040564e-08
2026-03-30 14:29:11.270920,[82.6129605],1.6861839727964243e-08,1.687792753433233e-08,1.6927014754502146e-08,1.701183748436123e-08,1.7137860091603327e-08,1.7314692343657464e-08,1.755813900026531e-08,1.7892821575124955e-08,1.8355131428446334e-08,1.899600921602039e-08,1.9882737529932183e-08,2.109866560835992e-08,2.273968628694621e-08,2.4906509432052542e-08,2.769245354971186e-08,3.1167643382112815e-08,3.5362016266064756e-08,4.025103719380438e-08,4.5748930678223786e-08,5.1713914374797674e-08,5.79678968695441e-08,6.432938323153233e-08,7.065361662464527e-08,7.686967214970611e-08,8.300208502170479e-08,8.916615829194646e-08,9.553187547133042e-08,1.0226033185187933e-07,1.0942626837331387e-07,1.1694729490464654e-07,1.2454177031097472e-07,1.3173177142944506e-07,1.378962451108376e-07,1.4236562517686483e-07,1.4453732107294427e-07,1.4398540789694235e-07,1.405394359964161e-07,1.3431577121873698e-07,1.2569729473346287e-07,1.1526965945922818e-07,1.0373111718744396e-07,9.179627452787716e-08,8.01120349975162e-08,6.919804176294424e-08,5.94164949229727e-08,5.096947744825492e-08,4.3917323994922394e-08,3.820958243007999e-08,3.372041610793918e-08,3.028208377134799e-08,2.77125294202362e-08,2.5835403629350256e-08,2.4492596017558804e-08,2.3550442762217015e-08,2.2901242774957705e-08,2.2461735448502686e-08,2.2169948263615082e-08,2.1981472008420485e-08,2.1865873442067813e-08,2.180366916684685e-08,2.178408109462283e-08
2026-03-30 14:29:11.470445,[68.35233744],1.6814253057995843e-09,1.687193302398283e-09,1.7045664118087863e-09,1.7337445765507108e-09,1.7750364339125148e-09,1.8288230834999074e-09,1.8955095745071787e-09,1.975468331373761e-09,2.0689826281048407e-09,2.176203618166477e-09,2.2971407545496745e-09,2.431711226256392e-09,2.5798767041607406e-09,2.7418915762542407e-09,2.9186718301504152e-09,3.1122645333312034e-09,3.3263541070111145e-09,3.5666882332205557e-09,3.841255346170443e-09,4.160016345863205e-09,4.5340082782125015e-09,4.973716757446476e-09,5.4867632238706875e-09,6.075156496485852e-09,6.732572227004602e-09,7.442283632946319e-09,8.176401899728078e-09,8.896944530138487e-09,9.55892986840867e-09,1.0115251256508834e-08,1.0522623975300728e-08,1.0747556443455388e-08,1.0771189115694915e-08,1.0592022922117617e-08,1.0225990425740754e-08,9.703893951644126e-09,9.06678910806854e-09,8.36028146175044e-09,7.628837134750133e-09,6.911074817191398e-09,6.236673706669192e-09,5.625112009040098e-09,5.08606176181147e-09,4.620995066143909e-09,4.2254418510728955e-09,3.891368576877159e-09,3.6092758656531487e-09,3.3697839062793906e-09,3.1646373382805898e-09,2.9871837383615712e-09,2.832449682543745e-09,2.6969598190867026e-09,2.5784309974041836e-09,2.47544132058487e-09,2.3871368080012245e-09,2.31300539158713e-09,2.252723693808805e-09,2.2060672175506632e-09,2.1728677672583905e-09,2.1530007815784757e-09,2.1463875022617782e-09
2026-03-30 14:29:11.670912,[92.12181213],1.3111812410617854e-07,1.3125712117705687e-07,1.3168953671423252e-07,1.3246358409440348e-07,1.3366627017085872e-07,1.354339736361554e-07,1.3796831444074495e-07,1.4155804051653164e-07,1.4660739886581744e-07,1.536708822321113e-07,1.6349334047975558e-07,1.7705325867331769e-07,1.9560561976200585e-07,2.20719294944634e-07,2.5430241204884575e-07,2.986076298454157e-07,3.5620759365434845e-07,4.2992897652529953e-07,5.227315844147464e-07,6.375177777042338e-07,7.768585618877337e-07,9.426285874276793e-07,1.135555634474557e-06,1.3547124824230319e-06,1.597009053583474e-06,1.8567747542117803e-06,2.1255449794040195e-06,2.3921693697358123e-06,2.64333197739705e-06,2.864511426588292e-06,3.041319993814433e-06,3.1610636131574466e-06,3.21428702237274e-06,3.196035749480505e-06,3.1065951876957385e-06,2.951555113090078e-06,2.741175799060864e-06,2.489166862388589e-06,2.2110974403452573e-06,1.9227104978362774e-06,1.6384057334673807e-06,1.3700932923182163e-06,1.1265260959100025e-06,9.13118789749606e-07,7.321793081880005e-07,5.834288757026071e-07,4.6467101299585416e-07,3.7248391826597844e-07,3.028425485913166e-07,2.516151209051917e-07,2.1491417970666532e-07,1.8930921180626122e-07,1.7192415879091025e-07,1.6045001632492477e-07,1.5310246666528703e-07,1.485500061090892e-07,1.4583177726107254e-07,1.4427805956529138e-07,1.434411236368936e-07,1.430403190582803e-07,1.4292283528080693e-07
2026-03-30 14:29:11.870355,[93.17362639],1.6333058313132583e-07,1.6350132125840792e-07,1.640338370764863e-07,1.6499160724139928e-07,1.6648923363745842e-07,1.687064139921585e-07,1.7190881762913076e-07,1.764767136648828e-07,1.8294178545623787e-07,1.9203171237289966e-07,2.0472080733486874e-07,2.222833502644297e-07,2.4634442301420657e-07,2.7892124642518865e-07,3.224464275678582e-07,3.797631981213005e-07,4.5408153618112483e-07,5.488827854539082e-07,6.677589631811508e-07,8.141719467120896e-07,9.911187767764821e-07,1.2006952101762421e-06,1.4435637482619886e-06,1.7183570371364456e-06,2.021081990958386e-06,2.344628279162674e-06,2.678515313498728e-06,3.0090193784187812e-06,3.3197932807614006e-06,3.593019038557205e-06,3.8110273613633535e-06,3.958198564960518e-06,4.0228609493905e-06,3.9988576059169185e-06,3.886482270735501e-06,3.692589270799873e-06,3.4298387053811774e-06,3.115206033928875e-06,2.768021649102307e-06,2.4078775595551444e-06,2.052731971835577e-06,1.7174678385520923e-06,1.4130448954602444e-06,1.1462597449521044e-06,9.200246939599038e-07,7.340115499545557e-07,5.854859390558644e-07,4.7017396051979987e-07,3.83042585746585e-07,3.1892336813090607e-07,2.72953758459035e-07,2.408443592105399e-07,2.1900131252000555e-07,2.0454180037912697e-07,1.952404118522058e-07,1.8943849492112543e-07,1.8594070822633126e-07,1.8391506886663834e-07,1.8280615114776749e-07,1.822662438467958e-07,1.8210621263098923e-07
2026-03-30 14:29:12.283208,[67.15248342],1.9905571409205597e-09,1.9982474606695333e-09,2.021273767885224e-09,2.0594801010515215e-09,2.1125352854476422e-09,2.179833943327063e-09,2.2603752168817737e-09,2.3526396678201014e-09,2.4544938263480747e-09,2.5631608655240124e-09,2.6753023256769828e-09,2.787256034309337e-09,2.89546506850193e-09,2.997107951802015e-09,3.090899500452465e-09,3.1779770374643745e-09,3.2627258473886023e-09,3.3533445711761208e-09,3.4619241508424678e-09,3.603832050413068e-09,3.796270639315712e-09,4.056016590869828e-09,4.3965312885642255e-09,4.824826240779387e-09,5.338624119228893e-09,5.924423997385547e-09,6.557019512362606e-09,7.200818918667761e-09,7.81300086970588e-09,8.348170010448118e-09,8.763837008112983e-09,9.025825930691716e-09,9.112672594130123e-09,9.018241657303256e-09,8.752126080265724e-09,8.337822176590308e-09,7.809094010932473e-09,7.205253644393613e-09,6.566221915147654e-09,5.928180245644274e-09,5.3204098996171715e-09,4.763610133841531e-09,4.269672957794238e-09,3.842640958017238e-09,3.4804289567370923e-09,3.176859098161371e-09,2.9236220237931217e-09,2.711896705375587e-09,2.5334975892602344e-09,2.381537138742809e-09,2.2506754516794497e-09,2.137071246879651e-09,2.0381556844280386e-09,1.9523334206334987e-09,1.8786862385386316e-09,1.8167236370027782e-09,1.7661984350008554e-09,1.7269867215464083e-09,1.6990206134926213e-09,1.6822579464486069e-09,1.6766733099745179e-09
2026-03-30 14:29:12.478046,[69.04657699],2.720985318014269e-09,2.7298471137057995e-09,2.7563245171433e-09,2.8000652913713457e-09,2.86039134283566e-09,2.936174188835601e-09,3.0256866823064676e-09,3.1264610598924257e-09,3.235195689793292e-09,3.3477645284592493e-09,3.4593904750896123e-09,3.565041305935159e-09,3.6600888477470073e-09,3.741233763159093e-09,3.807638490470717e-09,3.862134299032399e-09,3.912287840334956e-09,3.971048656664824e-09,4.0566773748967e-09,4.191698750992704e-09,4.400748042587205e-09,4.707378136294749e-09,5.130139188226012e-09,5.678480728192858e-09,6.349194509666226e-09,7.12415582044564e-09,7.969996211882431e-09,8.8400549347854e-09,9.67855637738256e-09,1.0426528256447654e-08,1.1028607748543847e-08,1.1439668259633957e-08,1.1630193263809163e-08,1.1589532771202749e-08,1.1326559273664802e-08,1.0867710386229839e-08,1.0252862536464044e-08,9.529827589705444e-09,8.748435059228257e-09,7.95513372049948e-09,7.188842669079352e-09,6.4784656245346176e-09,5.842134821607421e-09,5.287949620884535e-09,4.815774775069707e-09,4.419585998086797e-09,4.089885618607371e-09,3.815825029902602e-09,3.5868201730278388e-09,3.393591603071755e-09,3.2286741098330254e-09,3.0865099583213455e-09,2.9632656161809185e-09,2.856504202804656e-09,2.764818209500361e-09,2.6874919144236252e-09,2.6242296869597177e-09,2.5749603560940655e-09,2.5397107999093525e-09,2.518533292209161e-09,2.511469101930107e-09
2026-03-30 14:29:12.669362,[87.30865773],4.8768456946016936e-08,4.88449112785053e-08,4.907970401454463e-08,4.948941403585445e-08,5.010270546188321e-08,5.0962078560574685e-08,5.2126606865678585e-08,5.367567577675809e-08,5.571337955050266e-08,5.83726723331146e-08,6.181768006636353e-08,6.62419458560222e-08,7.186009837776515e-08,7.889087093718133e-08,8.753088938538317e-08,9.792130267860022e-08,1.1011283549153359e-07,1.2403830995827598e-07,1.3950369293346572e-07,1.562076564047638e-07,1.7379431039336116e-07,1.919342260748366e-07,2.1041699636206792e-07,2.2922811986443278e-07,2.485786520033735e-07,2.688617956430286e-07,2.905275504291504e-07,3.1389160617526664e-07,3.3892059159145864e-07,3.65053183506157e-07,3.9111740655843997e-07,4.153856239844881e-07,4.3577412942999663e-07,4.5015404812490873e-07,4.567074025827489e-07,4.542476190840397e-07,4.424321751011457e-07,4.2182336768396755e-07,3.937917622612148e-07,3.602936295235081e-07,3.235783372398495e-07,2.858890684340179e-07,2.4921122274809604e-07,2.1510290053965882e-07,1.8461840657161876e-07,1.5831540749337966e-07,1.3632333078866224e-07,1.184458437058677e-07,1.042723972434306e-07,9.328018277990871e-08,8.491562534106842e-08,7.86515863363379e-08,7.402159399489735e-08,7.063537084054992e-08,6.818099188052861e-08,6.641876697660839e-08,6.517099960523457e-08,6.43106114494834e-08,6.375054542610246e-08,6.343501924695967e-08,6.333313422896323e-08
2026-03-30 14:29:12.717116,[70.71134716],3.563898212265661e-09,3.5784298641251115e-09,3.622069823702619e-09,3.6949154275294754e-09,3.797005490030714e-09,3.92814370726468e-09,4.08767159283129e-09,4.274217651910654e-09,4.48546442971352e-09,4.717991739237088e-09,4.967268930070895e-09,5.2278755143114916e-09,5.494020347806675e-09,5.760397580403397e-09,6.023358299486544e-09,6.282291913109481e-09,6.541011668273452e-09,6.808845362837121e-09,7.101074578357518e-09,7.4383750120217465e-09,7.845010543970597e-09,8.345729972671963e-09,8.961586623396853e-09,9.705197621928563e-09,1.057621099098654e-08,1.155787988996078e-08,1.2615596343423995e-08,1.3697990881866757e-08,1.4740787749138793e-08,1.567309343997008e-08,1.642529751352255e-08,1.6937394025784763e-08,1.7166382387810864e-08,1.709152346236941e-08,1.6716594343999446e-08,1.606882761604679e-08,1.5194819340156404e-08,1.4154212705031714e-08,1.3012299735003812e-08,1.1832769322738583e-08,1.067166716917725e-08,9.573282508948048e-09,8.568236927074537e-09,7.67362973444284e-09,6.894779031878573e-09,6.227934396595541e-09,5.663327866600291e-09,5.188040339109419e-09,4.788337313665849e-09,4.451316834945168e-09,4.165871964465666e-09,3.92307765608918e-09,3.7161635449721344e-09,3.5402392133525524e-09,3.391912812496025e-09,3.2689038709706615e-09,3.1697097438180662e-09,3.0933506170733652e-09,3.0391938099045735e-09,3.0068444460270293e-09,2.9960846136091238e-09
2026-03-30 14:29:12.909358,[93.40465972],1.5492302734744022e-07,1.5508112902287278e-07,1.5557953149603204e-07,1.5649323836949646e-07,1.5795652629387786e-07,1.601776074769934e-07,1.6346045528303602e-07,1.6823458790589425e-07,1.7509312234959722e-07,1.8483844159833459e-07,1.985333529728725e-07,2.1755374604104676e-07,2.4363668758489544e-07,2.7891590896293733e-07,3.2593504863738933e-07,3.8762801245810853e-07,4.6725542072210064e-07,5.682861600738514e-07,6.942133958291046e-07,8.482952550889671e-07,1.0332128039269063e-06,1.250643965409169e-06,1.5007643327753152e-06,1.7817065049000705e-06,2.0890382148814294e-06,2.415351418417479e-06,2.7500799375345457e-06,3.0796690924791268e-06,3.388194676441143e-06,3.6584649427291686e-06,3.873544069172883e-06,4.018528360893667e-06,4.082316475254482e-06,4.059072330402775e-06,3.949104137765066e-06,3.7589764342055565e-06,3.50081413428107e-06,3.1909127659674538e-06,2.8478971659882664e-06,2.4907406284167827e-06,2.136954586717211e-06,1.8011928645260983e-06,1.4944080261578344e-06,1.2235810371621187e-06,9.919470147950347e-07,7.995769662838594e-07,6.441531471500483e-07,5.217882717425846e-07,4.277741051889483e-07,3.5718930168256746e-07,3.053383896174761e-07,2.6802645940079393e-07,2.416947234673075e-07,2.2345143279314012e-07,2.1103333247352535e-07,2.0272819688401386e-07,1.9728194426133363e-07,1.938065425704214e-07,1.9169866337541942e-07,1.9057436859232035e-07,1.9022207277960168e-07
2026-03-30 14:29:13.109656,[88.32923457],5.119361293967255e-08,5.124915822375649e-08,5.1423364960690105e-08,5.173977082926391e-08,5.224042658802359e-08,5.299035688142692e-08,5.408418984137076e-08,5.5655170676371636e-08,5.788660280630715e-08,6.102543939373795e-08,6.539728975628703e-08,7.142155838780077e-08,7.962488662265254e-08,9.065062683058552e-08,1.0526183794254566e-07,1.2433527234264064e-07,1.4884394126637498e-07,1.7982590726729664e-07,2.1833674718574092e-07,2.653826019257684e-07,3.2183019565899495e-07,3.8829049378428727e-07,4.6497502579736164e-07,5.515295644884375e-07,6.468593016127311e-07,7.489717808966217e-07,8.548754876944409e-07,9.605783243743372e-07,1.061226130277922e-06,1.1514037415614217e-06,1.2255906444233887e-06,1.2787258722372776e-06,1.3068023218254761e-06,1.3073901811225227e-06,1.2799909663526902e-06,1.2261498767018857e-06,1.1492993712347513e-06,1.054359545566591e-06,9.471671778258915e-07,8.338335918089352e-07,7.201359299613816e-07,6.110283480487795e-07,5.103262542099967e-07,4.205781586942998e-07,3.431056215678795e-07,2.781687297732043e-07,2.2520485996149968e-07,1.8309077654757114e-07,1.5038858533920074e-07,1.2555020233770185e-07,1.0706891450939701e-07,9.357776231779095e-08,8.390179056825356e-08,7.70747961316402e-08,7.23318502241714e-08,6.908763877142676e-08,6.690852159111963e-08,6.548389206225018e-08,6.460037406026133e-08,6.412082950585153e-08,6.396910270968987e-08
2026-03-30 14:29:13.311742,[89.48561141],6.344906725715344e-08,6.351224735692362e-08,6.371221608265765e-08,6.408139741450038e-08,6.467772427195372e-08,6.559079132898724e-08,6.695099765260539e-08,6.894197897213287e-08,7.181639405713145e-08,7.591467895730684e-08,8.168572075855882e-08,8.97075840758266e-08,1.0070556147183146e-07,1.155640701983173e-07,1.353284427186104e-07,1.6119256017568244e-07,1.9446854208939726e-07,2.3653518484958993e-07,2.887623259505057e-07,3.5240869986362046e-07,4.28491383516534e-07,5.17626346754332e-07,6.198431003924355e-07,7.343831356471524e-07,8.595021335414268e-07,9.923084648157046e-07,1.1286818005573197e-06,1.2633204617056037e-06,1.3899590227163631e-06,1.501775447385949e-06,1.5919710240393776e-06,1.6544635391199265e-06,1.684595907449166e-06,1.6797413998439463e-06,1.6396918075044873e-06,1.5667482343133222e-06,1.4654888922971503e-06,1.3422505588838571e-06,1.204414017760838e-06,1.0596154636662199e-06,9.150090775470223e-07,7.766827353492146e-07,6.492879277193709e-07,5.358985635879678e-07,4.380727975447757e-07,3.560649802428279e-07,2.891239028622655e-07,2.3581685245175504e-07,1.9433199866027768e-07,1.6272887491245687e-07,1.3912355824847826e-07,1.2180858227893043e-07,1.0931638875004458e-07,1.0043938495400993e-07,9.422040611165696e-08,8.99258524448031e-08,8.701115353985249e-08,8.508538841520875e-08,8.38793999783556e-08,8.321983670899179e-08,8.301027451208006e-08
2026-03-30 14:29:13.505165,[90.65207611],8.004296423582451e-08,8.013170522536927e-08,8.041133535227476e-08,8.092346184737287e-08,8.174216405983617e-08,8.298146464292275e-08,8.480641565301604e-08,8.744815938373615e-08,9.122305135090135e-08,9.65554060174326e-08,1.040026454141108e-07,1.14280655202101e-07,1.282861060918494e-07,1.4711155619519128e-07,1.7204849392086092e-07,2.0457323253705516e-07,2.463107228781862e-07,2.989717680431155e-07,3.6425960823837335e-07,4.4374234562909445e-07,5.386885510593058e-07,6.498655624930297e-07,7.773048330629043e-07,9.200475066872751e-07,1.0758964408427564e-06,1.241216340358066e-06,1.4108371021542017e-06,1.578120477925821e-06,1.7352402587700163e-06,1.873697745443941e-06,1.985049283396763e-06,2.061769901542386e-06,2.098130694963438e-06,2.0909427885011415e-06,2.0400284265042243e-06,1.948321902999193e-06,1.8215710059416171e-06,1.6676863858555952e-06,1.4958518773056967e-06,1.3155470226905083e-06,1.1356362002190722e-06,9.636494625143424e-07,8.053294328461161e-07,6.644613309644397e-07,5.429533804119591e-07,4.411017787232631e-07,3.5796122691731075e-07,2.917463826231954e-07,2.402057992066077e-07,2.009312570842618e-07,1.715861768828742e-07,1.5005333888870147e-07,1.345129021746911e-07,1.234669217574884e-07,1.1572742160950231e-07,1.103831644607662e-07,1.0675701375226316e-07,1.0436229260721189e-07,1.0286347374871121e-07,1.0204418716988642e-07,1.0178395833310371e-07
2026-03-30 14:29:13.706199,[92.63176841],1.2286315700173993e-07,1.2299105382403963e-07,1.2339774792673505e-07,1.2415449328536265e-07,1.2538768439480037e-07,1.272908262832154e-07,1.3014213805101878e-07,1.3432821584306192e-07,1.4037372045470065e-07,1.4897621258814725e-07,1.6104405153948666e-07,1.7773380887726095e-07,2.0048213437667528e-07,2.3102572213210558e-07,2.714022254003688e-07,3.239248022847021e-07,3.9112336316587133e-07,4.756462283767787e-07,5.801164148954379e-07,7.069370545606244e-07,8.580411164929371e-07,1.0345832695115128e-06,1.2365787766434512e-06,1.4625080333900438e-06,1.7089263029962261e-06,1.9701435137296378e-06,2.238061532610538e-06,2.5022656440124455e-06,2.75045239561306e-06,2.9692314493553705e-06,3.14526757645741e-06,3.2666444378708747e-06,3.32425688887927e-06,3.3129977866955116e-06,3.2325163333994055e-06,3.087391199401017e-06,2.886669386766872e-06,2.6428439559201745e-06,2.3704486165129356e-06,2.0845087282648448e-06,1.7990940935579293e-06,1.5261730579559816e-06,1.2748872162875097e-06,1.0512751621817878e-06,8.583944376589395e-07,6.967379760552897e-07,5.648199679777082e-07,4.5981261169318284e-07,3.7814062426069764e-07,3.1597411224523724e-07,2.6959337053334866e-07,2.3562550855362442e-07,2.1117004117924106e-07,1.9383900168674946e-07,1.817386356454e-07,1.7341678880440328e-07,1.6779500232462287e-07,1.6409880166205412e-07,1.617947777059829e-07,1.6053930612846838e-07,1.6014122192812334e-07
2026-03-30 14:29:13.756884,[65.19677412],2.143122644575711e-09,2.150019971021252e-09,2.170698403147322e-09,2.2051060680223134e-09,2.2531197084997023e-09,2.3144918182397375e-09,2.3887816968260023e-09,2.4752763147165926e-09,2.5729095178301012e-09,2.680191072761859e-09,2.79515999926176e-09,2.915378952994646e-09,3.037987244349446e-09,3.15982831477756e-09,3.2776619330173052e-09,3.388460944887767e-09,3.4897765971727348e-09,3.580135911623807e-09,3.6594118187298345e-09,3.729086644233328e-09,3.792319209215148e-09,3.853733484413617e-09,3.918879257223404e-09,3.993374529677954e-09,4.08181888444791e-09,4.186650301281315e-09,4.307180237092094e-09,4.439056816039011e-09,4.574355271374564e-09,4.7023775510225045e-09,4.811081321808846e-09,4.88889442697184e-09,4.926554083247698e-09,4.918581325093817e-09,4.86407564814055e-09,4.766674742139449e-09,4.633723677991003e-09,4.4748784678680844e-09,4.300480023417727e-09,4.1200503850873036e-09,3.941189283835846e-09,3.769017438916953e-09,3.606167751465297e-09,3.453207425845197e-09,3.3093081925699075e-09,3.1729733837502316e-09,3.0426678501796636e-09,2.9172585877369422e-09,2.79623872206164e-09,2.6797590396633968e-09,2.568521718037403e-09,2.463600192818593e-09,2.36624223901038e-09,2.2776973981531353e-09,2.199091431473861e-09,2.131354189223209e-09,2.075195553365476e-09,2.0311174175722733e-09,1.9994472740661765e-09,1.9803796112208316e-09,1.974013713255732e-09
2026-03-30 14:29:13.900505,[93.89397009],1.780581186899348e-07,1.7827027821143663e-07,1.789330532236584e-07,1.80128204123429e-07,1.8200178259406896e-07,1.8477949791862234e-07,1.8878939210594662e-07,1.9449247600637813e-07,2.025214409306067e-07,2.1372651959688254e-07,2.2922601167079218e-07,2.5045700465656077e-07,2.7921963269877325e-07,3.17706163112584e-07,3.685046728506691e-07,4.3456640061224475e-07,5.191261752452123e-07,6.25566527994732e-07,7.572179541742039e-07,9.170902066686441e-07,1.1075329411543162e-06,1.3298298011357906e-06,1.5837401403281424e-06,1.8670188809307346e-06,2.174967645380173e-06,2.5000960085571274e-06,2.8319929084853836e-06,3.1575139644112405e-06,3.4613696516651616e-06,3.7271459040847473e-06,3.938706512110441e-06,4.081831395584823e-06,4.14586167222884e-06,4.1250788293452e-06,4.019561026107677e-06,3.835338324372488e-06,3.583794893805172e-06,3.280408968284487e-06,2.943043909394215e-06,2.5900757790841154e-06,2.238649571074629e-06,1.9033019659159938e-06,1.5950931940557202e-06,1.3212821414906522e-06,1.0854836311161808e-06,8.881828042306552e-07,7.274551657188004e-07,5.997481821607149e-07,5.006107351110039e-07,4.2529755569143437e-07,3.692159847803727e-07,3.2821474032552237e-07,2.9873569373112605e-07,2.7786017454393986e-07,2.6328328708021955e-07,2.532461393775732e-07,2.464495813931086e-07,2.4196617777275455e-07,2.391610450071572e-07,2.3762749798534103e-07,2.371402992402191e-07
2026-03-30 14:29:13.949013,[87.11074766],2.381984062005726e-08,2.3880026537509692e-08,2.405961515142374e-08,2.4355573584711627e-08,2.476245236856093e-08,2.5271870505749878e-08,2.587192984500978e-08,2.6546651334175115e-08,2.7275496611648527e-08,2.8032982170726986e-08,2.8788327356259352e-08,2.9505037239979016e-08,3.014035849666064e-08,3.064471530778277e-08,3.096156407254778e-08,3.102857089894765e-08,3.0781489588955326e-08,3.016236805514865e-08,2.9133435242871898e-08,2.7696946345443974e-08,2.5919303728128096e-08,2.3955181184069133e-08,2.2064843210896783e-08,2.0616395592563383e-08,2.006540549592997e-08,2.090786056554921e-08,2.3608606404574567e-08,2.8514922787390207e-08,3.577157084440848e-08,4.525699921115228e-08,5.6558629712298945e-08,6.899794810198219e-08,8.170505776433418e-08,9.373046577624459e-08,1.0417270422642453e-07,1.1229671588446885e-07,1.1762075430744812e-07,1.199577842887127e-07,1.1940833612757317e-07,1.1631221301345702e-07,1.1117368212412831e-07,1.0457744816259283e-07,9.711100135980199e-08,8.930421275413104e-08,8.159118052119186e-08,7.429400169854367e-08,6.762442989726469e-08,6.169762177533377e-08,5.655211731819282e-08,5.217126050819186e-08,4.8502812471014045e-08,4.5475034307747365e-08,4.3008724330241506e-08,4.102548230921616e-08,3.9452875400775187e-08,3.8227297228805696e-08,3.7295255945747453e-08,3.661369213813359e-08,3.6149775401423115e-08,3.5880492491863005e-08,3.57922322491189e-08
2026-03-30 14:29:14.145649,[88.58966061],5.2035396168810466e-08,5.2105301932702676e-08,5.232425280910634e-08,5.2720801085389245e-08,5.3345439716789505e-08,5.427517419532163e-08,5.5620268204647836e-08,5.753332069968442e-08,6.022062043848428e-08,6.395535192189522e-08,6.909171352702841e-08,7.60784209153507e-08,8.546952183251765e-08,9.79300863050102e-08,1.1423428499771861e-07,1.3525366873730696e-07,1.61934006749309e-07,1.9525956061661133e-07,2.3620381349129163e-07,2.856651993100545e-07,3.443854229564087e-07,4.128472657562939e-07,4.911496594453247e-07,5.788618195668057e-07,6.748663171034669e-07,7.772125779706123e-07,8.830147042917573e-07,9.884359686870144e-07,1.0888013724508762e-06,1.1788652796290187e-06,1.2532331446535756e-06,1.3068996903913856e-06,1.3358300716264502e-06,1.3374869263418834e-06,1.3112039604554977e-06,1.258329140310762e-06,1.1821033447187171e-06,1.0872925457187362e-06,9.796393420178786e-07,8.652307129380871e-07,7.498864581149589e-07,6.386573660086589e-07,5.35490348635389e-07,4.430795659547431e-07,3.628877898478709e-07,2.95297893914023e-07,2.3984322386895644e-07,1.9546665756295103e-07,1.6076781406124153e-07,1.3421164539307881e-07,1.1428557273811513e-07,9.960373466835529e-08,8.896459039757748e-08,8.137206148571452e-08,7.603133910122893e-08,7.232945501870876e-08,6.980868967149582e-08,6.813861919593244e-08,6.709055784878078e-08,6.65165599405209e-08,6.633405663149286e-08
2026-03-30 14:29:14.345738,[89.74232231],6.234558861211424e-08,6.240002597948988e-08,6.257636077207306e-08,6.291495607467475e-08,6.34874840824476e-08,6.44037866106869e-08,6.582188125860772e-08,6.796124121157227e-08,7.111913747393186e-08,7.568925591231683e-08,8.218101403780603e-08,9.123710126268122e-08,1.0364592712683895e-07,1.203451173754982e-07,1.424121769036163e-07,1.710390718106568e-07,2.074887007382814e-07,2.530327070812495e-07,3.088713171046306e-07,3.760363873085781e-07,4.5527848036537325e-07,5.469381185068937e-07,6.508017191937718e-07,7.659458646612847e-07,8.905808469387406e-07,1.0219156835254733e-06,1.1560794248575573e-06,1.288142569830917e-06,1.4122816539498088e-06,1.5221147966600997e-06,1.611205492098306e-06,1.6736913154896601e-06,1.7049539809784312e-06,1.702220239032248e-06,1.6649802070347735e-06,1.5951351051447488e-06,1.4968354456201257e-06,1.3760311605220916e-06,1.239810877014602e-06,1.0956441522461063e-06,9.506498145559579e-07,8.109958198019686e-07,6.814987808864959e-07,5.654462013648137e-07,4.6462308516383323e-07,3.794953632777078e-07,3.094889766958656e-07,2.533043852235606e-07,2.0921756357446226e-07,1.7533491120943286e-07,1.4978619362721225e-07,1.3085340907889798e-07,1.1704283526476451e-07,1.0711239988907165e-07,1.0006778604652251e-07,9.513953906490117e-08,9.175105523328363e-08,8.948461218742113e-08,8.80501251070509e-08,8.725936793310192e-08,8.700705453315322e-08
2026-03-30 14:29:14.542238,[90.8967029],7.89102005781111e-08,7.898588030129205e-08,7.922912628162045e-08,7.969014093485316e-08,8.045797118960247e-08,8.166889356063669e-08,8.351865194933957e-08,8.627871628770824e-08,9.031632168617416e-08,9.611734737756279e-08,1.0431013033237429e-07,1.156871942238587e-07,1.3122082194645632e-07,1.5206769441075932e-07,1.795577475279978e-07,2.1516313781921742e-07,2.604446906461306e-07,3.169750596288042e-07,3.862394320660346e-07,4.6951536018659483e-07,5.677329817437296e-07,6.813161328118705e-07,8.100052240822355e-07,9.526663910092736e-07,1.1071000439316067e-06,1.2698754402304433e-06,1.4362332656589063e-06,1.6001094494000355e-06,1.7543330751754833e-06,1.8910332927922782e-06,2.002253443296893e-06,2.0807211260592906e-06,2.1206732767319545e-06,2.1186013096149e-06,2.0737764563405815e-06,1.988445223428589e-06,1.8676442542820314e-06,1.718657996809237e-06,1.5502117579117232e-06,1.371539030301663e-06,1.191474964901914e-06,1.0177073171877463e-06,8.562710872041615e-07,7.113176036329054e-07,5.851374042120046e-07,4.783794694008034e-07,3.903917614469965e-07,3.1960847613943975e-07,2.6392290918008393e-07,2.2100486997966432e-07,1.8854223002103263e-07,1.6440338135703376e-07,1.4672916332596263e-07,1.339690596266168e-07,1.2487818804861443e-07,1.1849028840953485e-07,1.140790131547789e-07,1.111164752308739e-07,1.0923493996988432e-07,1.0819512612333315e-07,1.0786289948291268e-07
2026-03-30 14:29:14.734368,[92.8994203],1.2373313894779134e-07,1.2381860049391792e-07,1.2410274663370846e-07,1.2467170614523525e-07,1.2567865078062966e-07,1.273586580012372e-07,1.300501113711093e-07,1.342226306450285e-07,1.4051070536908886e-07,1.4975089001273713e-07,1.630186866155225e-07,1.8165934120388561e-07,2.0730514456273736e-07,2.4187102025055534e-07,2.875207546783728e-07,3.4659848328566445e-07,4.215237999495554e-07,5.14653251362016e-07,6.2811460048773e-07,7.636215838571476e-07,9.222751365220625e-07,1.1043529620356468e-06,1.3090856203573683e-06,1.5344182221997152e-06,1.7767663971289786e-06,2.03079480562665e-06,2.289272489077938e-06,2.5430825754572604e-06,2.7814715114091504e-06,2.9926035178931512e-06,3.164434944586184e-06,3.285847729570589e-06,3.3479001146726174e-06,3.3449917135168236e-06,3.2757223570722133e-06,3.143261653936862e-06,2.9551334791720026e-06,2.722434802203235e-06,2.4586202858524585e-06,2.1780632118453266e-06,1.894630888211242e-06,1.6204863500468873e-06,1.365260659650229e-06,1.1356534674434093e-06,9.354369627713026e-07,7.65777522040691e-07,6.257585473199082e-07,5.129862052601239e-07,4.241795136679126e-07,3.5567725376306674e-07,3.0382696065833664e-07,2.652489880410443e-07,2.3698799210051978e-07,2.16574711662179e-07,2.020241287532011e-07,1.917943015644577e-07,1.8472569518939023e-07,1.799755422995756e-07,1.769568545444699e-07,1.7528779365342956e-07,1.7475437335543057e-07
2026-03-30 14:29:14.785809,[68.9789697],3.347176786029194e-09,3.3613032409151905e-09,3.4037323337608664e-09,3.4745689433874367e-09,3.573843626985653e-09,3.701309494305509e-09,3.85618823117031e-09,4.036903652957485e-09,4.240860376950312e-09,4.464344914350482e-09,4.7026406092126624e-09,4.9504475319386495e-09,5.202673423955066e-09,5.45560341971683e-09,5.708361900294789e-09,5.964457880169663e-09,6.233079028138775e-09,6.529706703516519e-09,6.875611495258053e-09,7.295896786235745e-09,7.816004454995356e-09,8.45695875349839e-09,9.230029523875114e-09,1.01318321235198e-08,1.1141025311709819e-08,1.2217627923050982e-08,1.3305532111257218e-08,1.4338123875691273e-08,1.5246195491531336e-08,1.59667544895667e-08,1.6451077061876042e-08,1.667050514598275e-08,1.6619005648552316e-08,1.631224464012478e-08,1.5783668093910954e-08,1.507862797859228e-08,1.4247829429996274e-08,1.3341287842726343e-08,1.2403653787626766e-08,1.147131993244547e-08,1.0571299884367184e-08,9.721558131273627e-09,8.932312001358798e-09,8.207809876918081e-09,7.548172840496554e-09,6.951018274014225e-09,6.41271976803341e-09,5.92926961363668e-09,5.496785869641776e-09,5.111745548660429e-09,4.771035954925716e-09,4.471907301450592e-09,4.211890654157074e-09,3.9887232453373984e-09,3.8003030902034816e-09,3.6446791956551594e-09,3.5200732575383865e-09,3.4249231836622424e-09,3.3579369820806966e-09,3.31814624638901e-09,3.3049505056287585e-09
2026-03-30 14:29:14.929395,[93.93183425],1.5683682479993404e-07,1.5695338600853368e-07,1.5733813407115044e-07,1.5809986823050632e-07,1.59432132452387e-07,1.6163210924009125e-07,1.6512787674820386e-07,1.7051403785498554e-07,1.7859464432816086e-07,1.904305836200388e-07,2.073862751691951e-07,2.311679715834406e-07,2.6384376902522107e-07,3.0783438650599615e-07,3.65864664177038e-07,4.408690278116435e-07,5.358496568399358e-07,6.536926259302661e-07,7.969528616418932e-07,9.676210996335712e-07,1.1668836896914305e-06,1.3948796587726583e-06,1.650452268032588e-06,1.9308900616324256e-06,2.2316610204768666e-06,2.5461657669549957e-06,2.8655684009996266e-06,3.178795506280265e-06,3.4728088328885023e-06,3.733239379729429e-06,3.945412593280539e-06,4.09570312655725e-06,4.1730554742697274e-06,4.170425893767541e-06,4.085871920015683e-06,3.923055391973121e-06,3.6910286048012304e-06,3.4033150808009266e-06,3.0764378677207345e-06,2.728151183549543e-06,2.375670807305626e-06,2.0341702616371225e-06,1.7157284274318052e-06,1.428806925983701e-06,1.1782317465323568e-06,9.65575855831945e-07,7.897990157078004e-07,6.479971063967437e-07,5.361368138582189e-07,4.496898368247877e-07,3.84121730258813e-07,3.3522545667410603e-07,2.9931427796189676e-07,2.73302134682843e-07,2.5470393242811453e-07,2.415860809937624e-07,2.324921346934715e-07,2.2636179650174695e-07,2.224554091380486e-07,2.202911516785447e-07,2.1959871859260253e-07
2026-03-30 14:29:14.979338,[69.53780609],5.921993935362756e-09,5.938750919088086e-09,5.989287889711048e-09,6.074399029833765e-09,6.195394533492955e-09,6.354078630075222e-09,6.552715280916799e-09,6.7939781811336365e-09,7.080880892771107e-09,7.416682064540818e-09,7.804759520729325e-09,8.248445204615635e-09,8.750810271910127e-09,9.314386129184491e-09,9.9408037739337e-09,1.0630332548834877e-08,1.138130399184229e-08,1.2189421550758388e-08,1.3046986924443015e-08,1.3942120263087946e-08,1.4858110033806802e-08,1.5773086199294398e-08,1.6660246054157345e-08,1.748884960667913e-08,1.8226118745694867e-08,1.8840014964204755e-08,1.9302653025286123e-08,1.9593880350628125e-08,1.9704382557466054e-08,1.9637633939364944e-08,1.9410141993959823e-08,1.9049733545966014e-08,1.85920364392918e-08,1.807572120040053e-08,1.753736507533597e-08,1.700689687231751e-08,1.6504444315969778e-08,1.6039075398604755e-08,1.5609496865736117e-08,1.520636475751782e-08,1.481557609174383e-08,1.4421803793868216e-08,1.4011608643462613e-08,1.3575664489282655e-08,1.3109893374506372e-08,1.2615553244562413e-08,1.2098500701579312e-08,1.1567942158404718e-08,1.1034993323115649e-08,1.0511311994005774e-08,1.0007982363064302e-08,9.53473756143595e-09,9.0995300613536e-09,8.708406162430224e-09,8.365612310416253e-09,8.073853242426247e-09,7.834628365413796e-09,7.648586723510396e-09,7.51585705347507e-09,7.4363242263560715e-09,7.409835020292549e-09
2026-03-30 14:29:15.124612,[88.8275464],5.317801895855963e-08,5.323034296129098e-08,5.3398448270364344e-08,5.371685383935406e-08,5.424688208541631e-08,5.508252429562901e-08,5.6358892017198144e-08,5.8263223055147085e-08,6.104803627398321e-08,6.504543928726171e-08,7.068083569009348e-08,7.848348440215834e-08,8.909075202207494e-08,1.0324274872880338e-07,1.2176461085296919e-07,1.4553511056905462e-07,1.7544238056433985e-07,2.123298219812281e-07,2.5693688600285334e-07,3.098394828564884e-07,3.7139273931675795e-07,4.41675009469193e-07,5.20427900607855e-07,6.069850299268097e-07,7.001848590169681e-07,7.982716956613235e-07,8.988027827278617e-07,9.985942388520066e-07,1.093748091823311e-06,1.1798002379911796e-06,1.2520111891522841e-06,1.305789569843073e-06,1.3372001058061098e-06,1.3434749700509731e-06,1.3234315665760706e-06,1.277708382178024e-06,1.2087630390824752e-06,1.1206248493590324e-06,1.0184446187816756e-06,9.07923375905728e-07,7.94719527959455e-07,6.839280490029898e-07,5.797000567307923e-07,4.850355445592471e-07,4.017462785816148e-07,3.3055810317014194e-07,2.7130642303140354e-07,2.23175663556832e-07,1.849402454426877e-07,1.5517682103613686e-07,1.3243108259244723e-07,1.1533431909950432e-07,1.0267344988507843e-07,9.342316078947458e-08,8.675053814893629e-08,8.200216739241735e-08,7.868200557466091e-08,7.642624058483202e-08,7.497934384537812e-08,7.417388965105461e-08,7.391554422798777e-08
2026-03-30 14:29:15.174486,[65.02856452],2.9273885534429446e-09,2.93449503780383e-09,2.955791610572379e-09,2.991204082021933e-09,3.0405909192311498e-09,3.1037185818724375e-09,3.180231352956756e-09,3.269620039238385e-09,3.3711950005810664e-09,3.4840696400758413e-09,3.6071604151770573e-09,3.739208259387596e-09,3.878823762147839e-09,4.024554494047509e-09,4.174967806151294e-09,4.328737058930372e-09,4.484714771433657e-09,4.641974099742711e-09,4.7998017151957715e-09,4.957631320411017e-09,5.114917425296005e-09,5.270962023498876e-09,5.424719730796297e-09,5.574616479905385e-09,5.718420081654952e-09,5.8531962584628295e-09,5.975371503751006e-09,6.080906698583345e-09,6.1655665683903546e-09,6.2252537997495605e-09,6.2563661052738885e-09,6.256131262139637e-09,6.222878970876e-09,6.1562178141045046e-09,6.057098571802845e-09,5.92775959283166e-09,5.7715640243542035e-09,5.592750924174488e-09,5.3961312772144684e-09,5.186764585197231e-09,4.969651328680955e-09,4.74947129352622e-09,4.530388510206461e-09,4.3159321793585915e-09,4.108951650114209e-09,3.911634308849826e-09,3.725569482261751e-09,3.5518395805547787e-09,3.391121227041686e-09,3.243782949495798e-09,3.1099708370280337e-09,2.9896782261133237e-09,2.8827991735818284e-09,2.789167847067109e-09,2.7085870398300397e-09,2.6408490712321776e-09,2.585751744495215e-09,2.543111165375567e-09,2.5127723623818483e-09,2.49461796744726e-09,2.488574791998618e-09
2026-03-30 14:29:15.322657,[90.64935155],7.206715044618975e-08,7.214257283019536e-08,7.238114347927145e-08,7.282098774643391e-08,7.352989163949161e-08,7.461228949247525e-08,7.622007836813883e-08,7.856778409189442e-08,8.195202290458678e-08,8.677411678465154e-08,9.356316130135244e-08,1.0299502796781664e-07,1.1590116208252779e-07,1.3326028934070935e-07,1.5616703761057004e-07,1.8577459407635305e-07,2.2321386016607492e-07,2.6949821092716056e-07,3.2542892505858523e-07,3.915189171770271e-07,4.6794905622961546e-07,5.54561100637422e-07,6.508759183677229e-07,7.561102281088284e-07,8.691568601072023e-07,9.88499347432387e-07,1.112054435163355e-06,1.2369719110283562e-06,1.359458756169869e-06,1.474718363675642e-06,1.5770914224256249e-06,1.6604472127265027e-06,1.7188092326003738e-06,1.7471258649906823e-06,1.7420396513213621e-06,1.7024887397276548e-06,1.6300004799951985e-06,1.5286034293939263e-06,1.4043703014400035e-06,1.2646848605666126e-06,1.1173781442262866e-06,9.698920878621237e-07,8.286032624603877e-07,6.983883526446547e-07,5.824535325070908e-07,4.823980930747849e-07,3.9844888649668536e-07,3.297894835559558e-07,2.7491337152300835e-07,2.3194752614659923e-07,1.9891407733188344e-07,1.7391775721968003e-07,1.5526193544801752e-07,1.4150519792104732e-07,1.3147419326727584e-07,1.242483162032501e-07,1.1912936684076137e-07,1.1560601397279717e-07,1.1331965474469751e-07,1.1203562035026998e-07,1.1162180234755872e-07
2026-03-30 14:29:15.374011,[86.3488455],5.445604650107233e-08,5.456620357511072e-08,5.489772140322589e-08,5.545349343623251e-08,5.6237583434169474e-08,5.725429705106096e-08,5.850726405626709e-08,5.999881638735796e-08,6.172987112068436e-08,6.370031764101638e-08,6.59095521405722e-08,6.835633802789615e-08,7.103671502718296e-08,7.393844231095784e-08,7.703072095221714e-08,8.02489686058359e-08,8.347633979652779e-08,8.65263113383855e-08,8.913335346216306e-08,9.096040934062385e-08,9.163131330350095e-08,9.079233975037118e-08,8.81995961340475e-08,8.381914048673724e-08,7.791720427114415e-08,7.111239103258399e-08,6.436362521979777e-08,5.887860353503169e-08,5.5946212513644404e-08,5.671822572338072e-08,6.198384257576931e-08,7.198866001430396e-08,8.634358229787194e-08,1.0404961395569636e-07,1.2363676059437947e-07,1.4338763389510985e-07,1.6159706836432073e-07,1.7681342230328158e-07,1.8801592651048405e-07,1.9470162736143877e-07,1.9687857251995984e-07,1.949821189397769e-07,1.897438121495505e-07,1.8204552550046226e-07,1.727867596096824e-07,1.6278335930479656e-07,1.5270503190783593e-07,1.430498500198475e-07,1.341479771855541e-07,1.2618441908014125e-07,1.1923098618331862e-07,1.1327974496078476e-07,1.082729464459492e-07,1.0412695592869374e-07,1.0074963490158451e-07,9.805183161863613e-08,9.595420894154381e-08,9.439075814498207e-08,9.331020338276098e-08,9.267624387742818e-08,9.246730698343245e-08
2026-03-30 14:29:15.423566,[65.34878443],1.5756947604631358e-09,1.5810703056563283e-09,1.5971781966079673e-09,1.6239458124633655e-09,1.6611992180215968e-09,1.70859026883969e-09,1.7655088750969126e-09,1.8309975363913574e-09,1.9036928686951162e-09,1.9818262360522373e-09,2.0633203099340756e-09,2.1460169189616583e-09,2.2280599725236436e-09,2.3084322945633293e-09,2.3876060420463207e-09,2.468216465641974e-09,2.555617267661273e-09,2.6581375631870553e-09,2.786853597479601e-09,2.954729365870898e-09,3.175077019365318e-09,3.4594331121486367e-09,3.815114381020091e-09,4.2428647658596e-09,4.735085389994289e-09,5.2751117893151775e-09,5.837853340139519e-09,6.391859321106546e-09,6.9025793119012056e-09,7.3363180698335965e-09,7.66421957985902e-09,7.865598299138725e-09,7.930072444530933e-09,7.858206061690956e-09,7.660665414499076e-09,7.356165615447388e-09,6.968665669395388e-09,6.524335131910454e-09,6.048768127439209e-09,5.564791545797863e-09,5.091047494284309e-09,4.641367835268267e-09,4.2248318372149525e-09,3.846321958360622e-09,3.507368233834026e-09,3.2070888001767317e-09,2.9430776582664214e-09,2.7121451977177315e-09,2.510869395965696e-09,2.335957505278001e-09,2.184445657438969e-09,2.053777244592154e-09,1.9418028544204848e-09,1.8467388095434685e-09,1.7671118570139995e-09,1.7017073912551226e-09,1.6495298025892756e-09,1.6097770883072756e-09,1.581827883959934e-09,1.5652372056559393e-09,1.5597368692039182e-09
2026-03-30 14:29:15.571261,[91.0832461],8.317205745447272e-08,8.322673080510426e-08,8.341024630924206e-08,8.378318292751406e-08,8.44535671052761e-08,8.558770736712033e-08,8.742563548077265e-08,9.030094169159373e-08,9.466407606844756e-08,1.0110708442595801e-07,1.1038634097809651e-07,1.2343836674687506e-07,1.413826865418174e-07,1.6550540776027885e-07,1.9721832862547325e-07,2.3799120987721955e-07,2.892592025742326e-07,3.523124729564717e-07,4.281793032776834e-07,5.175155714935254e-07,6.205111241081948e-07,7.36817045937087e-07,8.654890462318337e-07,1.004934893342743e-06,1.1528526562827174e-06,1.3061548921235372e-06,1.4608918436267335e-06,1.6122093296670688e-06,1.7543952071839323e-06,1.8810716172006334e-06,1.9855714392189694e-06,2.0614966036470584e-06,2.1034024294570694e-06,2.1075023063454394e-06,2.072258670088936e-06,1.9987317429373294e-06,1.890598628383444e-06,1.7538218236542956e-06,1.5960193408146633e-06,1.4256479212545387e-06,1.2511410573629042e-06,1.0801393106751184e-06,9.189168106336951e-07,7.720573147674969e-07,6.423806868377216e-07,5.310785538967179e-07,4.3799325709390173e-07,3.6196800204246235e-07,3.012046551136786e-07,2.5358288307785265e-07,2.169141717076841e-07,1.891220180508132e-07,1.6835267468625615e-07,1.530285543499568e-07,1.4185944050331802e-07,1.3382631519468174e-07,1.2815033699804142e-07,1.2425646954404622e-07,1.217382913853297e-07,1.2032805819216387e-07,1.1987429709080312e-07
2026-03-30 14:29:15.622127,[66.33254418],2.13795024657797e-09,2.14738066980728e-09,2.1757246136505793e-09,2.2231125231762754e-09,2.289671274121281e-09,2.375393962770136e-09,2.479971229920439e-09,2.602602881910672e-09,2.7418197772365883e-09,2.8953587213655808e-09,3.060144522761415e-09,3.232438720919256e-09,3.4082078195121532e-09,3.5837391664645156e-09,3.756486168220787e-09,3.9260576455400176e-09,4.095187939315741e-09,4.27045293226703e-09,4.462457769216341e-09,4.685241624722858e-09,4.9547426568622e-09,5.286343424127059e-09,5.691748609264456e-09,6.175681245611971e-09,6.733052060576208e-09,7.347292733677062e-09,7.990408059806528e-09,8.625000937450981e-09,9.208117441491697e-09,9.69634735032544e-09,1.0051310434697363e-08,1.0244548177430286e-08,1.0260957783454988e-08,1.0100218051544658e-08,9.77607818095233e-09,9.313799094468625e-09,8.746351253291418e-09,8.1101214554207e-09,7.440853787525182e-09,6.770382928976301e-09,6.124475082973274e-09,5.521841262490962e-09,4.974183588296124e-09,4.4870074868899035e-09,4.060886080687964e-09,3.69288364965789e-09,3.3779089520369385e-09,3.1098511878430683e-09,2.8824308219256056e-09,2.689761114990617e-09,2.526658379282464e-09,2.388760046853621e-09,2.2725137438270472e-09,2.175093392507053e-09,2.094285468284934e-09,2.0283743257099727e-09,1.9760428537023254e-09,1.9362950506196465e-09,1.90840074424646e-09,1.891859250785195e-09,1.886377591789646e-09
2026-03-30 14:29:15.774351,[93.07218074],1.3154363346224824e-07,1.3158703854656093e-07,1.3175008806809708e-07,1.3213499056586608e-07,1.3292456345401136e-07,1.3440124247504728e-07,1.3697392556828204e-07,1.4121201927458542e-07,1.478847233361615e-07,1.5800159570807785e-07,1.72847963830537e-07,1.9400624182565187e-07,2.2335243200244195e-07,2.6301700655366195e-07,3.1530193385411673e-07,3.8255136182114646e-07,4.6698202387734354e-07,5.704891493252183e-07,6.944516489770274e-07,8.395631101036193e-07,1.0057098705411975e-06,1.1919037050361482e-06,1.3962576749028542e-06,1.615976443329666e-06,1.8473257593945698e-06,2.0855571139274064e-06,2.324794122842144e-06,2.5579296041257733e-06,2.7766209813230347e-06,2.971487535974942e-06,3.1325915060626057e-06,3.2502235785408843e-06,3.315925371576958e-06,3.3235936646083566e-06,3.270454239724736e-06,3.157690433936476e-06,2.9905688078983346e-06,2.778007383196893e-06,2.531651073458281e-06,2.264620120662175e-06,1.9901538508462267e-06,1.7203728318173774e-06,1.465333897954762e-06,1.232473757729204e-06,1.0264521154573998e-06,8.49335295050033e-07,7.010186417370122e-07,5.797730536186553e-07,4.828125420011118e-07,4.06806243008221e-07,3.4828986152260967e-07,3.039603540680442e-07,2.7085927380757226e-07,2.4646327020681787e-07,2.287056638001099e-07,2.1595286044827855e-07,2.0695592225721124e-07,2.0079282255270862e-07,1.9681213794889302e-07,1.945849324667053e-07,1.938686514948747e-07
2026-03-30 14:29:15.830694,[68.44629992],3.9461156039031575e-09,3.964215289014256e-09,4.01852386811038e-09,4.1090087580493385e-09,4.23541447058836e-09,4.396971704426199e-09,4.592017090147742e-09,4.81756191895366e-09,5.068872469844978e-09,5.339153391314678e-09,5.6194533985187415e-09,5.8989298317692135e-09,6.165602618704362e-09,6.407685138112378e-09,6.615489009502351e-09,6.783760945101447e-09,6.914137214648149e-09,7.017229354230187e-09,7.113735894669411e-09,7.233969693446744e-09,7.415349414542592e-09,7.697743967012459e-09,8.11704375369366e-09,8.697864818309305e-09,9.446726881071011e-09,1.034722971182985e-08,1.1358573021062097e-08,1.2418204262021851e-08,1.344853564081574e-08,1.4366749048778832e-08,1.5095956528902494e-08,1.5575623389047026e-08,1.5769303217116767e-08,1.5668343145363482e-08,1.5291121273747962e-08,1.4678325496243861e-08,1.388552809051775e-08,1.297468740465385e-08,1.2006172160993179e-08,1.1032528418544625e-08,1.0094644439276143e-08,9.220384766369799e-09,8.425299971776113e-09,7.714748568333626e-09,7.086701279016106e-09,6.534592823132616e-09,6.049774753640013e-09,5.623336194212467e-09,5.247245576233094e-09,4.91489715271875e-09,4.621214696311443e-09,4.36248048093953e-09,4.1360372161412485e-09,3.939971864160944e-09,3.7728477390585276e-09,3.6335143820163668e-09,3.5209978511653857e-09,3.434457868722629e-09,3.3731910546701703e-09,3.3366586427784406e-09,3.3245200663417244e-09
2026-03-30 14:29:15.993160,[69.10133773],4.974356369325686e-09,4.996832129033094e-09,5.064288854302299e-09,5.176748885762926e-09,5.334032353588549e-09,5.535443180203693e-09,5.779358113708383e-09,6.062758773931988e-09,6.3807714461431845e-09,6.7263086178934636e-09,7.0899344479950175e-09,7.460094118787588e-09,7.823841824085432e-09,8.168160530292339e-09,8.481878395709706e-09,8.758050577240801e-09,8.99650471792143e-09,9.206075963245746e-09,9.405932456664092e-09,9.625372901337341e-09,9.901613711633565e-09,1.0275394746535713e-08,1.0784691155243993e-08,1.145733924047521e-08,1.2303835129385547e-08,1.3311800594127575e-08,1.4443516344335086e-08,1.56374628848556e-08,1.6814051031883198e-08,1.7884836297968488e-08,1.876371891998074e-08,1.9378150066447642e-08,1.967833180890308e-08,1.9642826623737384e-08,1.927976548320945e-08,1.8623755109190683e-08,1.772940293630552e-08,1.6662915609635736e-08,1.5493389953452178e-08,1.4285219041972649e-08,1.3092583170243137e-08,1.1956434371717308e-08,1.0903859145621756e-08,9.94932255649239e-09,9.097105102721164e-09,8.34423323102499e-09,7.683327591259394e-09,7.104986024208559e-09,6.599520531526097e-09,6.158035666728185e-09,5.772948088812948e-09,5.438100984946028e-09,5.148633392109905e-09,4.900739792526359e-09,4.6914164082159135e-09,4.518250410662336e-09,4.37927481055065e-09,4.272888452946763e-09,4.197827277717037e-09,4.15316788852737e-09,4.138344969129281e-09
2026-03-30 14:29:16.362401,[90.18164649],7.145738279355658e-08,7.146873628098784e-08,7.152022101511737e-08,7.166621683578809e-08,7.200445203272488e-08,7.268683190281539e-08,7.39347359491031e-08,7.605838648410654e-08,7.947906224642913e-08,8.475168960204333e-08,9.25838044457281e-08,1.0384533201654242e-07,1.1956257115809915e-07,1.408898368548396e-07,1.6905405097502587e-07,2.052715507591444e-07,2.5064229020221977e-07,3.0603336474426977e-07,3.71969430209354e-07,4.485496386655088e-07,5.354070342642381e-07,6.317162644739975e-07,7.362407491801484e-07,8.473956117046846e-07,9.632939598860026e-07,1.081747269843069e-06,1.2002080713783981e-06,1.31567165897647e-06,1.4245840866408115e-06,1.5228237890492734e-06,1.605822685797409e-06,1.6688649792939617e-06,1.7075532113424103e-06,1.7183757879530187e-06,1.6992668254826218e-06,1.6500338847474024e-06,1.572548974047713e-06,1.4706481974828187e-06,1.3497505797147696e-06,1.216267493351693e-06,1.0769139403485318e-06,9.380428921013364e-07,8.051050584758183e-07,6.822979606228141e-07,5.724229513757273e-07,4.769289447283372e-07,3.9609500795223915e-07,3.2929321402904065e-07,2.7527623783725297e-07,2.3244640010176893e-07,1.9907888572437205e-07,1.734872814452006e-07,1.5413166368364555e-07,1.3967719963160652e-07,1.290148671361425e-07,1.212564272541216e-07,1.1571437781576272e-07,1.1187532472396042e-07,1.0937278795873187e-07,1.0796335712937798e-07,1.0750851423334842e-07
2026-03-30 14:29:16.414542,[65.5776689],2.398174886985299e-09,2.404775341259549e-09,2.4246677890554453e-09,2.458125752586735e-09,2.50560530093725e-09,2.5677428214270307e-09,2.6453465143651133e-09,2.73937560997356e-09,2.850899125679539e-09,2.9810241801738677e-09,3.1307833081263225e-09,3.300972029538846e-09,3.4919333658867942e-09,3.703295985790148e-09,3.9336872134223614e-09,4.18045968394781e-09,4.4394874087228255e-09,4.705097933002556e-09,4.970205697394397e-09,5.226692192451222e-09,5.466039092122743e-09,5.680165226140356e-09,5.8623578712137505e-09,6.008139791090781e-09,6.11589348650241e-09,6.1870862614602495e-09,6.226006319692541e-09,6.239019596669835e-09,6.233465435242018e-09,6.216396742670135e-09,6.193411005423865e-09,6.1677995612674515e-09,6.140168726679799e-09,6.108578866616411e-09,6.069136226665133e-09,6.0168860070437286e-09,5.946812368036566e-09,5.854756062887664e-09,5.738104154329221e-09,5.596171610080486e-09,5.430262747440824e-09,5.243456591457384e-09,5.040195907742197e-09,4.825773327840605e-09,4.60580291575269e-09,4.385747655487974e-09,4.170549141423222e-09,3.96438085141069e-09,3.77052486371984e-09,3.5913561113993263e-09,3.4284090439761063e-09,3.282498428424925e-09,3.1538676787747515e-09,3.0423428741403295e-09,2.9474768269751217e-09,2.8686738053750198e-09,2.8052908469590063e-09,2.756715543772117e-09,2.72242263266451e-09,2.702012859551828e-09,2.695237693039218e-09
2026-03-30 14:29:16.563153,[91.35289515],8.932635401642765e-08,8.935351711622718e-08,8.945739690124538e-08,8.970781893038169e-08,9.023008650568387e-08,9.121857046851483e-08,9.295583795678653e-08,9.583675207786922e-08,1.0039591554681986e-07,1.0733526028775069e-07,1.1754664932285096e-07,1.3212243089913757e-07,1.5234559459568745e-07,1.79651343011957e-07,2.1555432483418013e-07,2.615409498095047e-07,3.1893384083154004e-07,3.8874419020596154e-07,4.715350499287828e-07,5.673212052913608e-07,6.755264653930372e-07,7.950060190267328e-07,9.241221665675103e-07,1.060841985931553e-06,1.2028133921271405e-06,1.3473791747968626e-06,1.4915103377196338e-06,1.6316766786286855e-06,1.7637126966336629e-06,1.882764675889911e-06,1.9834056186643303e-06,2.0599720740931096e-06,2.107116637126757e-06,2.1204995687749174e-06,2.09748623565408e-06,2.0376946573758255e-06,1.943259082125154e-06,1.8187358610772484e-06,1.6706586615046686e-06,1.5068269768150684e-06,1.3354635308280823e-06,1.1643908851079074e-06,1.0003560598483327e-06,8.485852395695023e-07,7.1259465428557e-07,5.94233709390275e-07,4.939025454673736e-07,4.108719570863378e-07,3.436367112906046e-07,2.902480350290084e-07,2.4859075750707386e-07,2.165897575084566e-07,1.9234550133308746e-07,1.7420822006552247e-07,1.6080494368379953e-07,1.5103437305930856e-07,1.440428920402843e-07,1.3919220968780402e-07,1.3602612969065536e-07,1.3424133348995618e-07,1.3366507516006335e-07
2026-03-30 14:29:16.614577,[66.54671888],2.902259092442191e-09,2.9098485356222822e-09,2.9326994354261528e-09,2.9710643111403134e-09,3.025380061324006e-09,3.096291775853553e-09,3.1846846923278337e-09,3.2917208575253895e-09,3.4188733277187876e-09,3.567945450692259e-09,3.741056372406967e-09,3.94056758477585e-09,4.168921149335316e-09,4.428361104779428e-09,4.720518817041896e-09,5.045863470653951e-09,5.403051428103208e-09,5.788250170944357e-09,6.194556570391587e-09,6.6116630293600744e-09,7.025933287420332e-09,7.4210182007917904e-09,7.77906338611436e-09,8.082440838059365e-09,8.315797109350802e-09,8.468087038670066e-09,8.534195654089704e-09,8.515775323043863e-09,8.42105197362253e-09,8.263563546095272e-09,8.060035849762528e-09,7.827808647777357e-09,7.582335413320924e-09,7.335257815687228e-09,7.093405265372345e-09,6.858835501228226e-09,6.6297836837195836e-09,6.402194848030027e-09,6.171425426894602e-09,5.933725493878126e-09,5.687230608846698e-09,5.432354092341743e-09,5.171626216540204e-09,4.909137258110638e-09,4.649788932147621e-09,4.398547212739513e-09,4.159837603060466e-09,3.9371556195966e-09,3.732901722905643e-09,3.548404421329909e-09,3.384072186066081e-09,3.239611556943706e-09,3.1142589985712064e-09,3.006990541303359e-09,2.9166901838552764e-09,2.842271831672636e-09,2.782758752155193e-09,2.7373292889854308e-09,2.70533890325933e-09,2.686327757586389e-09,2.6800211356928256e-09
2026-03-30 14:29:16.761170,[91.88612935],8.936491915057874e-08,8.943487503514581e-08,8.967241407777313e-08,9.01639601188489e-08,9.106487914718191e-08,9.261627641503657e-08,9.516793832908564e-08,9.920643025893709e-08,1.0538656073147323e-07,1.1456337064618783e-07,1.2782060579306558e-07,1.4649047067975174e-07,1.7215860096181153e-07,2.0664791584191316e-07,2.519755566185378e-07,3.102785802586123e-07,3.837063447309545e-07,4.7428026546899875e-07,5.837243849229967e-07,7.132725983334706e-07,8.63460356143749e-07,1.03391064443383e-06,1.2231268913868044e-06,1.428310069236355e-06,1.6452239329951175e-06,1.8681399687605908e-06,2.089899380588386e-06,2.302129134563085e-06,2.495638477744132e-06,2.6609991834112677e-06,2.789278612573722e-06,2.872855782177999e-06,2.90621699316601e-06,2.88661016289227e-06,2.8144439711539373e-06,2.6933512378560504e-06,2.529889938827087e-06,2.3329178406793976e-06,2.112732927530693e-06,1.8801083591749478e-06,1.6453600511803833e-06,1.4175670338228293e-06,1.2040263062645516e-06,1.0099758703954077e-06,8.385735036073553e-07,6.910835833331058e-07,5.672045823070078e-07,4.654659031593506e-07,3.8363129201537336e-07,3.1906220700790304e-07,2.690131658250773e-07,2.3084826288476056e-07,2.0218131927356255e-07,1.8095064607168054e-07,1.654434781428145e-07,1.5428576200360991e-07,1.4641137361352285e-07,1.410221204773163e-07,1.3754690351899045e-07,1.356057226682372e-07,1.3498207064090174e-07
2026-03-30 14:29:16.812935,[86.56180266],4.612234094203707e-08,4.611435084501203e-08,4.6092595182809583e-08,4.606441050138777e-08,4.604442323690695e-08,4.605841211472159e-08,4.6149060324932835e-08,4.638351835317773e-08,4.686209773354598e-08,4.772647342125381e-08,4.916458567109404e-08,5.140826899200466e-08,5.47189638625537e-08,5.935731739503739e-08,6.55347006917755e-08,7.334905949719601e-08,8.271385807436253e-08,9.329602539605548e-08,1.0448457538643272e-07,1.1541302890472744e-07,1.2505311936026086e-07,1.3238312998122324e-07,1.3661292309320538e-07,1.374240338939588e-07,1.3516472817955775e-07,1.309350445497708e-07,1.265114660390846e-07,1.240952104709661e-07,1.2591504855969167e-07,1.337616627663492e-07,1.4856027210703305e-07,1.7008956054236407e-07,1.9692454377334104e-07,2.2662639090073557e-07,2.5613959053362087e-07,2.823054353622643e-07,3.023758636108665e-07,3.1441924279695703e-07,3.1754490932260916e-07,3.1192319244540146e-07,2.986263962457311e-07,2.793507067817574e-07,2.560926767531631e-07,2.30847580423552e-07,2.0537676621780973e-07,1.8106565745425592e-07,1.5887089709901835e-07,1.3933910718907045e-07,1.2267232125709957e-07,1.0881518044060324e-07,9.754386998093128e-08,8.854369922836118e-08,8.146897124458323e-08,7.59840429879681e-08,7.17878046551918e-08,6.862537321705437e-08,6.629106910401253e-08,6.462625412606157e-08,6.351479426918341e-08,6.287807124095713e-08,6.267076035755666e-08
2026-03-30 14:29:16.863472,[67.76885679],3.5385116431881144e-09,3.5567925233165506e-09,3.611811523794061e-09,3.7040445357168823e-09,3.83410762391901e-09,4.002493544600539e-09,4.209212135750861e-09,4.453354938168695e-09,4.732624483647542e-09,5.042895995986093e-09,5.377910457355175e-09,5.729225968329961e-09,6.086567827115582e-09,6.438702434971835e-09,6.774901638330764e-09,7.086953413822165e-09,7.3715151794942165e-09,7.632419724383731e-09,7.882375060773436e-09,8.14341047969885e-09,8.445477516284644e-09,8.822862742806716e-09,9.308509475247365e-09,9.926911589020802e-09,1.0686801146645038e-08,1.1575227076358279e-08,1.2554649162062803e-08,1.3564258202633053e-08,1.4525913105692368e-08,1.5354033102120142e-08,1.5967775907275958e-08,1.6303168722798418e-08,1.6322755533627797e-08,1.6020836143827576e-08,1.5423366551710373e-08,1.4582786910058411e-08,1.3569110636325188e-08,1.2459271943618079e-08,1.1326855274703602e-08,1.0233952785082123e-08,9.226184808979441e-09,8.331106426868457e-09,7.559527356117611e-09,6.908832823488497e-09,6.367251431307005e-09,5.918127889238509e-09,5.543528577166829e-09,5.2268301574928235e-09,4.954230061504951e-09,4.7153225579324195e-09,4.502991389154478e-09,4.31289253837009e-09,4.142765294659031e-09,3.991745393852431e-09,3.8597843086345565e-09,3.747218935888811e-09,3.654492886950146e-09,3.5820050035586093e-09,3.530049647020941e-09,3.498812426187793e-09,3.4883902147050005e-09
2026-03-30 14:29:17.018705,[94.34400249],1.7669171444745545e-07,1.7666918658383193e-07,1.76647226146418e-07,1.767685597297515e-07,1.7729077636031464e-07,1.7861636713456484e-07,1.8133506844986072e-07,1.8627729419871303e-07,1.9457507813655312e-07,2.077234141185459e-07,2.2763049241618926e-07,2.5664090790646825e-07,2.9751286441379797e-07,3.533305811464169e-07,4.273384230643136e-07,5.226949201997584e-07,6.421623467139744e-07,7.877679548420646e-07,9.604906899139485e-07,1.1600349228374288e-06,1.3847436903792441e-06,1.6316752494192454e-06,1.8968224531294383e-06,2.1754066359414885e-06,2.4621442843600426e-06,2.7513836011807375e-06,3.037048742401168e-06,3.3124064349831555e-06,3.5697602191452656e-06,3.8002476374582685e-06,3.993932212993848e-06,4.140327463521243e-06,4.229372664231993e-06,4.252733751202235e-06,4.205176698654161e-06,4.085700433739211e-06,3.8981459536268714e-06,3.6511108595246736e-06,3.3571590111523832e-06,3.03147408462076e-06,2.6902180571036724e-06,2.348894564295019e-06,2.0209814683043465e-06,1.7170073688083482e-06,1.4441351493394864e-06,1.2062133443874457e-06,1.0041848430878217e-06,8.367104965288281e-07,7.008688286144995e-07,5.928210680558658e-07,5.083697552436222e-07,4.4337782471598693e-07,3.9404600247721843e-07,3.5706660462884676e-07,3.296817583561394e-07,3.096759977238037e-07,2.953300476947059e-07,2.853570634224316e-07,2.7883659639155407e-07,2.751562865553969e-07,2.7396723976792134e-07
2026-03-30 14:29:17.071707,[68.84658494],4.352985193700851e-09,4.373623585729817e-09,4.435606791330611e-09,4.5390798881152005e-09,4.68409007281986e-09,4.870303449309405e-09,5.0966304883625066e-09,5.360792079598321e-09,5.65887937257656e-09,5.984986904223867e-09,6.331025768129564e-09,6.686844355309671e-09,7.040787754136172e-09,7.380800555427563e-09,7.69610997743232e-09,7.97941121469216e-09,8.229320779668868e-09,8.452689297593172e-09,8.666214394589451e-09,8.896722954255474e-09,9.179557909131147e-09,9.554747728860647e-09,1.0061056207851502e-08,1.0728547753399405e-08,1.1570841223938918e-08,1.2578606253853183e-08,1.371592602210818e-08,1.4920813853219932e-08,1.6110438576394953e-08,1.7190622367479497e-08,1.8068165537331718e-08,1.8663804327670306e-08,1.8923348741725343e-08,1.882487566948585e-08,1.838069555402909e-08,1.7633944112873195e-08,1.6650769306637812e-08,1.5509900605622723e-08,1.4291720771584207e-08,1.3068779637739904e-08,1.1899108226258178e-08,1.0822913974105458e-08,9.862484562969629e-09,9.024570360126318e-09,8.304238301309339e-09,7.689187486273779e-09,7.163717013171401e-09,6.711838624782509e-09,6.319335055922466e-09,5.9748122542893925e-09,5.669948569844838e-09,5.399206731398809e-09,5.159265416159038e-09,4.948374912066671e-09,4.765772544652884e-09,4.611227847621034e-09,4.484735942672372e-09,4.386343873825169e-09,4.316077327689593e-09,4.273930403206479e-09,4.259884509751944e-09
2026-03-30 14:29:17.225647,[89.29827291],6.030752637573012e-08,6.031478027160641e-08,6.035095642247643e-08,6.046112398398668e-08,6.072655329682303e-08,6.12741293241475e-08,6.228967251071215e-08,6.403480643156275e-08,6.686623200178981e-08,7.125509478963349e-08,7.780267124463118e-08,8.72471323187605e-08,1.0045514990092213e-07,1.183922315504568e-07,1.4206755313055014e-07,1.7245310932247586e-07,2.103830394552243e-07,2.564459615586759e-07,3.10889075975641e-07,3.735550970599576e-07,4.438693722043194e-07,5.208838653979883e-07,6.033685017319873e-07,6.899230677923564e-07,7.7907093039851e-07,8.692957526826379e-07,9.589977009002001e-07,1.0463744291940088e-06,1.129266272421026e-06,1.2050321818695624e-06,1.2705307676242487e-06,1.3222625549262705e-06,1.356687630754246e-06,1.3706791625666213e-06,1.3620254234391525e-06,1.329867730523802e-06,1.2749685206039671e-06,1.1997410726743257e-06,1.1080283322499307e-06,1.0046755458493934e-06,8.949835396218091e-07,7.841464116410153e-07,6.767679337910814e-07,5.76521685729107e-07,4.85981808283778e-07,4.06615321434585e-07,3.3890109853983523e-07,2.8252811423398223e-07,2.366255393829186e-07,1.999859762624224e-07,1.7125605411705928e-07,1.4908175509506782e-07,1.3220658601317956e-07,1.1952791136998238e-07,1.101204543397843e-07,1.0323688821017487e-07,9.82945589037547e-08,9.485560802990102e-08,9.2605784830288e-08,9.133545960072818e-08,9.092496883497147e-08
2026-03-30 14:29:17.432149,[65.41255113],1.8972393111760775e-09,1.903053826654952e-09,1.9205124749572835e-09,1.9496495467390655e-09,1.9904860837655864e-09,2.042978042668722e-09,2.106949096471684e-09,2.1820150595192573e-09,2.267511029798922e-09,2.3624375894284233e-09,2.465448340646176e-09,2.5749065683676376e-09,2.689041907655972e-09,2.806235569801288e-09,2.925451222937874e-09,3.0468043945140385e-09,3.1722242636542374e-09,3.306109779399699e-09,3.45582515524747e-09,3.6318333918565757e-09,3.847252348083411e-09,4.116659313239077e-09,4.454083171880429e-09,4.8703063896753185e-09,5.369823992414854e-09,5.94801752785211e-09,6.5892254064182286e-09,7.266358653284916e-09,7.942487985483416e-09,8.57443623064761e-09,9.117934783401655e-09,9.53347454433278e-09,9.791735904456711e-09,9.877510108310672e-09,9.791335530021173e-09,9.548586266916971e-09,9.176320862091284e-09,8.708664621061646e-09,8.181738438076542e-09,7.62911651011328e-09,7.078535721368481e-09,6.550192992264599e-09,6.056575515822882e-09,5.603473098201218e-09,5.191674550749546e-09,4.8188511877673e-09,4.481240159068619e-09,4.174901209186433e-09,3.896478900065327e-09,3.643522285470218e-09,3.4144810656076147e-09,3.2085150358811987e-09,3.0252364276821665e-09,2.8644697041920707e-09,2.7260751246371637e-09,2.6098503478703736e-09,2.51550259451477e-09,2.442672470516691e-09,2.3909872422599864e-09,2.3601231891754116e-09,2.3498610001640894e-09
2026-03-30 14:29:17.641514,[67.49619561],2.7366532221222083e-09,2.7451616575254135e-09,2.7708151456762234e-09,2.8139975407135692e-09,2.875346384183794e-09,2.955749753929333e-09,3.056341662176727e-09,3.1784945230873455e-09,3.3238048902708244e-09,3.4940649766552184e-09,3.6912074570991305e-09,3.917205323491558e-09,4.173903572048927e-09,4.462757748921346e-09,4.784459267374036e-09,5.138442587904454e-09,5.522297379590176e-09,5.931149206413666e-09,6.357119641660423e-09,6.78901935072202e-09,7.212448564661271e-09,7.610459814733125e-09,7.964864140302609e-09,8.25813362552406e-09,8.475688955378047e-09,8.60820000789545e-09,8.653422593678428e-09,8.61709486546684e-09,8.512549670824453e-09,8.3589524216745e-09,8.178392757202562e-09,7.99235583687571e-09,7.818284158570221e-09,7.666949394662894e-09,7.54117433353109e-09,7.436125307492221e-09,7.3410273156735496e-09,7.241841930605435e-09,7.124274004123869e-09,6.976471437296544e-09,6.790933062872135e-09,6.565382089990209e-09,6.30261950207215e-09,6.0095761984537e-09,5.695895369898142e-09,5.372391584895946e-09,5.049671153868976e-09,4.737094326981053e-09,4.4421491084730845e-09,4.1702152332753694e-09,3.9246384272150595e-09,3.70701069765206e-09,3.5175551908869244e-09,3.3555337426816736e-09,3.2196215783749583e-09,3.10821914247139e-09,3.0196914038433326e-09,2.952538655810039e-09,2.9055102006725027e-09,2.877674746255374e-09,2.868460453585577e-09
2026-03-30 14:29:17.799999,[93.62190365],1.5106450017564729e-07,1.510088847054615e-07,1.5088441119091222e-07,1.5082362307493328e-07,1.5106565723865027e-07,1.5198393983151865e-07,1.541250468650073e-07,1.5825741632353603e-07,1.6542634041640762e-07,1.7700831184180377e-07,1.9475363734750612e-07,2.2080204097755808e-07,2.576530964620294e-07,3.080735539620559e-07,3.749288418024713e-07,4.609374861269281e-07,5.683646093604906e-07,6.986913558619008e-07,8.523156781810652e-07,1.0283491152461964e-06,1.2245669109012527e-06,1.4375412964263569e-06,1.6629427190839889e-06,1.895942029005124e-06,2.131605459755231e-06,2.3651622994724474e-06,2.5920546998433727e-06,2.8077486821767046e-06,3.007376873396113e-06,3.185365678880769e-06,3.335238954924177e-06,3.4497646742945624e-06,3.521520868430703e-06,3.543827591933675e-06,3.5118652463373255e-06,3.423720216615073e-06,3.281094811150565e-06,3.089492041387221e-06,2.8578124800064827e-06,2.5974396591996633e-06,2.321000834598587e-06,2.0410435017766417e-06,1.7688577445496597e-06,1.5136130401985844e-06,1.2818903867067993e-06,1.077603398974538e-06,9.022357930260909e-07,7.552872562287005e-07,6.348144882800814e-07,5.379714475644836e-07,4.614819709606031e-07,4.0200919710534124e-07,3.564128136065024e-07,3.2190376843461303e-07,2.961163575213289e-07,2.771209850191474e-07,2.633996051376182e-07,2.538020687841222e-07,2.474970120366549e-07,2.4392662592373774e-07,2.4277117629579367e-07
2026-03-30 14:29:17.855211,[69.40738374],3.799171775081545e-09,3.813294233862395e-09,3.8557042083649516e-09,3.926497135608756e-09,4.025725038953437e-09,4.1532395589190074e-09,4.308481916182227e-09,4.490235255687998e-09,4.696366744748367e-09,4.923602801636329e-09,5.1673994578451265e-09,5.4219876051600435e-09,5.68068374369031e-09,5.9365524161894285e-09,6.183477078994873e-09,6.4176332525153194e-09,6.639258214200548e-09,6.8544822335261484e-09,7.076848873145748e-09,7.3280434229260925e-09,7.637317689408298e-09,8.039194334416657e-09,8.569284248968978e-09,9.258446547567136e-09,1.0125999840413217e-08,1.1173140358889025e-08,1.2377992509818486e-08,1.3693679104443214e-08,1.5050385631942608e-08,1.6361645610890747e-08,1.75341484491161e-08,1.847950658830169e-08,1.912586656734306e-08,1.942718777832234e-08,1.9368482348485968e-08,1.8966189509622637e-08,1.826390542475427e-08,1.732462062673813e-08,1.6221199227236266e-08,1.5026954806320575e-08,1.380786794890684e-08,1.2617394575941399e-08,1.1494129932615907e-08,1.046200246222958e-08,9.532292193165891e-09,8.706634129863213e-09,7.980241600679079e-09,7.344789321455361e-09,6.790644856422228e-09,6.308361347302588e-09,5.889504428203577e-09,5.5269718491320036e-09,5.214986130132871e-09,4.948919442442813e-09,4.725067827818822e-09,4.540446184681603e-09,4.3926368230732975e-09,4.27969725699319e-09,4.200117291289424e-09,4.152809045945631e-09,4.137113328139011e-09
2026-03-30 14:29:18.013053,[94.49156007],1.9430405152628575e-07,1.942394251755554e-07,1.9410137300761697e-07,1.9406411241353704e-07,1.9444061403194083e-07,1.957168447368681e-07,1.9859964212967615e-07,2.0407649358816302e-07,2.1348276697890772e-07,2.2856791542718677e-07,2.515471972582763e-07,2.8512042551318387e-07,3.3243576128264834e-07,3.969767096276701e-07,4.823564888257951e-07,5.920173351357547e-07,7.288528037362416e-07,8.94795686154146e-07,1.0904366114196747e-06,1.3147502968366625e-06,1.5649994656856117e-06,1.8368560923542886e-06,2.124728682534725e-06,2.4222247876150498e-06,2.72262947594155e-06,3.019264300153574e-06,3.3056215886413968e-06,3.5752444617496236e-06,3.8214237118905955e-06,4.03687379740121e-06,4.21359414918071e-06,4.343094015590132e-06,4.417059533507488e-06,4.428399010005497e-06,4.372464029024331e-06,4.248158853349313e-06,4.058649947350114e-06,3.811472935507417e-06,3.5179779845135347e-06,3.192210514206304e-06,2.8494459463155196e-06,2.5046540061270322e-06,2.1711526985191353e-06,1.8596395300784363e-06,1.5776863238896347e-06,1.329684523484039e-06,1.1171531746312278e-06,9.392826096440459e-07,7.935822253412305e-07,6.765215931457299e-07,5.840882972870074e-07,5.122222169766952e-07,4.5711672064822565e-07,4.1539870581249395e-07,3.842112125270146e-07,3.612261692218759e-07,3.4461325943811946e-07,3.3298643730373745e-07,3.253442306317587e-07,3.2101491592865937e-07,3.196135566620622e-07
2026-03-30 14:29:18.065825,[85.26201188],1.5448283245011802e-08,1.548398772807987e-08,1.559092181067398e-08,1.5768356816744816e-08,1.6014465463807e-08,1.632548442297774e-08,1.669471552568658e-08,1.7111556179358875e-08,1.7560811968748065e-08,1.8022586234587415e-08,1.8473033868030557e-08,1.8886176693609837e-08,1.9236779842582948e-08,1.950398072763012e-08,1.9674985793740315e-08,1.9747801963330765e-08,1.973179761181712e-08,1.9645058920008416e-08,1.950814425841655e-08,1.9334938134751564e-08,1.9122666092192963e-08,1.884433838898253e-08,1.8447394255877155e-08,1.786161940847815e-08,1.7017300658160494e-08,1.5871361798155172e-08,1.4435755416820085e-08,1.2799903446445124e-08,1.1138680421101699e-08,9.699952276852023e-09,8.7706993318299e-09,8.62693340236927e-09,9.477999218936717e-09,1.1418528133011752e-08,1.4400199177032795e-08,1.8230749125695066e-08,2.260079376286514e-08,2.7132126020323915e-08,3.143631058269428e-08,3.5170863056759615e-08,3.808218376746446e-08,4.0028750178478644e-08,4.098330590623731e-08,4.1017375129065997e-08,4.027432684046437e-08,3.893806769863715e-08,3.7203547992358626e-08,3.525330072817657e-08,3.324196024139761e-08,3.1288731496108124e-08,2.9476442881735808e-08,2.785518521756538e-08,2.644849886175293e-08,2.52604106899937e-08,2.428213083608627e-08,2.349773144429702e-08,2.288854866318601e-08,2.2436337136046006e-08,2.2125367485467043e-08,2.194371764885362e-08,2.1884000171407138e-08
2026-03-30 14:29:18.264567,[89.63125435],6.31920889915459e-08,6.32026849534291e-08,6.325247459580438e-08,6.339756199908255e-08,6.37385165433173e-08,6.443112951657536e-08,6.570154739858059e-08,6.786527895350312e-08,7.134865008547425e-08,7.670989899753641e-08,8.465538334162459e-08,9.60446346785154e-08,1.1187680812114434e-07,1.3325120091577459e-07,1.6129675517075052e-07,1.970703545807106e-07,2.4143114504296176e-07,2.9490689104769117e-07,3.575761926150031e-07,4.2899406408897573e-07,5.081848285949005e-07,5.937138804709685e-07,6.838298345285606e-07,7.766457003865979e-07,8.703096832395799e-07,9.631113259365032e-07,1.053482466922594e-06,1.1398843136129919e-06,1.2206137290923731e-06,1.2935996307618677e-06,1.3562790411907492e-06,1.4056316275340405e-06,1.4384113017520192e-06,1.451554707085195e-06,1.442688165801488e-06,1.4106168250950871e-06,1.3556755327401731e-06,1.2798519334232838e-06,1.1866479855450285e-06,1.0807085788867214e-06,9.672965462791245e-07,8.517192140351645e-07,7.38809057228152e-07,6.325352494128815e-07,5.357847441196836e-07,4.50312928016781e-07,3.768340898574443e-07,3.1520554948571646e-07,2.6465624280143024e-07,2.2401757992323197e-07,1.9192686510842494e-07,1.669871677912696e-07,1.4787921456147287e-07,1.3342912019204856e-07,1.2264037926609023e-07,1.1470011253746934e-07,1.0896906556491162e-07,1.0496324495430542e-07,1.0233309880344792e-07,1.0084428547361252e-07,1.0036256867890035e-07
2026-03-30 14:29:18.464678,[90.80898738],7.931142508975131e-08,7.929801101941893e-08,7.928246676728447e-08,7.934182518205015e-08,7.961435297036799e-08,8.03145603873305e-08,8.17542562166339e-08,8.436890401638714e-08,8.874725992474569e-08,9.56603676394596e-08,1.0608360869514447e-07,1.2120309022356147e-07,1.423959624102521e-07,1.7117434032573937e-07,2.0908547758633524e-07,2.5756748935507737e-07,3.1777016203502367e-07,3.9036273585545455e-07,4.7536191189512784e-07,5.720194013007235e-07,6.788047397125202e-07,7.935032589813581e-07,9.134221777080302e-07,1.035665689482799e-06,1.1574127895116558e-06,1.2761207840240688e-06,1.3895911945347067e-06,1.4958736756956216e-06,1.5930382657512312e-06,1.6788991669559877e-06,1.7508041697241933e-06,1.8055980938460215e-06,1.8398238096061588e-06,1.8501527579033595e-06,1.8339616263436024e-06,1.789918627701267e-06,1.7184299733323386e-06,1.6218287093720513e-06,1.5042528857556307e-06,1.371236525541063e-06,1.229101645643413e-06,1.084275575508612e-06,9.42659079636054e-07,8.091425753907435e-07,6.873227330541697e-07,5.794245850764496e-07,4.863967235797766e-07,4.0812546776290157e-07,3.4370853885994844e-07,2.917361400289978e-07,2.5054189308918087e-07,2.1840251195084504e-07,1.9367952507504256e-07,1.7490678145420735e-07,1.6083348473992031e-07,1.5043475557850222e-07,1.4290135484226365e-07,1.376183701412396e-07,1.3414030691898809e-07,1.3216774867997498e-07,1.315288758333209e-07
2026-03-30 14:29:18.662498,[91.9711046],1.0116350162136137e-07,1.0116526047436574e-07,1.0120178708324878e-07,1.0137055283419077e-07,1.0184650707239443e-07,1.02901028824905e-07,1.0492844512477163e-07,1.0847912357780577e-07,1.1429654091672125e-07,1.233533434337997e-07,1.3687844564669233e-07,1.5636420244766274e-07,1.8354058993539533e-07,2.2030344574473364e-07,2.685875479374267e-07,3.3018364403228825e-07,4.065113896826706e-07,4.983757010283083e-07,6.057484331953807e-07,7.276251864639331e-07,8.620029185891189e-07,1.0060045719463359e-06,1.156143339521729e-06,1.308678712756066e-06,1.4599815464685725e-06,1.6068103161868425e-06,1.7464161008209103e-06,1.8764408691952236e-06,1.994641378970345e-06,2.0985379504805084e-06,2.1851285450242164e-06,2.250805177642794e-06,2.2915577531343244e-06,2.3034639881462295e-06,2.2833711010694212e-06,2.2296069862128004e-06,2.142538809178246e-06,2.024831479656518e-06,1.8813346799062848e-06,1.718619440558113e-06,1.5442651742427927e-06,1.3660443039804565e-06,1.1911561100758604e-06,1.0256297587603022e-06,8.739635240572478e-07,7.390105468237162e-07,6.220755066215462e-07,5.231592182862386e-07,4.4128040784993254e-07,3.748116750974636e-07,3.21783436288046e-07,2.801290785307557e-07,2.478619224484482e-07,2.231873461679315e-07,2.0456097438828934e-07,1.907068812373959e-07,1.8060959798135913e-07,1.7349172391476846e-07,1.6878622768179563e-07,1.6610984632885868e-07,1.6524173809488298e-07
2026-03-30 14:29:18.866293,[93.96253078],1.589865868348171e-07,1.5897437356950772e-07,1.5899124903904028e-07,1.592040067534889e-07,1.5991158440821298e-07,1.615767172112603e-07,1.6487000077734182e-07,1.707244797317621e-07,1.8039614227217118e-07,1.9552168434955108e-07,2.1815995579286573e-07,2.5079854267200746e-07,2.963035906914904e-07,3.5779143290028277e-07,4.384071939569924e-07,5.410099470808773e-07,6.677860064742961e-07,8.198384237199522e-07,9.968251868199599e-07,1.1967318288814392e-06,1.4158567734666737e-06,1.6490540441742156e-06,1.8902199470787173e-06,2.132940182253947e-06,2.3711527629941158e-06,2.5996545968289555e-06,2.814304059995192e-06,3.0118512449700663e-06,3.189443816103403e-06,3.343973548358642e-06,3.4715039777285238e-06,3.567020295296466e-06,3.62466030855198e-06,3.6384420449442903e-06,3.6033454510004444e-06,3.5164858929976267e-06,3.378076004152986e-06,3.1919221105389254e-06,2.965322906545114e-06,2.7083897035376243e-06,2.4329420845778944e-06,2.151213841337036e-06,1.874616844047033e-06,1.6127628643791298e-06,1.3728589941147667e-06,1.1594999508129976e-06,9.748043122089587e-07,8.187951994010318e-07,6.899114138635591e-07,5.85546254886511e-07,5.0253779091045e-07,4.3756576959026076e-07,3.874387593166092e-07,3.4927619752562877e-07,3.2060265345406883e-07,2.993768435600821e-07,2.839778550460736e-07,2.731678700473753e-07,2.6604628491219503e-07,2.620057362229699e-07,2.606968496307449e-07
2026-03-30 14:29:19.061572,[94.97718171],2.0553900758648034e-07,2.0551677328590347e-07,2.0551618454338956e-07,2.057438192645431e-07,2.065716181858595e-07,2.0857875758198096e-07,2.1261012201030888e-07,2.1984902153431918e-07,2.318981424863917e-07,2.5085730847906377e-07,2.793799080613649e-07,3.206830550061603e-07,3.7848186514504394e-07,4.568186523631943e-07,5.597665872376438e-07,6.910067419519454e-07,8.533073249600111e-07,1.0479701750369792e-06,1.2743434408243548e-06,1.5295183222613896e-06,1.8083188322606988e-06,2.1036485156909476e-06,2.4071790706551695e-06,2.7102688788830883e-06,3.004913176184601e-06,3.284485620093938e-06,3.544059493077521e-06,3.7802012506274086e-06,3.990286903474245e-06,4.171555013535724e-06,4.320220844914987e-06,4.4309882302083535e-06,4.497194822105193e-06,4.5116393443791986e-06,4.4679262386635696e-06,4.361995107239178e-06,4.193435304326956e-06,3.966239431574589e-06,3.6888010658046018e-06,3.373158654700587e-06,3.0336667668369433e-06,2.6853885822661378e-06,2.342528097492976e-06,2.0171652894583707e-06,1.7184520916243417e-06,1.4523086712311657e-06,1.2215599221406881e-06,1.0263898128097317e-06,8.64970031643485e-07,7.341317285759951e-07,6.299818911270313e-07,5.484055399420197e-07,4.854312128551519e-07,4.3746438467531493e-07,4.014099359249487e-07,3.7471177563837684e-07,3.553378644109164e-07,3.4173501944864527e-07,3.3277238057164574e-07,3.276868883563035e-07,3.2603944551455634e-07
2026-03-30 14:29:19.111169,[71.35555902],4.2085606911551385e-09,4.22378862101521e-09,4.269511521824613e-09,4.345810717375123e-09,4.452701537507601e-09,4.589953157109622e-09,4.7568394871313785e-09,4.951830838003543e-09,5.172248224522319e-09,5.413920734785743e-09,5.670911099094153e-09,5.9354030354457134e-09,6.197870441570665e-09,6.447663410497649e-09,6.6741360295307725e-09,6.868390972549468e-09,7.025613722221495e-09,7.147811969297739e-09,7.246577523873428e-09,7.34528611616044e-09,7.48000505625088e-09,7.698363777732939e-09,8.055824642515727e-09,8.609201918430738e-09,9.407882232875512e-09,1.0483887890096893e-08,1.1842515750943602e-08,1.3455575162051126e-08,1.5259077483464925e-08,1.715654759527179e-08,1.902803905911164e-08,2.0743689983898143e-08,2.217958730240495e-08,2.323312067765889e-08,2.3835082209195616e-08,2.395648958499432e-08,2.3609273337361137e-08,2.2841248936967037e-08,2.172685685472297e-08,2.035575821416774e-08,1.882143681535536e-08,1.7211555810220898e-08,1.5601134319550626e-08,1.4048865287202794e-08,1.2596274756074366e-08,1.1269030416917365e-08,1.0079563770486733e-08,9.030229479727609e-09,8.116408143649437e-09,7.329183828265845e-09,6.657433768303561e-09,6.089320813120253e-09,5.613270685931099e-09,5.218554247583914e-09,4.89559586592201e-09,4.6361094990931986e-09,4.433137503303364e-09,4.281041883162631e-09,4.1754777120151965e-09,4.113364649639729e-09,4.092864052302774e-09
2026-03-30 14:29:19.265335,[89.93304274],7.012392430660564e-08,7.014587750005427e-08,7.023303808946412e-08,7.045188263719709e-08,7.092184866279277e-08,7.18284380326614e-08,7.344152258051777e-08,7.613808815754206e-08,8.042745785262238e-08,8.697526947640428e-08,9.662030281001828e-08,1.1037607840500098e-07,1.2940771301999231e-07,1.549748116749821e-07,1.8833425740153465e-07,2.3060335467586713e-07,2.825937688677418e-07,3.446386089423514e-07,4.1644578750143627e-07,4.970162321809297e-07,5.846613313100435e-07,6.771376198138008e-07,7.718892209024054e-07,8.66355779130216e-07,9.58275557550901e-07,1.0459015031734783e-06,1.1280609933768523e-06,1.204028873630001e-06,1.2732396704383339e-06,1.3349213830790598e-06,1.3877697458363687e-06,1.4297826333123627e-06,1.4583352258593082e-06,1.4705079274493925e-06,1.4636025407931002e-06,1.4357231394897128e-06,1.3862757827013469e-06,1.3162620106161233e-06,1.228296483104813e-06,1.126349997343901e-06,1.0152832445956404e-06,9.002767328487606e-07,7.862708910045576e-07,6.775106241047893e-07,5.772511309432171e-07,4.876398200127369e-07,4.0975387321728983e-07,3.4375090338219607e-07,2.890825278857777e-07,2.447248676068981e-07,2.09391341061131e-07,1.817069291762425e-07,1.6033574029403938e-07,1.4406319953491223e-07,1.31839959548779e-07,1.2279711005595898e-07,1.1624236177093098e-07,1.1164558269132681e-07,1.0862019112336252e-07,1.0690501856845517e-07,1.0634964889138853e-07
2026-03-30 14:29:19.317070,[65.73532401],8.393206822439052e-10,8.428445094411131e-10,8.534821975273492e-10,8.714228230934822e-10,8.969493898388709e-10,9.303898150259137e-10,9.720476237824092e-10,1.0221138631034004e-09,1.080565108181016e-09,1.147057487716995e-09,1.2208330067256086e-09,1.3006610552364154e-09,1.384843076629776e-09,1.4713094995804172e-09,1.5578325262623038e-09,1.6423640093355653e-09,1.7234837211668093e-09,1.8009116374283648e-09,1.876003484809647e-09,1.9521199576390862e-09,2.0347468275820613e-09,2.131255257317715e-09,2.2502347853965397e-09,2.400404474602759e-09,2.589200453294922e-09,2.8212318243515135e-09,3.0968677633984197e-09,3.4112433998722438e-09,3.753935447453268e-09,4.109459205099227e-09,4.4585920491637645e-09,4.780365338382847e-09,5.05442511743858e-09,5.263378039051789e-09,5.394735355018704e-09,5.442147064994221e-09,5.405761043630037e-09,5.291712591089041e-09,5.110906980112191e-09,4.8773660214257535e-09,4.606449884416813e-09,4.313237346589459e-09,4.0112683204848605e-09,3.711748769220333e-09,3.423217666954694e-09,3.1515994650680076e-09,2.9005238141759903e-09,2.6717865216883788e-09,2.46584360254582e-09,2.282262106396701e-09,2.1200860482847503e-09,1.9781052341694423e-09,1.855035056147024e-09,1.7496259402061963e-09,1.6607238586057758e-09,1.5873009308078464e-09,1.5284703230472695e-09,1.4834944550772708e-09,1.4517911464966715e-09,1.432939277478504e-09,1.4266838015922063e-09
2026-03-30 14:29:19.470005,[90.95629709],8.141573001968819e-08,8.142379923660697e-08,8.146984511041141e-08,8.162257410899184e-08,8.200727690886518e-08,8.282238400552398e-08,8.436303128267817e-08,8.705113121644232e-08,9.147006704114266e-08,9.839997213074848e-08,1.0884675388487956e-07,1.2405501564777465e-07,1.4549266416207532e-07,1.7479447962395016e-07,2.136546510005333e-07,2.6366534440784634e-07,3.2610996686838324e-07,4.0173452759527654e-07,4.905350537305839e-07,5.916084001151495e-07,7.031125745826898e-07,8.223670806120164e-07,9.460939362981571e-07,1.0707617236789966e-06,1.192959314008403e-06,1.3097063276460273e-06,1.4186149548390407e-06,1.5178556347822884e-06,1.6059391983312045e-06,1.6813920467401525e-06,1.7424457904768977e-06,1.786869725841659e-06,1.812037245475609e-06,1.8152456908794431e-06,1.7942266473225621e-06,1.7477184677455613e-06,1.6759470915920537e-06,1.5808828411286187e-06,1.4662009936761916e-06,1.3369513668214814e-06,1.1990120809277934e-06,1.0584456288491016e-06,9.208831050754936e-07,7.9103863738996e-07,6.724129137786029e-07,5.671972358569763e-07,4.7635039333004644e-07,3.9979698697060107e-07,3.3668878659158853e-07,2.8567694864519256e-07,2.4515693458593176e-07,2.1346428566702578e-07,1.8901395313451989e-07,1.703864791739458e-07,1.563704803829229e-07,1.459732298191508e-07,1.3841080610333846e-07,1.3308746077472352e-07,1.2957150051764222e-07,1.275727159167785e-07,1.269245339958513e-07
2026-03-30 14:29:19.522131,[66.98373359],1.4746208652782839e-09,1.4803506465669787e-09,1.4976444513834567e-09,1.5268051133367409e-09,1.5683011191370627e-09,1.622708795930941e-09,1.69062555022607e-09,1.7725510116447142e-09,1.8687360871157292e-09,1.9790062728397788e-09,2.1025754971988275e-09,2.23787987214634e-09,2.382475270650742e-09,2.533055089269822e-09,2.6856494830144144e-09,2.836058104335242e-09,2.980538649732063e-09,3.1167200870601175e-09,3.2446354023497817e-09,3.3676862548818967e-09,3.4932829920576432e-09,3.6328766397454107e-09,3.8011424137907745e-09,4.014202662608761e-09,4.2869833427850696e-09,4.630044792174951e-09,5.046450855040187e-09,5.529365265790811e-09,6.061028927776695e-09,6.613554014128591e-09,7.151604199177078e-09,7.636601996292062e-09,8.031731641437827e-09,8.306799177483054e-09,8.442034358590112e-09,8.430166329028112e-09,8.276503495902534e-09,7.997182482729667e-09,7.616104228312364e-09,7.161265270637386e-09,6.661194006728794e-09,6.142046582962842e-09,5.625673596579508e-09,5.128715024264929e-09,4.662579372078165e-09,4.2340469868111835e-09,3.846208817011661e-09,3.499490120500845e-09,3.192583168961808e-09,2.9231948763197175e-09,2.6885840713662687e-09,2.4859091880992933e-09,2.3124298883467647e-09,2.165610585915781e-09,2.043167062869469e-09,1.9430858420015345e-09,1.8636343097556125e-09,1.803370256186704e-09,1.7611532899934947e-09,1.7361572121127493e-09,1.7278811435956693e-09
2026-03-30 14:29:19.717185,[68.10035167],2.0861241910747335e-09,2.093384572569238e-09,2.11521058241439e-09,2.151723096265205e-09,2.2030778945042608e-09,2.2693976558437387e-09,2.3506789233013106e-09,2.4466789129369668e-09,2.556792223935795e-09,2.6799352292732104e-09,2.8144659722546563e-09,2.9581785855578204e-09,3.108420976742792e-09,3.2623884520562852e-09,3.417638181593941e-09,3.572843472976745e-09,3.728757763402258e-09,3.889285769188529e-09,4.06247128275426e-09,4.26112644344421e-09,4.502775207030535e-09,4.808598880757436e-09,5.201183488911628e-09,5.701087386859063e-09,6.322549940442782e-09,7.068986273724624e-09,7.929166012637354e-09,8.875055375596666e-09,9.86213968562555e-09,1.0832627929284146e-08,1.1721344377381415e-08,1.246347873917189e-08,1.3002873084921713e-08,1.329932334814848e-08,1.3333538561093615e-08,1.310889617721385e-08,1.2649821532931637e-08,1.1997314171102833e-08,1.1202662930670262e-08,1.0320620374414247e-08,9.403224686306326e-09,8.495131382943412e-09,7.63086993828576e-09,6.834002012917261e-09,6.1178278827788155e-09,5.487113689360898e-09,4.9402904865140856e-09,4.471666759533034e-09,4.073344462065446e-09,3.736684236920842e-09,3.453293645402828e-09,3.2155970171385096e-09,3.017086721004345e-09,2.8523626354738344e-09,2.7170522432439454e-09,2.6076800027324777e-09,2.5215301084447457e-09,2.4565263581530036e-09,2.411138420830815e-09,2.384315153022114e-09,2.375441563231868e-09
2026-03-30 14:29:19.913617,[70.23454953],3.415432329980142e-09,3.428563877268472e-09,3.467965630207637e-09,3.5336294656124866e-09,3.6254456398365083e-09,3.7430661005669955e-09,3.885730701985018e-09,4.052078950087064e-09,4.239982412034719e-09,4.4464476599760176e-09,4.6676541515973625e-09,4.899201377572925e-09,5.136638525083126e-09,5.376330046646622e-09,5.6166644056612726e-09,5.8595365423056416e-09,6.111929820203512e-09,6.387303692100353e-09,6.706385485973959e-09,7.09690684890022e-09,7.591860921329214e-09,8.226021015569553e-09,9.030766557740745e-09,1.0027677621644564e-08,1.1221807095130825e-08,1.2595899949547836e-08,1.4106968898393692e-08,1.5686450330119362e-08,1.7244623667459433e-08,1.8679156226890958e-08,1.988671270331026e-08,2.07757845115558e-08,2.127848092511386e-08,2.1359124640008555e-08,2.1018108968562155e-08,2.0290450896350014e-08,1.923955629451016e-08,1.7947619869415817e-08,1.6504597303028828e-08,1.499772152262115e-08,1.3503141011263105e-08,1.2080594816165543e-08,1.0771310052338906e-08,9.598694869818516e-09,8.57101614154455e-09,7.685125558808168e-09,6.930388650901134e-09,6.292196423454092e-09,5.754709752172394e-09,5.302731298033056e-09,4.922777355462243e-09,4.603521146405376e-09,4.335809630426622e-09,4.112438852220913e-09,3.927830834347523e-09,3.777706497692527e-09,3.658805948027253e-09,3.568675285225868e-09,3.5055187825964518e-09,3.468105071629912e-09,3.455713065963676e-09
2026-03-30 14:29:20.105475,[95.47980903],2.411520050221678e-07,2.411036429407059e-07,2.4103134678240263e-07,2.411640506849925e-07,2.4191873317940867e-07,2.4395392684777284e-07,2.482441230999525e-07,2.561716743397444e-07,2.696279425717489e-07,2.911083426009174e-07,3.237772119135839e-07,3.714697826001458e-07,4.3859284040686623e-07,5.298868945469804e-07,6.500250862878284e-07,8.030506447580144e-07,9.916951834237055e-07,1.21666895164327e-06,1.4760594836403368e-06,1.7650000893713721e-06,2.0757567123169133e-06,2.3983193645219166e-06,2.721474884834054e-06,3.03420207932297e-06,3.327106698956528e-06,3.5935482834130593e-06,3.830141088999243e-06,4.0364480937023765e-06,4.213903796189806e-06,4.364236524685534e-06,4.487835819866942e-06,4.58255862860288e-06,4.643362549923706e-06,4.662921779855199e-06,4.633094768015644e-06,4.546865149018476e-06,4.400247878944437e-06,4.193676352202248e-06,3.932545901793425e-06,3.626824164183846e-06,3.2898718957876575e-06,2.9367829461672824e-06,2.582614603604403e-06,2.2408415869264466e-06,1.922259169464106e-06,1.6344263860971004e-06,1.3816185299376856e-06,1.165174604428847e-06,9.840882645251081e-07,8.356941512693938e-07,7.163316248788151e-07,6.219094258470763e-07,5.483353482603741e-07,4.918070686519707e-07,4.4898106497095454e-07,4.1704677091369383e-07,3.937352760278955e-07,3.7728902726285463e-07,3.664137640296111e-07,3.602282179028661e-07,3.582220203314578e-07
2026-03-30 14:29:20.302948,[90.40221059],8.35599952542775e-08,8.355928155937617e-08,8.357963711321705e-08,8.369197893235977e-08,8.402601086350628e-08,8.478766494327474e-08,8.62834462866341e-08,8.895062480244084e-08,9.339058905491829e-08,1.0040027623435199e-07,1.1099362975899234e-07,1.2640208385948402e-07,1.480411311755307e-07,1.774304616072005e-07,2.1605943404381395e-07,2.6519880012962114e-07,3.256735442933644e-07,3.9762849450872114e-07,4.80333865092105e-07,5.720862378007809e-07,6.702555271429767e-07,7.715062204631312e-07,8.721824731150624e-07,9.687988985878501e-07,1.0585356807688842e-06,1.1396142607022815e-06,1.2114415573634235e-06,1.2744603279552344e-06,1.329721347775994e-06,1.3782775888161919e-06,1.4205634654659943e-06,1.4559396177355316e-06,1.4825457773736675e-06,1.4975202992028666e-06,1.497540951274567e-06,1.4795509748280954e-06,1.4414857084151856e-06,1.3828214875997114e-06,1.3048242863768945e-06,1.2104594498901353e-06,1.1040082633994734e-06,9.904981513521775e-07,8.750781365912976e-07,7.624600201229084e-07,6.565090344690731e-07,5.60020615967119e-07,4.7467653472421633e-07,4.011431642059334e-07,3.392603746485252e-07,2.882695786714956e-07,2.470391605650496e-07,2.1425956001745577e-07,1.8859428051997048e-07,1.6878434162846256e-07,1.5371113658280005e-07,1.4242645742010232e-07,1.3415943974235448e-07,1.2830938254277238e-07,1.2443172580174053e-07,1.2222257822461567e-07,1.2150546577062472e-07
2026-03-30 14:29:20.509782,[91.64749269],1.0438127428971988e-07,1.043547124225539e-07,1.0430450484711966e-07,1.0432356723840916e-07,1.0458180936477543e-07,1.0534894869577835e-07,1.0702637865000839e-07,1.1018676496783531e-07,1.1561796618377046e-07,1.243647945932008e-07,1.3775830871392345e-07,1.5741846763036974e-07,1.8521333895772908e-07,2.2315837419447863e-07,2.7324443979475734e-07,3.371947147251989e-07,4.16168228310907e-07,5.104493952053881e-07,6.191833000873032e-07,7.402282854237501e-07,8.70192698824847e-07,1.0046960770674377e-06,1.13884711772679e-06,1.2678703083200614e-06,1.3877567325410118e-06,1.495782905018188e-06,1.590751746071881e-06,1.6728679536299725e-06,1.7432554622711381e-06,1.80323089714531e-06,1.8535291748883047e-06,1.8937051607195395e-06,1.9218947446035395e-06,1.935019542443749e-06,1.929392498585355e-06,1.9015679047312092e-06,1.849214605821533e-06,1.7717932913967655e-06,1.6708823158552156e-06,1.5500966191903005e-06,1.4146475501885066e-06,1.270668069247344e-06,1.1244612344527173e-06,9.81819263388229e-07,8.475178267276746e-07,7.250337161021585e-07,6.164809360172449e-07,5.227222424207051e-07,4.4359454673379014e-07,3.7818558133980996e-07,3.251102935485864e-07,2.827521757610352e-07,2.4945176314471356e-07,2.2363842071860438e-07,2.0391089238430828e-07,1.890770010518213e-07,1.7816432661710916e-07,1.704128720554117e-07,1.652587694741695e-07,1.6231579535083473e-07,1.6135934732372291e-07
2026-03-30 14:29:20.728007,[68.46206179],2.130095700225944e-09,2.1383209942602777e-09,2.163054474211048e-09,2.204447376307713e-09,2.2626803192175046e-09,2.337858197346066e-09,2.4298692513823253e-09,2.538219230838655e-09,2.661860689110908e-09,2.7990495601358337e-09,2.94727475340439e-09,3.103318384149988e-09,3.2635093704599558e-09,3.4242249242124024e-09,3.582666144365497e-09,3.737880776377921e-09,3.891928797366233e-09,4.050994000068537e-09,4.2261570553027155e-09,4.433492288876647e-09,4.693165604528439e-09,5.02732262740554e-09,5.456772858916807e-09,5.996774435089162e-09,6.652545223042289e-09,7.415380368385712e-09,8.260347460780542e-09,9.146386646703065e-09,1.001925040628849e-08,1.0817139356399085e-08,1.1478260521440603e-08,1.1949024439393533e-08,1.2191362497693481e-08,1.2187770887923512e-08,1.1943153427444333e-08,1.1483221013174908e-08,1.0849925495555134e-08,1.0094971532480502e-08,9.272728591675717e-09,8.43381632103477e-09,7.620314552243934e-09,6.863074804978671e-09,6.181124013686439e-09,5.5827698791899785e-09,5.06780520578996e-09,4.630172238597372e-09,4.260548619133445e-09,3.9484929119415896e-09,3.6839786927198613e-09,3.4583067719401667e-09,3.2644921781896875e-09,3.0972731377486496e-09,2.9528941394922893e-09,2.8287908568523038e-09,2.723267509989178e-09,2.635219567676709e-09,2.5639238092093756e-09,2.5088964843774025e-09,2.4698083024944997e-09,2.4464403109677405e-09,2.4386650191727168e-09
2026-03-30 14:29:20.889583,[94.66236884],1.6875890974812904e-07,1.6879094221208876e-07,1.6893316310794848e-07,1.693314779016747e-07,1.7025452177619343e-07,1.7213279290970027e-07,1.7561440097534147e-07,1.816362336694004e-07,1.915059985995849e-07,2.0698533262616157e-07,2.3035726358242783e-07,2.64453806227159e-07,3.1261341368348903e-07,3.78536403482173e-07,4.660128703982001e-07,5.785150009269335e-07,7.186750269495691e-07,8.877083575904693e-07,1.0848807411235953e-06,1.3071459982385223e-06,1.5490823082422102e-06,1.80321864467129e-06,2.0607664461510872e-06,2.312666916944198e-06,2.550758373708474e-06,2.7687969129377174e-06,2.9630608412553294e-06,3.1323511278743596e-06,3.277354797827083e-06,3.3995243326645846e-06,3.49978401315998e-06,3.577446544142733e-06,3.629678531009234e-06,3.6516998482443813e-06,3.6376873361213202e-06,3.5821475716987453e-06,3.481392805353657e-06,3.33473657970144e-06,3.145118857928799e-06,2.9190363705417313e-06,2.665835166180823e-06,2.396564954691471e-06,2.122665264814634e-06,1.8547458763805177e-06,1.6016563895989867e-06,1.3699429126677102e-06,1.1636947580956074e-06,9.847129364218889e-07,8.328946963955649e-07,7.067225928239912e-07,6.037636335501869e-07,5.211127075736034e-07,4.5574486145326335e-07,4.047665164742471e-07,3.6557343776535963e-07,3.35933032086491e-07,3.140118847800506e-07,2.9836848015294147e-07,2.8792779577842937e-07,2.8195044313831913e-07,2.800051867523e-07
2026-03-30 14:29:20.944633,[86.36947539],2.7644446186350983e-08,2.7680485938093535e-08,2.7793993039296014e-08,2.800068812456273e-08,2.8325420135675688e-08,2.880056085361387e-08,2.9464550383176283e-08,3.036123609406819e-08,3.154055498722151e-08,3.306073904636182e-08,3.499150535542785e-08,3.741664472744906e-08,4.0433220972739704e-08,4.4143629493110076e-08,4.863663822260762e-08,5.395493379185044e-08,6.005013712465364e-08,6.673170900789515e-08,7.362270311512684e-08,8.014093774631356e-08,8.552604070202323e-08,8.892818607185812e-08,8.956169812748626e-08,8.690718017232347e-08,8.09239041845007e-08,7.221712435274907e-08,6.210071882200873e-08,5.250963664266893e-08,4.5749031720509004e-08,4.411071452144277e-08,4.94299204627839e-08,6.26819260024838e-08,8.37179862248649e-08,1.1121097780763711e-07,1.4283050561414928e-07,1.7561020836705718e-07,2.0642394509020896e-07,2.3246577943628598e-07,2.516359685889088e-07,2.6276671646450187e-07,2.656655380670596e-07,2.609968375309371e-07,2.500525618405584e-07,2.3447513747496643e-07,2.1599113734040792e-07,1.9619759938438296e-07,1.764217495945708e-07,1.5765541225781862e-07,1.4055160934714379e-07,1.2546403554250045e-07,1.125093759001225e-07,1.0163578534511415e-07,9.268604871427527e-08,8.5449204478565e-08,7.96986674356374e-08,7.521772008368643e-08,7.181473117857571e-08,6.933092349808667e-08,6.764333315529052e-08,6.666510905594537e-08,6.634472154828732e-08
2026-03-30 14:29:21.156958,[71.69613691],3.6461910131621113e-09,3.6582365297586974e-09,3.694437632228345e-09,3.754953749472882e-09,3.839938088967123e-09,3.949375482778973e-09,4.082872217983995e-09,4.239422658035162e-09,4.417194382129522e-09,4.613394654694849e-09,4.824302866498681e-09,5.0455696171969115e-09,5.272883553148025e-09,5.503079978054905e-09,5.735699290127385e-09,5.974892502734561e-09,6.2314209564376744e-09,6.5243304881419355e-09,6.88173919015516e-09,7.340120702806591e-09,7.941553002584834e-09,8.72867879868002e-09,9.737587234417965e-09,1.0989413193242797e-08,1.2482028482708878e-08,1.4183591625046032e-08,1.6029756173037588e-08,1.7925904476720364e-08,1.9754891442004446e-08,2.138961565368793e-08,2.270856870081045e-08,2.3611675939070087e-08,2.4033498289798424e-08,2.3951321149915415e-08,2.3386714245043953e-08,2.2400526523754284e-08,2.1082613367808983e-08,1.9538538761414098e-08,1.7875845517418507e-08,1.6192220876357027e-08,1.4567152583189345e-08,1.3057724345040323e-08,1.1698303731388145e-08,1.0503228288340098e-08,9.471287314655703e-09,8.590810596182766e-09,7.844419752746525e-09,7.212851577238725e-09,6.6776157789476705e-09,6.222527675892273e-09,5.834327952751014e-09,5.502670333308504e-09,5.219749057848876e-09,4.979783743078724e-09,4.778508602040047e-09,4.6127465503986415e-09,4.4800972599183396e-09,4.378734758495713e-09,4.30729277756894e-09,4.264810538893963e-09,4.2507136349753255e-09
2026-03-30 14:29:21.366622,[67.15978977],1.5733526014361673e-09,1.578953193998733e-09,1.5957778121172544e-09,1.6238801924379296e-09,1.6633010395597688e-09,1.7139966330179264e-09,1.7757440669791604e-09,1.8480314237954752e-09,1.929947479509733e-09,2.020093678560165e-09,2.116549983676524e-09,2.2169335607830227e-09,2.318591638447107e-09,2.418962926081443e-09,2.5161213323523434e-09,2.609478647354428e-09,2.70057031233521e-09,2.7937871906994877e-09,2.896860135281376e-09,3.020872929282079e-09,3.1795948290225843e-09,3.3880036623104445e-09,3.6600180642355953e-09,4.0056559354072154e-09,4.428045123174016e-09,4.920873312647014e-09,5.466915544118774e-09,6.0381754972508244e-09,6.597914308897715e-09,7.1044608765555756e-09,7.516287490188222e-09,7.797503935785931e-09,7.922770552777905e-09,7.880709920044417e-09,7.675196158953341e-09,7.3243441620789955e-09,6.857491400813397e-09,6.31084178637028e-09,5.7226373649459025e-09,5.128709562349411e-09,4.5590673292358745e-09,4.035878198951554e-09,3.5728787479556597e-09,3.17598975660524e-09,2.844754167548866e-09,2.574172209174306e-09,2.356557581454114e-09,2.183144750701255e-09,2.045301200704812e-09,1.935309118857248e-09,1.8467607008975463e-09,1.7746551543119141e-09,1.715298107632559e-09,1.6660948914408494e-09,1.6253082978458318e-09,1.591827434055297e-09,1.5649727676856634e-09,1.5443461764365015e-09,1.5297243518224612e-09,1.5209885483032297e-09,1.5180821495215807e-09
2026-03-30 14:29:21.524332,[91.71528334],1.1149952005033872e-07,1.114652471902335e-07,1.1139415581656463e-07,1.1138616845148377e-07,1.1162374736685941e-07,1.1239604353724792e-07,1.1413263953007e-07,1.174454650317212e-07,1.2317521700715032e-07,1.3243527318819404e-07,1.4664191610723901e-07,1.6751544989717456e-07,1.9703386254952725e-07,2.3732097450360013e-07,2.9045662640155165e-07,3.5820898720406427e-07,4.417085853921887e-07,5.411077129726392e-07,6.552918416586411e-07,7.817233971685501e-07,9.164937302885932e-07,1.0546300840285875e-06,1.190650914806604e-06,1.3192944138968592e-06,1.436279864481658e-06,1.538922728355165e-06,1.6264321824907832e-06,1.6997822260372685e-06,1.7611540868898423e-06,1.8130698608078509e-06,1.8574362184670045e-06,1.8947571317798534e-06,1.9237379839492145e-06,1.941398154165117e-06,1.9436675272155302e-06,1.926309517280295e-06,1.8859304356558936e-06,1.8208250880272395e-06,1.731468590153359e-06,1.620569574595658e-06,1.4927141954115147e-06,1.3537201688372056e-06,1.2098651605721895e-06,1.0671508894023033e-06,9.307245438499269e-07,8.04521271946211e-07,6.911343956748332e-07,5.918769631722121e-07,5.069750256145682e-07,4.3582858859096734e-07,3.7728530271430147e-07,3.298880356851782e-07,2.92074744048694e-07,2.623237078657007e-07,2.3924745777492034e-07,2.2164449261482017e-07,2.085199985435013e-07,1.9908643178922265e-07,1.927531476554733e-07,1.891121060555988e-07,1.8792459192971036e-07
2026-03-30 14:29:21.575949,[67.42136459],2.154534840993068e-09,2.1613569441925787e-09,2.1818225414104906e-09,2.2159113816535737e-09,2.263530169434986e-09,2.3244266520448415e-09,2.3980778070060674e-09,2.483564211973394e-09,2.5794505545105294e-09,2.683701922380582e-09,2.793675430550744e-09,2.906233959158332e-09,3.0180290121647417e-09,3.125987832394057e-09,3.2280111971658065e-09,3.3238404554107556e-09,3.415987954712864e-09,3.510553822291706e-09,3.6176919159144727e-09,3.7514626554464154e-09,3.928845202575603e-09,4.1677930515561475e-09,4.484404708080659e-09,4.889518535457365e-09,5.385275464208107e-09,5.9623551810905004e-09,6.598612374305335e-09,7.2596775176203565e-09,7.901747192448328e-09,8.476334495215e-09,8.936289580448294e-09,9.24206000933059e-09,9.367043905259204e-09,9.301040864815183e-09,9.051194203881009e-09,8.640342560306688e-09,8.103221055106556e-09,7.481340707036475e-09,6.817544428645846e-09,6.151171261781124e-09,5.5145052469218446e-09,4.930831431540939e-09,4.4140687263917635e-09,3.969677435096422e-09,3.596390585625842e-09,3.2882948123310803e-09,3.036860108365831e-09,2.832645132707455e-09,2.666543254208857e-09,2.530552447303103e-09,2.4181329129360012e-09,2.3242571351122465e-09,2.2452647551322144e-09,2.1786202933277785e-09,2.122646678544349e-09,2.0762806654784803e-09,2.0388731036619263e-09,2.010040154147705e-09,1.989561170844346e-09,1.9773140407811136e-09,1.9732378160456634e-09
2026-03-30 14:29:21.730686,[92.8381929],1.4044162802109605e-07,1.4042925017085883e-07,1.404322113579761e-07,1.405766499385296e-07,1.4109244286431172e-07,1.4234293683836153e-07,1.4486636976561493e-07,1.4942711428391887e-07,1.5707208575961667e-07,1.691835350788659e-07,1.8751433407216902e-07,2.1418671211579268e-07,2.5163191072648526e-07,3.024487437519939e-07,3.6916616429678936e-07,4.539105770858612e-07,5.580028449012698e-07,6.815396243009902e-07,8.230418975149148e-07,9.792701729295343e-07,1.145299796507228e-06,1.3149134006958327e-06,1.4813009536405154e-06,1.637972773869022e-06,1.7797100228967138e-06,1.9033292797057509e-06,2.008047735415657e-06,2.095313271686305e-06,2.1680964167562274e-06,2.2297935042271988e-06,2.2830140657297922e-06,2.3285764288961516e-06,2.364991147169099e-06,2.3885818016268394e-06,2.394216624570661e-06,2.3764581696808203e-06,2.3308333514335294e-06,2.254911287124517e-06,2.14894873959917e-06,2.0159922109258097e-06,1.861467503915243e-06,1.6924002868400842e-06,1.5164692089669897e-06,1.3410917908827896e-06,1.1726959504905461e-06,1.0162595154016456e-06,8.75129597097938e-07,7.510799243219381e-07,6.445345410371838e-07,5.548797074552754e-07,4.807961663705461e-07,4.20563141529741e-07,3.7230642932574536e-07,3.341809557881944e-07,3.0449095849620945e-07,2.817582847084994e-07,2.6475214048713507e-07,2.5249340734142726e-07,2.4424473392903303e-07,2.394950624455098e-07,2.3794472508640277e-07
2026-03-30 14:29:21.785540,[66.32929126],2.404631079039455e-09,2.4118837012639465e-09,2.4337000584640148e-09,2.4702395587607263e-09,2.521714342584523e-09,2.5883092850912175e-09,2.6700716628133376e-09,2.766774485802095e-09,2.8777617136319037e-09,3.0017895249444446e-09,3.136885075461762e-09,3.2802517061066462e-09,3.4282555620546728e-09,3.5765305847383606e-09,3.7202340034002398e-09,3.854470212066318e-09,3.9748759175012154e-09,4.078324640443166e-09,4.163668248588606e-09,4.232394977876439e-09,4.289058005133034e-09,4.3413275416498954e-09,4.399551677798506e-09,4.475779675379716e-09,4.582299581490938e-09,4.7298529989220375e-09,4.925788367154845e-09,5.172472275554611e-09,5.466273612687205e-09,5.79735875579932e-09,6.150397320348433e-09,6.506105630026532e-09,6.843389555011879e-09,7.141731023183625e-09,7.3834229426614156e-09,7.555304100752024e-09,7.649763898388118e-09,7.66494323600685e-09,7.604211710530869e-09,7.475116812243337e-09,7.28805710342098e-09,7.054926118094166e-09,6.787920738948997e-09,6.498629959536508e-09,6.1974408573462885e-09,5.8932360285932525e-09,5.593319310789963e-09,5.303494224082113e-09,5.028226087733334e-09,4.770835718898272e-09,4.533692173611491e-09,4.318388768777947e-09,4.125898128852412e-09,3.956708075867356e-09,3.810942059159972e-09,3.6884671948703272e-09,3.5889913627311985e-09,3.5121492063354275e-09,3.4575757994724567e-09,3.424966276743168e-09,3.4141197622350225e-09
2026-03-30 14:29:21.930101,[94.75390845],2.165192973991561e-07,2.1645966391053878e-07,2.1634715641949564e-07,2.1639034596386306e-07,2.1696835055811468e-07,2.1867843446136538e-07,2.2240218472945873e-07,2.2938713457313055e-07,2.413361991878114e-07,2.6049065933299605e-07,2.896842280414534e-07,3.3233750812403467e-07,3.9235662682727087e-07,4.739008162421201e-07,5.809953515469277e-07,7.169916708710908e-07,8.839157430206453e-07,1.0817937999324914e-06,1.308090177580037e-06,1.5574187265185494e-06,1.8216792011885981e-06,2.0907106157330297e-06,2.3534451015728787e-06,2.5994071254429753e-06,2.820271015590095e-06,3.0111113164134895e-06,3.1709962348697426e-06,3.3027008568924706e-06,3.4115334426886495e-06,3.5035175491186503e-06,3.583376382581673e-06,3.6528513179997404e-06,3.7098164821240695e-06,3.7484404016121044e-06,3.760358118819782e-06,3.736543863593123e-06,3.6693997474276187e-06,3.5545477728067545e-06,3.3919273217526485e-06,3.1860095092464363e-06,2.9451712836716894e-06,2.680457848500557e-06,2.4040593124611736e-06,2.1278280696820113e-06,1.8620882852764066e-06,1.6148750139860246e-06,1.3916257274850422e-06,1.1952588017684628e-06,1.0265242229010267e-06,8.845001583882888e-07,7.671251502376711e-07,6.716865311708081e-07,5.952196668430027e-07,5.348019317322738e-07,4.877462068415619e-07,4.517107038598918e-07,4.247466163970793e-07,4.0530478766503543e-07,3.92219502195717e-07,3.846833787283948e-07,3.822232494675675e-07
2026-03-30 14:29:21.980964,[70.79646023],3.53738586366219e-09,3.5506451193643643e-09,3.590463957562716e-09,3.656933855803952e-09,3.750103685189213e-09,3.869832828706731e-09,4.015605355024813e-09,4.186330907670352e-09,4.380171825457555e-09,4.5944513549953284e-09,4.825711044157686e-09,5.06999080275707e-09,5.323395361955185e-09,5.582978474337466e-09,5.847916055842689e-09,6.120852194090235e-09,6.409197288030473e-09,6.726056521029518e-09,7.090400719724151e-09,7.526096813638504e-09,8.059523153404004e-09,8.71571956120339e-09,9.513346454541998e-09,1.0459097668401204e-08,1.1542540131552719e-08,1.273253637341722e-08,1.3976351355607175e-08,1.52022073908112e-08,1.6325456314011153e-08,1.7257793704741962e-08,1.7918216232133096e-08,1.8243911542481026e-08,1.8199126642319097e-08,1.7780353971031938e-08,1.7016856331644937e-08,1.5966465143250756e-08,1.470750734924036e-08,1.3328420322740557e-08,1.1916941870104741e-08,1.0550662900972195e-08,9.290267816932864e-09,8.176112642154872e-09,7.228087699092798e-09,6.44814283945456e-09,5.824519408349971e-09,5.336657751172067e-09,4.959888892706355e-09,4.669290802125927e-09,4.44240154967813e-09,4.260758474959621e-09,4.110429270652049e-09,3.9818043628020735e-09,3.868941306363672e-09,3.768715734805964e-09,3.6799673479586424e-09,3.6027568573814888e-09,3.537786366087404e-09,3.4859889947936325e-09,3.448265069638595e-09,3.4253294016898618e-09,3.4176330519793696e-09
2026-03-30 14:29:22.139131,[95.55773596],2.9080977402719333e-07,2.908016454984966e-07,2.9085991467106143e-07,2.912439749737684e-07,2.924244980244325e-07,2.9514144210441685e-07,3.00484806496536e-07,3.0999439343480836e-07,3.2576932089325e-07,3.5056986876566796e-07,3.8788410399258747e-07,4.4192149682403394e-07,5.174887710249649e-07,6.19704219567314e-07,7.535208383991421e-07,9.230598027815806e-07,1.1308042260984489e-06,1.3767627162644652e-06,1.6577691789412038e-06,1.967119209760304e-06,2.2947320161525586e-06,2.62795420537384e-06,2.9529879695922618e-06,3.2567540862374885e-06,3.52883535164302e-06,3.7630466148925653e-06,3.958194461509942e-06,4.11774413344094e-06,4.248379001092682e-06,4.35774822025755e-06,4.45195360931336e-06,4.533436817752483e-06,4.599844853720027e-06,4.644192960804224e-06,4.656287428002186e-06,4.625029966823146e-06,4.541005211371948e-06,4.398714118740771e-06,4.197955540415345e-06,3.944116364944527e-06,3.647418118842337e-06,3.3213998581245e-06,2.9810400427670613e-06,2.6409227282126966e-06,2.313761430397863e-06,2.00945319559441e-06,1.7346928104567895e-06,1.4930670583169607e-06,1.285487154114439e-06,1.1108026244209368e-06,9.664596544917047e-07,8.491051643942101e-07,7.550801521102747e-07,6.807823246125755e-07,6.229040424026007e-07,5.785665566441778e-07,5.453773375168758e-07,5.214368658316992e-07,5.053173844790843e-07,4.960309364673911e-07,4.929989118287373e-07
2026-03-30 14:29:22.191155,[84.39355118],9.13047552112213e-09,9.145788219340224e-09,9.191512762960946e-09,9.267020723194427e-09,9.371309600407659e-09,9.50308253236707e-09,9.660877227410431e-09,9.843244579363936e-09,1.0048955260867414e-08,1.027717853129282e-08,1.0527536772984832e-08,1.079990379578053e-08,1.1093803698583144e-08,1.1407303474359213e-08,1.1735397562383555e-08,1.2068063475366066e-08,1.2388404859143744e-08,1.2671535523882848e-08,1.2885002953393415e-08,1.2991493239051773e-08,1.2954213097798718e-08,1.2744691839366275e-08,1.2351885270094705e-08,1.1790620139980371e-08,1.1106903398138669e-08,1.0377735083547332e-08,9.703966013591407e-09,9.196339166677175e-09,8.956770558940305e-09,9.058583792798284e-09,9.530220497927367e-09,1.0346529053465054e-08,1.1430096426355393e-08,1.2662664655233987e-08,1.3904184561584828e-08,1.5015258454548203e-08,1.587812734486053e-08,1.641207095724377e-08,1.6580792890923542e-08,1.6391466018515165e-08,1.5886978639473527e-08,1.5134085910895283e-08,1.4210461001260644e-08,1.3193171343873204e-08,1.215017988280178e-08,1.1135440810097797e-08,1.0187306232914816e-08,9.329434983623468e-09,8.573214045394878e-09,7.920789370885604e-09,7.368039167990482e-09,6.907098795808481e-09,6.528285673135975e-09,6.2214386559546995e-09,5.976775550280744e-09,5.7854006214938875e-09,5.639583748606562e-09,5.532904930372343e-09,5.460326820297622e-09,5.4182318936205205e-09,5.404442581862217e-09
2026-03-30 14:29:22.398061,[67.06617255],1.3219272434946812e-09,1.3257491474731105e-09,1.3372483084054938e-09,1.356520526231351e-09,1.3837107639829206e-09,1.418992829480352e-09,1.4625449102938333e-09,1.5145259888379933e-09,1.5750607226858007e-09,1.64424307640342e-09,1.7221710504017527e-09,1.8090250439874417e-09,1.905199163299873e-09,2.0114865963728215e-09,2.1293060731438306e-09,2.2609368204769657e-09,2.4097068705736537e-09,2.580059243980189e-09,2.7774098791900823e-09,3.007718649252872e-09,3.2767272847284154e-09,3.5888776543449616e-09,3.946005051909501e-09,4.3459891597131745e-09,4.78161770315959e-09,5.239948999540963e-09,5.702428716055059e-09,6.145915098285789e-09,6.544606489658338e-09,6.872675699985939e-09,7.107242298687987e-09,7.231203212614844e-09,7.235429257275054e-09,7.119931647574917e-09,6.893790065132507e-09,6.573869011658333e-09,6.1825752061658515e-09,5.745072230151619e-09,5.286434576775182e-09,4.829184225786316e-09,4.391528668432155e-09,3.986448750636788e-09,3.6216125777982514e-09,3.2999558939776505e-09,3.0206919700197565e-09,2.78049889982789e-09,2.574667778955416e-09,2.3980612391359842e-09,2.245806495306058e-09,2.1137129435446646e-09,1.9984511419651706e-09,1.897554800026023e-09,1.8093129059436289e-09,1.7326111125007687e-09,1.6667664209126395e-09,1.6113824914604223e-09,1.5662382200527008e-09,1.5312113581785152e-09,1.5062322723728663e-09,1.4912598925570837e-09,1.4862715579369011e-09
2026-03-30 14:29:22.558525,[91.66829214],1.1582169071410708e-07,1.1585715139953462e-07,1.1599842692751267e-07,1.1635463457201306e-07,1.1712255540502014e-07,1.1860930493317524e-07,1.2126407735288005e-07,1.2571762971114408e-07,1.328259566786517e-07,1.4371127293933838e-07,1.5978921386533122e-07,1.8276683390918093e-07,2.1459290013830256e-07,2.5734210309780965e-07,3.1302034177725395e-07,3.832909175703745e-07,4.691415164217547e-07,5.705368765715847e-07,6.861263561242181e-07,8.130906623431332e-07,9.47208253079351e-07,1.083192317157032e-06,1.215293313933823e-06,1.3380890289375284e-06,1.4473130570501822e-06,1.5405283148227645e-06,1.6174568689035546e-06,1.6798410798412749e-06,1.7308244138942224e-06,1.7739738634661267e-06,1.8121781288527551e-06,1.84670708516966e-06,1.876686752074396e-06,1.8991356683827358e-06,1.909555843371188e-06,1.9029224384811358e-06,1.8748170529883255e-06,1.8224274236122038e-06,1.7451919055669647e-06,1.64497591956278e-06,1.525791674646282e-06,1.3931749470363336e-06,1.2533894165398474e-06,1.1126340207574392e-06,9.763920281812557e-07,8.490012783706769e-07,7.334635940477273e-07,6.31462922567155e-07,5.435336155519422e-07,4.6931231987814786e-07,4.0781426539878953e-07,3.576904754773819e-07,3.174403462018326e-07,2.8556979037381593e-07,2.606965645689934e-07,2.4161112449644157e-07,2.2730412958784793e-07,2.169717448578508e-07,2.1000836076786948e-07,2.0599420570173687e-07,2.046831614847639e-07
2026-03-30 14:29:22.610731,[67.62114173],1.848504576691229e-09,1.8546091821354812e-09,1.8729716923025353e-09,1.9037276226043543e-09,1.9470681993226423e-09,2.003190755160187e-09,2.072234956835619e-09,2.1542126279526913e-09,2.2489435559003742e-09,2.3560150014488647e-09,2.4747874944982116e-09,2.6044719558452205e-09,2.744300635140067e-09,2.8938040012640773e-09,3.0531854330977575e-09,3.2237551100683267e-09,3.4083469235247523e-09,3.6116047902470187e-09,3.839998905848983e-09,4.101432168519115e-09,4.404335014859301e-09,4.7562297201206466e-09,5.1618676946250765e-09,5.621185351564484e-09,6.127451506278975e-09,6.666050181210559e-09,7.214319506367048e-09,7.742730842172108e-09,8.217453049649414e-09,8.60404959205656e-09,8.871771828107902e-09,8.997719295878775e-09,8.970099315843995e-09,8.789957667074436e-09,8.471043676268687e-09,8.037846613627898e-09,7.522201499955454e-09,6.959121566274516e-09,6.382613360677585e-09,5.822157540243631e-09,5.300328884303901e-09,4.8317496256186946e-09,4.423295909532009e-09,4.075269442443381e-09,3.783138534736785e-09,3.5394467884114457e-09,3.3355607444353263e-09,3.163044111021774e-09,3.014569573291332e-09,2.8843822343790244e-09,2.7683969209922044e-09,2.664042659378117e-09,2.569968080123891e-09,2.4857020208866637e-09,2.4113350875185933e-09,2.3472590483312865e-09,2.293977039108228e-09,2.2519809118231032e-09,2.2216826503370506e-09,2.203383295126765e-09,2.1972635221197726e-09
2026-03-30 14:29:22.758848,[92.89133316],1.4819572886492988e-07,1.4832141113802167e-07,1.4874212532328635e-07,1.495941316243411e-07,1.5112219365525506e-07,1.5370635946465495e-07,1.5789934097423744e-07,1.644727945209158e-07,1.7446815974518358e-07,1.8924376619566138e-07,2.1050497156183737e-07,2.402990503393218e-07,2.809530384119249e-07,3.3493306383505356e-07,4.046104322820482e-07,4.919348849662694e-07,5.980392043869727e-07,7.228288195116647e-07,8.646385188748285e-07,1.0200557190851903e-06,1.184004791940151e-06,1.350151542927751e-06,1.5116206616534789e-06,1.661932837041036e-06,1.79598477468974e-06,1.910843678506439e-06,2.0061339274507766e-06,2.0838693099310074e-06,2.147718063632923e-06,2.201845424428778e-06,2.2496104737930175e-06,2.292454436703252e-06,2.329280600696398e-06,2.3564983750641864e-06,2.3687239698275943e-06,2.3599542918255096e-06,2.324913076313401e-06,2.2602414545376374e-06,2.1652698235912486e-06,2.0422356476202906e-06,1.8959582079851038e-06,1.7331028341045648e-06,1.561235220891387e-06,1.387873643877218e-06,1.2197046753767927e-06,1.0620587539071578e-06,9.1866948904058e-07,7.916828813796368e-07,6.818485325451552e-07,5.888145794796157e-07,5.114558856838877e-07,4.481830558301763e-07,3.9720077399687745e-07,3.5670262173064765e-07,3.250032689053612e-07,3.0061720989320497e-07,2.8229683026454514e-07,2.6904289693229703e-07,2.60098950419834e-07,2.5493864414541135e-07,2.532525444012397e-07
2026-03-30 14:29:22.815998,[68.35338883],2.350550854121865e-09,2.3580113980370233e-09,2.380417927682102e-09,2.4178263811869464e-09,2.4702692068699858e-09,2.5376708251407264e-09,2.6197444099521665e-09,2.7158889480072006e-09,2.825114983123256e-09,2.9460373013537823e-09,3.076980168744563e-09,3.2162412077733343e-09,3.3625482079698823e-09,3.515714016802068e-09,3.6774454699214934e-09,3.852195530103359e-09,4.047873468519406e-09,4.276164807763442e-09,4.552186585840724e-09,4.893241406317142e-09,5.3165549535796466e-09,5.836086615691956e-09,6.458764436931146e-09,7.1807572339774415e-09,7.984581125702772e-09,8.837867096867472e-09,9.694439037088097e-09,1.049796792213748e-08,1.1187941442993553e-08,1.17071394819543e-08,1.2009380632563972e-08,1.2066131982930712e-08,1.1870721138939226e-08,1.1439336122117003e-08,1.0808639822296773e-08,1.0030500264758073e-08,9.164878548232244e-09,8.272198466963194e-09,7.406497766224596e-09,6.610366809208056e-09,5.912217008881215e-09,5.325918080096336e-09,4.852418574228742e-09,4.482696465013973e-09,4.201301050279336e-09,3.989821363708224e-09,3.829795761437241e-09,3.7047984473226126e-09,3.6016456761702092e-09,3.51082058560069e-09,3.4263063486149618e-09,3.345046289923531e-09,3.266231932976474e-09,3.1905749802098883e-09,3.119664798250888e-09,3.055462153670328e-09,2.999940134243838e-09,2.954856871656979e-09,2.9216309227761343e-09,2.9012862688139162e-09,2.894436714023221e-09
2026-03-30 14:29:22.968365,[94.87270251],2.3984720598652423e-07,2.400426404100002e-07,2.406981735179908e-07,2.42030083169687e-07,2.444276886585212e-07,2.4849712002038265e-07,2.5512243494303996e-07,2.655413165958394e-07,2.8142824100008277e-07,3.049715194050918e-07,3.389225051486801e-07,3.8658698639598133e-07,4.517230501537525e-07,5.383102871312198e-07,6.501663332528363e-07,7.904116760193853e-07,9.608226919991078e-07,1.161161256403298e-06,1.3886158987008941e-06,1.6375177948401673e-06,1.8994865853381859e-06,2.164102701422832e-06,2.42009396057851e-06,2.6568827373330507e-06,2.8662029689247516e-06,3.0434113250561395e-06,3.1881267683393643e-06,3.3039565244438553e-06,3.3972858818675066e-06,3.4753675537447577e-06,3.544163505463375e-06,3.606492290273415e-06,3.66097595283491e-06,3.702073080003233e-06,3.7211908609722646e-06,3.7085812392921694e-06,3.6555328152377745e-06,3.556324289212027e-06,3.4095084848824025e-06,3.218302476235333e-06,2.990096892626794e-06,2.735295347310255e-06,2.4658065388937358e-06,2.1935246005865963e-06,1.9290660777641486e-06,1.6809206226373804e-06,1.4550556575388066e-06,1.2549220247110396e-06,1.0817523639000568e-06,9.350269797980393e-07,8.1299424534964e-07,7.13161405990807e-07,6.32705182839826e-07,5.687814751393768e-07,5.187354778184365e-07,4.802267918698418e-07,4.512898846869566e-07,4.3035074390157645e-07,4.162179828980691e-07,4.0806276724348544e-07,4.0539789494516674e-07
2026-03-30 14:29:23.018436,[70.23659625],3.0843108733953146e-09,3.0963602091761733e-09,3.1328453950429686e-09,3.1947613261244754e-09,3.2837092513724455e-09,3.4018065251728787e-09,3.5515510880443977e-09,3.735632959347732e-09,3.95668506524898e-09,4.216967749253315e-09,4.5179860789691455e-09,4.86004742905766e-09,5.24177956413201e-09,5.659646878982718e-09,6.107523795591198e-09,6.576406892309968e-09,7.054365869766888e-09,7.526839903299126e-09,7.977370511861378e-09,8.388815905569815e-09,8.745011073247378e-09,9.032728710366257e-09,9.243677716119761e-09,9.376180198904477e-09,9.436132595366758e-09,9.436913473644154e-09,9.39806111526963e-09,9.342787545670446e-09,9.294668576079732e-09,9.274076548861098e-09,9.295030764040177e-09,9.363085873692565e-09,9.474665065354857e-09,9.617927637703647e-09,9.774928406612464e-09,9.924571392212095e-09,1.0045746343171926e-08,1.0120079820550146e-08,1.0133900137360605e-08,1.0079243132630059e-08,9.953943471291907e-09,9.76101149657225e-09,9.507566458995493e-09,9.203590578775453e-09,8.860711220061434e-09,8.491141895086318e-09,8.106842137456217e-09,7.718905200677156e-09,7.3371536054624435e-09,6.9699110959273005e-09,6.623918355909379e-09,6.304362637249347e-09,6.014994555538863e-09,5.758307479105553e-09,5.535756475507398e-09,5.347995479648665e-09,5.195113778844099e-09,5.076856151917129e-09,4.992814713079629e-09,4.942584172231891e-09,4.925875356445295e-09
2026-03-30 14:29:23.174172,[95.99400317],3.1332893133885426e-07,3.136120560052076e-07,3.145467454841283e-07,3.1639982279222916e-07,3.196525891755448e-07,3.2505650784659917e-07,3.337112852904254e-07,3.471621113509768e-07,3.6750728932600117e-07,3.97499153481134e-07,4.406106494908042e-07,5.010291139519568e-07,5.835310657903488e-07,6.931921027434951e-07,8.34899779991788e-07,1.0126689693973208e-06,1.2288092359337864e-06,1.4830563026920961e-06,1.771840619942595e-06,2.087904101833599e-06,2.42046748230442e-06,2.756077750500248e-06,3.0801262601769176e-06,3.378845877835147e-06,3.6414169668765566e-06,3.861698513602504e-06,4.039107996597112e-06,4.178327641341999e-06,4.287793703414435e-06,4.3772579268357865e-06,4.454993953109527e-06,4.525357933126541e-06,4.58734591526899e-06,4.634531857193086e-06,4.6563970088859644e-06,4.640691060682177e-06,4.576211603665318e-06,4.455321020753233e-06,4.275643313511105e-06,4.040641052311117e-06,3.759073598095847e-06,3.4435916676865065e-06,3.1088697891847857e-06,2.7697000751955146e-06,2.439390041201868e-06,2.128668983428705e-06,1.8451604279130482e-06,1.5933596134201506e-06,1.3749835918068063e-06,1.1895383029784897e-06,1.0349608998888668e-06,9.082308045330424e-07,8.058845963881988e-07,7.244072803676316e-07,6.605002715794371e-07,6.112433571850193e-07,5.741754553467748e-07,5.473198778368045e-07,5.291767753534893e-07,5.18700713891893e-07,5.152763522717893e-07
2026-03-30 14:29:23.375823,[90.97633087],1.092610306903079e-07,1.0939001019910072e-07,1.0980286843777296e-07,1.1058079740836195e-07,1.1187070162433365e-07,1.1390293627613601e-07,1.1701637873831242e-07,1.2168994719502827e-07,1.2857787863716387e-07,1.3854332008710394e-07,1.5268126435808714e-07,1.7231818919523172e-07,1.9897308052915166e-07,2.3426448003922216e-07,2.7975265740381073e-07,3.3671645358235417e-07,4.058810035184039e-07,4.871334652567731e-07,5.792843329553627e-07,6.79944713293894e-07,7.855870655791717e-07,8.918323399140385e-07,9.93959673151432e-07,1.087573429461311e-06,1.1693023254159944e-06,1.2373674609174173e-06,1.2918591419457627e-06,1.3346151622644238e-06,1.368688212384662e-06,1.3975029385607193e-06,1.423899051133128e-06,1.449302416814036e-06,1.4732423590872278e-06,1.4933444136852374e-06,1.5058001661812348e-06,1.506189517739788e-06,1.4904445135297437e-06,1.4557214213995835e-06,1.4009903931348743e-06,1.3272403616412913e-06,1.237299719272972e-06,1.13536000195285e-06,1.026339742113635e-06,9.152330911455858e-07,8.065603158143492e-07,7.039902257985823e-07,6.101545771284914e-07,5.266341690110778e-07,4.540720466970991e-07,3.9236125440385133e-07,3.4085920392426516e-07,2.985925589758494e-07,2.6443054999302445e-07,2.3721725218606591e-07,2.1586273376894523e-07,1.9939870394187746e-07,1.870068674321081e-07,1.780285271360259e-07,1.7196299320267004e-07,1.6846079567282782e-07,1.6731604543460513e-07
2026-03-30 14:29:23.574858,[92.17949374],1.3792933420949712e-07,1.3807312527148944e-07,1.385378127256005e-07,1.3942802228462517e-07,1.40933905183236e-07,1.4335520231888778e-07,1.4713509915280722e-07,1.5290256140258745e-07,1.6151944702909808e-07,1.7412506393237035e-07,1.921662522116427e-07,2.1739632887156318e-07,2.5182283555015267e-07,2.9758410137518763e-07,3.5674056207618604e-07,4.3098044260926114e-07,5.212610636107105e-07,6.274341086535685e-07,7.479296000465747e-07,8.795898795663335e-07,1.0177413329892754e-06,1.1565603026465234e-06,1.2897299482262735e-06,1.4113063900038729e-06,1.5166354435396705e-06,1.603111919442563e-06,1.6705756672212171e-06,1.721203460508729e-06,1.7588743134277833e-06,1.788127637409144e-06,1.8129554075556036e-06,1.8357294995029167e-06,1.8565396665379604e-06,1.8731105871781125e-06,1.8813103740523041e-06,1.8761068789771926e-06,1.8527197546206447e-06,1.8076850371442037e-06,1.7395972615184053e-06,1.649398745123454e-06,1.5402092270695569e-06,1.4167942565209181e-06,1.2848325314820313e-06,1.1501534723748851e-06,1.0180853852755526e-06,8.929997981898658e-07,7.78078656419919e-07,6.752831514730561e-07,5.854736865149535e-07,5.086203708111446e-07,4.44048186900096e-07,3.9067433241717186e-07,3.4721132226867994e-07,3.123240482174174e-07,2.847399426381717e-07,2.633181676448673e-07,2.470869016474102e-07,2.3525834184413164e-07,2.2723003548377305e-07,2.2257944170526008e-07,2.2105677068253307e-07
2026-03-30 14:29:23.627205,[74.4186226],7.216000618099516e-09,7.224262127154066e-09,7.249949728424847e-09,7.295832184048578e-09,7.3667131809416324e-09,7.46968019020048e-09,7.6143768605163e-09,7.813209589701098e-09,8.081359188568645e-09,8.436427348210813e-09,8.897515541815324e-09,9.483527924665163e-09,1.0210531879288171e-08,1.1088123542159367e-08,1.2114948040834292e-08,1.327381478292777e-08,1.4527196233121266e-08,1.5814233604175443e-08,1.7050584426862083e-08,1.8132401541385683e-08,1.8945310671210363e-08,1.937840081768451e-08,1.934202599293823e-08,1.878686068105807e-08,1.772051764411275e-08,1.621755033413794e-08,1.4419175724189848e-08,1.2520692118709996e-08,1.0747114756694647e-08,9.320442325856867e-09,8.424405818815935e-09,8.173757063977487e-09,8.594638308493028e-09,9.620343484272975e-09,1.1103380401198513e-08,1.284109656988012e-08,1.4609245252066807e-08,1.6196496290139735e-08,1.7433305324398262e-08,1.821047357661253e-08,1.8485485244055728e-08,1.8277482896920157e-08,1.7653839885548702e-08,1.6712328354593816e-08,1.5562837535048742e-08,1.4311732324409255e-08,1.3050663369808734e-08,1.185034771236602e-08,1.0758822287387896e-08,9.80306576224168e-09,8.992682438559418e-09,8.324449244623919e-09,7.786812042944443e-09,7.363758934312521e-09,7.03780890942279e-09,6.792087995572304e-09,6.6116104370297474e-09,6.483950378092413e-09,6.399501224618175e-09,6.351497675812618e-09,6.335937435876606e-09
2026-03-30 14:29:23.830646,[67.86368606],1.6282537400339828e-09,1.6330242418804116e-09,1.6474325446554985e-09,1.671761528909731e-09,1.7064585305982395e-09,1.7521027031883813e-09,1.8093677498111338e-09,1.8789911157290936e-09,1.9617666563872795e-09,2.0585838223386524e-09,2.1705402756321255e-09,2.2991531590517783e-09,2.4466828474118505e-09,2.616558185121631e-09,2.813852473764331e-09,3.0457079037838488e-09,3.321552432929125e-09,3.6529142488237137e-09,4.052636987233831e-09,4.533355332329543e-09,5.105217649527941e-09,5.773032957986838e-09,6.533241177458325e-09,7.3713007925652504e-09,8.26018641578857e-09,9.160628270456861e-09,1.0023478651943988e-08,1.0794183480814169e-08,1.1418854924239766e-08,1.1851009109971231e-08,1.205778050683436e-08,1.2024440984927704e-08,1.1756352058021612e-08,1.1277994192515754e-08,1.0629313514114114e-08,9.8601479826701e-09,9.023813992975778e-09,8.170987666006331e-09,7.344818566097964e-09,6.57784752993805e-09,5.890877024602305e-09,5.293569012618766e-09,4.786294878721992e-09,4.362661465641475e-09,4.012171269057957e-09,3.722600623250917e-09,3.481845612825309e-09,3.2791462526216487e-09,3.1057252455710756e-09,2.954955686488352e-09,2.8222040053901683e-09,2.704490637588087e-09,2.600085078095067e-09,2.5081169632375087e-09,2.4282502503750423e-09,2.3604391675844366e-09,2.3047646558696927e-09,2.261338346471521e-09,2.230256156876548e-09,2.2115833389575724e-09,2.205355401282764e-09
2026-03-30 14:29:24.024934,[95.38154852],3.0114177978894084e-07,3.014613203669886e-07,3.024905125316687e-07,3.0445113237984036e-07,3.077466776962799e-07,3.130139189730891e-07,3.211951884198894e-07,3.336283558825385e-07,3.5214623419639e-07,3.791693156769268e-07,4.177658485147699e-07,4.716430778932348e-07,5.450262320595251e-07,6.423821314154824e-07,7.679573349157194e-07,9.251306455578118e-07,1.1156272214643023e-06,1.3387010470537047e-06,1.5904509727730456e-06,1.8634728760785391e-06,2.1470440898758847e-06,2.427968743896422e-06,2.6920816098591647e-06,2.926233419181414e-06,3.1204058515263877e-06,3.2694874633594458e-06,3.3742369513949072e-06,3.4410952069088144e-06,3.4807665343956497e-06,3.505808841366236e-06,3.52775776450225e-06,3.554465857228891e-06,3.588306184399968e-06,3.6256716042193406e-06,3.657861199452914e-06,3.673088816180094e-06,3.659083020544405e-06,3.605645151982489e-06,3.5066069897033976e-06,3.3608395256673855e-06,3.1722316825137266e-06,2.948800165202904e-06,2.7012492111691927e-06,2.4413487579667958e-06,2.180453918723126e-06,1.9283830142595115e-06,1.6927474957976591e-06,1.4787192105973134e-06,1.2891482059314924e-06,1.1249120073102841e-06,9.853783109330955e-07,8.688852375053493e-07,7.731743793042716e-07,6.957423722834929e-07,6.341011272599146e-07,5.859532054647742e-07,5.492976208525965e-07,5.224843359303612e-07,5.042349308841799e-07,4.936441384342551e-07,4.901734094669692e-07
2026-03-30 14:29:24.219757,[96.39243872],3.8400399885887526e-07,3.844496242265989e-07,3.858758627900845e-07,3.885634159880676e-07,3.930226007925715e-07,4.000581070256464e-07,4.108599812760485e-07,4.271171182168418e-07,4.5114293191870077e-07,4.859928772618855e-07,5.355408160645033e-07,6.044681051232146e-07,6.981098482799666e-07,8.22102909957829e-07,9.817967388028783e-07,1.1814261815754676e-06,1.4231062225964356e-06,1.7057851054609531e-06,2.0243677867485263e-06,2.3692703518489693e-06,2.726658638472506e-06,3.0795382720765415e-06,3.409695076784113e-06,3.700259748885779e-06,3.93844447477319e-06,4.117846632197962e-06,4.239706139886724e-06,4.312675095915242e-06,4.350991177384542e-06,4.3713588235003e-06,4.389212401424182e-06,4.415240727200914e-06,4.453015469711846e-06,4.498288025871193e-06,4.540082642942577e-06,4.563252927815728e-06,4.551823354741659e-06,4.4923008404986346e-06,4.376233633659328e-06,4.2015620821889045e-06,3.972648662993085e-06,3.6991869437863022e-06,3.394393569332961e-06,3.0729536913130387e-06,2.7491339468746976e-06,2.4353432311919457e-06,2.1412635721479882e-06,1.8735354665848987e-06,1.635889327815552e-06,1.429572965300655e-06,1.2539257553454583e-06,1.1069780041286774e-06,9.85993232528378e-07,8.879096607917426e-07,8.096680182712096e-07,7.484334675505401e-07,7.01730549927999e-07,6.675138438374e-07,6.441960661861381e-07,6.306518760038144e-07,6.262112468448064e-07
2026-03-30 14:29:24.419296,[91.28678461],1.2681808201463948e-07,1.269760003707513e-07,1.274790929284762e-07,1.2841948051790678e-07,1.2996454676105959e-07,1.3237808814732256e-07,1.3605008749587212e-07,1.415339065757457e-07,1.4958746903242403e-07,1.6121162342551244e-07,1.776745805578112e-07,2.0050686993946662e-07,2.3144807043313282e-07,2.7232667048894563e-07,3.2486011239315314e-07,3.90375225191843e-07,4.694701648429287e-07,5.616652602638637e-07,6.651159588719352e-07,7.764774033312778e-07,8.910068958810696e-07,1.0029598254454697e-06,1.1062754562316392e-06,1.195470359272905e-06,1.266578879490705e-06,1.3179281493078076e-06,1.3505343400286146e-06,1.3679696394301324e-06,1.375668368724398e-06,1.37978665635782e-06,1.385859792637273e-06,1.3975715198160482e-06,1.4159332510208892e-06,1.439069568706999e-06,1.4626491876503561e-06,1.4808362856886567e-06,1.4875151446349954e-06,1.4774944611363121e-06,1.4474329207454145e-06,1.3963249764905749e-06,1.3255092841015197e-06,1.2382739600652222e-06,1.1392052946156358e-06,1.033449302346331e-06,9.260344078285021e-07,8.213550262324e-07,7.228590383906438e-07,6.329329001727721e-07,5.529452697790574e-07,4.833954809466705e-07,4.241137604023885e-07,3.7447021683196093e-07,3.3356368115881565e-07,3.003751700781149e-07,2.738816175720437e-07,2.5313273736107254e-07,2.3729770948553727e-07,2.2568963858746302e-07,2.177753391264698e-07,2.1317675676817388e-07,2.1166879093092557e-07
2026-03-30 14:29:24.613647,[92.4076406],1.6438933078724109e-07,1.6461997782976014e-07,1.6535305222588123e-07,1.6671733439178174e-07,1.6894555936608226e-07,1.7240193709568954e-07,1.776206580890853e-07,1.8535360271037593e-07,1.9662255213209155e-07,2.1276680871093758e-07,2.3547160014184386e-07,2.667569616954736e-07,3.08902800989258e-07,3.6428617813777154e-07,4.351144584653939e-07,5.230552926929026e-07,6.287917263112558e-07,7.515649979352997e-07,8.888011419686133e-07,1.0359387034647746e-06,1.186570496108506e-06,1.3329722290611576e-06,1.4670135129984727e-06,1.5813439123549899e-06,1.6706438470753955e-06,1.732661464380535e-06,1.7687542270888588e-06,1.783734610535274e-06,1.7849737191287493e-06,1.780907482935199e-06,1.7792611184696633e-06,1.7854021667441224e-06,1.8012150366211243e-06,1.824760873029274e-06,1.8507835976625225e-06,1.87190852909223e-06,1.8802184604385901e-06,1.8688271804192357e-06,1.8331116792960308e-06,1.7713872240241897e-06,1.684968175508586e-06,1.577702739566424e-06,1.4551657798523037e-06,1.3237260731853297e-06,1.1896798053270605e-06,1.0585813390430721e-06,9.348299712792207e-07,8.215079150175312e-07,7.204218361867299e-07,6.322806947170639e-07,5.569425397117159e-07,4.936752734773231e-07,4.4139402949573314e-07,3.9885517937504834e-07,3.6480088166465474e-07,3.380573809659143e-07,3.175952543738339e-07,3.025614954151269e-07,2.9229289924286654e-07,2.863186783105605e-07,2.843583074012529e-07
2026-03-30 14:29:24.662641,[65.02518829],2.0094945912608146e-09,2.0159237236848384e-09,2.0353767778550295e-09,2.068352091403295e-09,2.115684096183598e-09,2.178546617148731e-09,2.2584521454055312e-09,2.357241039738205e-09,2.477052111820712e-09,2.620263406523301e-09,2.789389693638102e-09,2.9869220588013255e-09,3.215096149453978e-09,3.4755804154980794e-09,3.769085314384194e-09,4.094909621343993e-09,4.4504602804943926e-09,4.8308055412158916e-09,5.22834326383708e-09,5.632681088790962e-09,6.03082533203971e-09,6.4077542192034384e-09,6.747404564164374e-09,7.0340309474453414e-09,7.253812042303375e-09,7.39649679497889e-09,7.45682566775699e-09,7.435450940480013e-09,7.339129702427732e-09,7.180074100883759e-09,6.9744982406137815e-09,6.740566325332852e-09,6.496080443328478e-09,6.256311095358075e-09,6.032348041711301e-09,5.830236951750785e-09,5.650997141865222e-09,5.491432171290689e-09,5.345495183158046e-09,5.205889234745132e-09,5.065582141158531e-09,4.918984803865213e-09,4.762653669027124e-09,4.595497579258986e-09,4.4185672055204255e-09,4.234563858394044e-09,4.047220286011967e-09,3.860687061525671e-09,3.679018524789005e-09,3.505806783736582e-09,3.3439724312649323e-09,3.195692679962732e-09,3.0624329497150915e-09,2.945044517154184e-09,2.843894974266105e-09,2.7590061433345964e-09,2.6901827459629e-09,2.637122638591121e-09,2.5995049584149736e-09,2.577055971578284e-09,2.5695940976318382e-09
2026-03-30 14:29:24.816894,[93.57299929],2.131206247552664e-07,2.1347890659501193e-07,2.1460698256747962e-07,2.166713986456049e-07,2.1997274553895498e-07,2.2498049080851783e-07,2.323814033484056e-07,2.4313901256834604e-07,2.585577977446981e-07,2.803402564400351e-07,3.106181071318206e-07,3.5193193632042503e-07,4.0712894225698963e-07,4.791493522899684e-07,5.706822772484778e-07,6.83694070919855e-07,8.188669707801016e-07,9.750287639152564e-07,1.1486957369385137e-06,1.3338765679054853e-06,1.522277686259749e-06,1.7039985627946569e-06,1.8687069950710998e-06,2.0071548083613858e-06,2.112765727600531e-06,2.1829423186705535e-06,2.219737775096891e-06,2.22964137737384e-06,2.222421634592356e-06,2.209211418821551e-06,2.2002344065860903e-06,2.202691222173685e-06,2.2193024101005324e-06,2.2478440620451323e-06,2.281757670818375e-06,2.311646268194937e-06,2.3272644665228995e-06,2.319525564869057e-06,2.282096947341522e-06,2.2123059135687866e-06,2.1112752191935542e-06,1.9833899706584815e-06,1.835319923359929e-06,1.6748651130735494e-06,1.509865727384331e-06,1.3473441303016543e-06,1.192958223669071e-06,1.0507662122777633e-06,9.232482657965747e-07,8.115044524652293e-07,7.155463744204347e-07,6.346138052901219e-07,5.674685577264968e-07,5.126389437989197e-07,4.6860544665403475e-07,4.339300426700849e-07,4.0733821488926106e-07,3.8776521750568724e-07,3.743779724349296e-07,3.6658232405070535e-07,3.6402312784510104e-07
2026-03-30 14:29:24.868996,[68.13077241],2.4685785717948167e-09,2.4768518967890887e-09,2.501657928403703e-09,2.5429289139639565e-09,2.600466801385731e-09,2.673820728301051e-09,2.7621283430338093e-09,2.863939120525873e-09,2.9770494134384945e-09,3.098392917659765e-09,3.224043971001518e-09,3.3494001048236757e-09,3.469608169930054e-09,3.580277966172026e-09,3.678482663817095e-09,3.763974777944565e-09,3.840456195803055e-09,3.916647273129819e-09,4.0068301239680855e-09,4.130527747544192e-09,4.311053289153126e-09,4.572836689416601e-09,4.937695836469289e-09,5.420519013092328e-09,6.025089061446826e-09,6.740920581069611e-09,7.541929820449041e-09,8.387488420173404e-09,9.225965868949633e-09,1.000034122606731e-08,1.0654997269003934e-08,1.1142528388144873e-08,1.1429377210241507e-08,1.1499368332671891e-08,1.1354658414863809e-08,1.1014146779152336e-08,1.0509856097255762e-08,9.882095688247199e-09,9.174313828912058e-09,8.428444280951571e-09,7.681315439933124e-09,6.962397453930803e-09,6.292887173141436e-09,5.685923894516646e-09,5.147612570222487e-09,4.678501811585927e-09,4.275201178707939e-09,3.931898632254797e-09,3.6416286940296556e-09,3.3972251010913647e-09,3.191956798996988e-09,3.0198886452062604e-09,2.876029348917229e-09,2.7563333963405732e-09,2.657616681620908e-09,2.577432715009369e-09,2.513941922596684e-09,2.4657935552552136e-09,2.4320295924790135e-09,2.4120131987050177e-09,2.405380511335405e-09
2026-03-30 14:29:25.015778,[95.80769934],3.411241245089762e-07,3.4157860297544995e-07,3.430289580489216e-07,3.457468564776298e-07,3.5022164457065436e-07,3.572155147508466e-07,3.6783986550615653e-07,3.83648533985124e-07,4.0673768113205287e-07,4.3983346548230825e-07,4.86337990672004e-07,5.502933906235732e-07,6.362169512838592e-07,7.487619269512671e-07,8.921748051613946e-07,1.0695545168556361e-06,1.2819728249875863e-06,1.5275814320847668e-06,1.800895329726251e-06,2.092481164231099e-06,2.3892688509466754e-06,2.675625340853407e-06,2.93517896681502e-06,3.1531837701615774e-06,3.3190142979369637e-06,3.428247595078069e-06,3.4837816916879e-06,3.4955911781273455e-06,3.479014178284041e-06,3.4518318758427455e-06,3.4307360671009787e-06,3.4279742899835207e-06,3.448945797710555e-06,3.491291072474211e-06,3.545639381915555e-06,3.597767609240677e-06,3.6316007229522564e-06,3.6323360648836424e-06,3.5890246766263597e-06,3.4961542978269293e-06,3.3540692585969446e-06,3.1683414311541247e-06,2.9484035410519935e-06,2.705839244971374e-06,2.452700101124752e-06,2.2001215738863494e-06,1.957382111697741e-06,1.7314294156821848e-06,1.5268104379686584e-06,1.3458946854628012e-06,1.189269863922625e-06,1.056203778784187e-06,9.450942461641482e-07,8.538592158408334e-07,7.802456932723514e-07,7.220553193747939e-07,6.772962818200476e-07,6.442768066387572e-07,6.216566129760528e-07,6.084711416775705e-07,6.041404368956393e-07
2026-03-30 14:29:25.070161,[86.95387319],2.5695532919919454e-08,2.5734787627795694e-08,2.5858268359112074e-08,2.608261564231012e-08,2.643391074395188e-08,2.6945356312140447e-08,2.765435707771145e-08,2.85993279263158e-08,2.981660689314574e-08,3.133780813549211e-08,3.318775815720511e-08,3.538278469693979e-08,3.792860338287736e-08,4.081651014257919e-08,4.401630108901179e-08,4.74646640994175e-08,5.104906030449662e-08,5.458947798651714e-08,5.7823606810825805e-08,6.040406994469163e-08,6.19179391322495e-08,6.193721566012011e-08,6.01031220804947e-08,5.6237014526070895e-08,5.045845266054454e-08,4.328024278474079e-08,3.5645792428655026e-08,2.887975838842821e-08,2.4539845914583574e-08,2.4182780052184385e-08,2.9084104204771943e-08,3.997081432346109e-08,5.683037422085608e-08,7.884618061833268e-08,1.0448087467475852e-07,1.316932193433081e-07,1.5824230736112696e-07,1.8201403422959635e-07,2.0130386068703484e-07,2.1500572100315727e-07,2.2268330248341588e-07,2.245282593084538e-07,2.2123242307620727e-07,2.138130260054259e-07,2.034305888422735e-07,1.9123095518554595e-07,1.782302120554839e-07,1.6524818920867387e-07,1.5288595820808393e-07,1.415366709114504e-07,1.3141710373985874e-07,1.22608375756028e-07,1.1509711735409489e-07,1.088116533043621e-07,1.0365068647546553e-07,9.950411335768486e-08,9.626689839569156e-08,9.384751689781204e-08,9.217256332401598e-08,9.118892510220173e-08,9.086460376654691e-08
2026-03-30 14:29:25.269874,[70.26824401],3.431663298543105e-09,3.442597450825333e-09,3.475590319628e-09,3.531186728054754e-09,3.6102068385470416e-09,3.7136158816925738e-09,3.842348202729562e-09,3.997099357909829e-09,4.1781128967455165e-09,4.3850051029221214e-09,4.616688215438637e-09,4.871464785469401e-09,5.147364751495393e-09,5.4427734883730584e-09,5.757346381001947e-09,6.0931223220479405e-09,6.455644297834389e-09,6.854792441337166e-09,7.3049680846715984e-09,7.824275869119753e-09,8.432466415822905e-09,9.147632274174515e-09,9.981965972203066e-09,1.0937222243972596e-08,1.2000780308205756e-08,1.3143279199921972e-08,1.4318636960885948e-08,1.5466864967105028e-08,1.6519529425429124e-08,1.7407130114049936e-08,1.8067217638859958e-08,1.8451878818685623e-08,1.8533336227930007e-08,1.8306795053527973e-08,1.7790218650638974e-08,1.7021280960960534e-08,1.6052199492125144e-08,1.4943414435587788e-08,1.3757126074017869e-08,1.2551565218346174e-08,1.1376613434040834e-08,1.0271083391513607e-08,9.261677703851079e-09,8.363411284297327e-09,7.581130889784697e-09,6.91170084793214e-09,6.34643630315821e-09,5.873435288852729e-09,5.479564353043256e-09,5.151965085967322e-09,4.879050505848746e-09,4.651037446790864e-09,4.460108216994493e-09,4.3003131322854054e-09,4.167321149825421e-09,4.058106995694804e-09,3.97063804393988e-09,3.903599240293615e-09,3.856173719432404e-09,3.827882336670821e-09,3.818477281962592e-09
2026-03-30 14:29:25.461900,[91.34289224],1.443426071421298e-07,1.446126176738053e-07,1.4545641599601156e-07,1.4697975812407982e-07,1.4937390268558573e-07,1.529384360086666e-07,1.5811322163892512e-07,1.6551794252113786e-07,1.7599517684440297e-07,1.9064915307471289e-07,2.1086755844205643e-07,2.3830890610036972e-07,2.748346093326367e-07,3.223653609720751e-07,3.82648259441569e-07,4.569364024415453e-07,5.456066568012448e-07,6.477711913812175e-07,7.609673969462624e-07,8.810287651821338e-07,1.0022346118848176e-06,1.117800402862798e-06,1.2207017442904552e-06,1.3047342806736345e-06,1.3656213640259117e-06,1.4019215399445395e-06,1.415486845454998e-06,1.4112952054603065e-06,1.396617568481711e-06,1.3796498534414448e-06,1.3678916820417257e-06,1.3666383497859583e-06,1.3779380214735248e-06,1.4002527288629824e-06,1.428882447393369e-06,1.457021076001838e-06,1.477168262856519e-06,1.4825605655451328e-06,1.468318420633786e-06,1.4321110433322651e-06,1.3742798697383038e-06,1.2974895510185638e-06,1.2060619738212588e-06,1.1051802062855403e-06,1.0001309567596907e-06,8.957035463158144e-07,7.95801708999373e-07,7.032694757259556e-07,6.198943884845564e-07,5.465330418607638e-07,4.83302456627686e-07,4.2979023286929534e-07,3.8525072995341116e-07,3.4876894852672936e-07,3.1938554192461897e-07,2.9618441161967057e-07,2.783488101034536e-07,2.6519357572875047e-07,2.5618100850558916e-07,2.509267949737394e-07,2.492008983218994e-07
2026-03-30 14:29:25.653347,[92.54911507],1.9145946420959866e-07,1.9187039789160112e-07,1.931510443050643e-07,1.954507465171169e-07,1.9903791234955153e-07,2.043295433238261e-07,2.1193227350936102e-07,2.226926520769767e-07,2.377510768938622e-07,2.5858885299338294e-07,2.8705170722756945e-07,3.253268949495459e-07,3.758468847261615e-07,4.4109347638211435e-07,5.232854320093056e-07,6.239528921437254e-07,7.434333121069308e-07,8.803626759458002e-07,1.0312735381362056e-06,1.1904346589795782e-06,1.350060604212274e-06,1.5009721905549195e-06,1.633698548821743e-06,1.7398923689675108e-06,1.8138109119210187e-06,1.853535912445497e-06,1.8616025573911818e-06,1.8448007868417752e-06,1.8130910802714072e-06,1.7777992379449148e-06,1.7494560019771418e-06,1.735762249391082e-06,1.7401468040075609e-06,1.7612402156661677e-06,1.7933558408386037e-06,1.8278197918147942e-06,1.854797897289603e-06,1.8651824985535201e-06,1.8521381640615308e-06,1.812037902122876e-06,1.7446994974846508e-06,1.6529995465882154e-06,1.542058564413768e-06,1.4182359558868735e-06,1.2881543085795949e-06,1.1579100960696767e-06,1.03254952810092e-06,9.158170165626169e-07,8.101334698336773e-07,7.167364363540337e-07,6.359105865527931e-07,5.672479348082726e-07,5.098948340080302e-07,4.627609996449969e-07,4.246809191486204e-07,3.945284963722947e-07,3.712917747928937e-07,3.541170171444233e-07,3.4233147552834805e-07,3.354529191063082e-07,3.33192162880533e-07
2026-03-30 14:29:25.701145,[66.20851918],2.623832737946935e-09,2.6311758225629484e-09,2.6532210284752864e-09,2.690014029080537e-09,2.7416246770749595e-09,2.8081409735591664e-09,2.8896668026079944e-09,2.9863281729527977e-09,3.098291796161628e-09,3.2257970092468594e-09,3.3691969835880614e-09,3.5289979670853013e-09,3.7058768719156353e-09,3.90064976747803e-09,4.1141597465310395e-09,4.347055845040699e-09,4.5994485728496355e-09,4.870453770863465e-09,5.157673168029537e-09,5.4567007435340386e-09,5.760777723782743e-09,6.060731919729474e-09,6.345316514852572e-09,6.602003231599625e-09,6.818190277500133e-09,6.982675292584194e-09,7.087147193760328e-09,7.127400851143628e-09,7.103999283435461e-09,7.02220509023492e-09,6.891157526626872e-09,6.72244426494457e-09,6.5283583656662316e-09,6.3201992387964916e-09,6.106951370003115e-09,5.894565544459552e-09,5.68590922941757e-09,5.4812936064887676e-09,5.279368519007314e-09,5.078129422854455e-09,4.875804269307173e-09,4.671463957614182e-09,4.465297056123045e-09,4.258577771879344e-09,4.053415047306178e-09,3.852392993582715e-09,3.6582034352625977e-09,3.473342090687354e-09,3.2999043145177703e-09,3.139485045131579e-09,2.993166463237351e-09,2.86156700587033e-09,2.7449246716382055e-09,2.6431924657243132e-09,2.5561309245714537e-09,2.483389435283296e-09,2.424573205234707e-09,2.379295910500837e-09,2.3472195413674562e-09,2.328083307574566e-09,2.3217231985250368e-09
2026-03-30 14:29:25.855443,[93.68066669],2.501934394905687e-07,2.5077427028008134e-07,2.525765735422148e-07,2.5578717976491e-07,2.6074228142568256e-07,2.679648666893716e-07,2.782164919179508e-07,2.925602832331283e-07,3.124278178213917e-07,3.396763258122649e-07,3.766150134348486e-07,4.2597172761509295e-07,4.907663136098995e-07,5.740585680684043e-07,6.785507602894906e-07,8.06050413602714e-07,9.568385985022752e-07,1.1290375704140782e-06,1.3181181055967142e-06,1.5167147346812336e-06,1.7149077251432344e-06,1.9010701978617185e-06,2.063265707969467e-06,2.1910331232894293e-06,2.27724821722295e-06,2.319653626356334e-06,2.3216461813782676e-06,2.292026809273964e-06,2.243640415415716e-06,2.191108978843253e-06,2.1481111741429062e-06,2.124805649734287e-06,2.1259806541947494e-06,2.150337783268169e-06,2.191032807648018e-06,2.237287945717968e-06,2.2766484184365426e-06,2.297345748080631e-06,2.2902687475587217e-06,2.2502008808598476e-06,2.176198748463508e-06,2.071193217575513e-06,1.941040324420681e-06,1.7933101282078335e-06,1.6360836549679178e-06,1.4769562277139322e-06,1.3223521232772825e-06,1.177168678557359e-06,1.0447051031358136e-06,9.267980059927637e-07,8.240786128816646e-07,7.362776278520642e-07,6.625235854378826e-07,6.016019524249777e-07,5.521605179152749e-07,5.128597403646603e-07,4.824745984939734e-07,4.5995807794624624e-07,4.4447703227572924e-07,4.3543000841638134e-07,4.3245464446512114e-07
2026-03-30 14:29:25.906308,[67.63414036],2.1675096331143304e-09,2.175671215246168e-09,2.200235485302584e-09,2.2414257861302347e-09,2.2995638849234826e-09,2.3749956617223586e-09,2.46799120081174e-09,2.578626382565288e-09,2.70665887356051e-09,2.8514190249945242e-09,3.0117445827707042e-09,3.1859951678300275e-09,3.3721849115506117e-09,3.568265279256425e-09,3.772570890294494e-09,3.984406596039462e-09,4.204705478188696e-09,4.436631744268414e-09,4.6859532905946725e-09,4.960984858337558e-09,5.271924185171279e-09,5.629484388357985e-09,6.042866019338371e-09,6.517291675364168e-09,7.051503924513433e-09,7.635749671243853e-09,8.250789334870854e-09,8.868347195137179e-09,9.45316721698281e-09,9.966506308217992e-09,1.0370566388336634e-08,1.0633128652612364e-08,1.0731577956953004e-08,1.0655617223336608e-08,1.0408241898745623e-08,1.0004899154251215e-08,9.471102461619098e-09,8.839026484079699e-09,8.14372087149594e-09,7.419549263238475e-09,6.697314371359263e-09,6.002325931572859e-09,5.353462218729918e-09,4.763110975086852e-09,4.23777421750007e-09,3.779085139836583e-09,3.385001270114531e-09,3.0509865107883623e-09,2.771056149361491e-09,2.5386182696095865e-09,2.3470931139541624e-09,2.190325272879165e-09,2.0628225524469947e-09,1.959862715259975e-09,1.8775085399333513e-09,1.8125661758996947e-09,1.7625142906824704e-09,1.725423893277625e-09,1.69988207630303e-09,1.6849277467524033e-09,1.680003780452238e-09
2026-03-30 14:29:26.055865,[95.62091394],4.019786935286297e-07,4.0287099409069067e-07,4.0564594185477e-07,4.1061012587758275e-07,4.183162649837597e-07,4.296261296432127e-07,4.4579745839330977e-07,4.685895457630055e-07,5.003750482887162e-07,5.442351398220241e-07,6.040023659695407e-07,6.842029118509919e-07,7.898419632608094e-07,9.25978622006431e-07,1.0970572862722458e-06,1.3060057333009843e-06,1.5531766111773212e-06,1.8352905213452712e-06,2.1446167297398153e-06,2.46867391580436e-06,2.7907172352644574e-06,3.0911760543186935e-06,3.3500166200112154e-06,3.549754471510628e-06,3.678593828036317e-06,3.733006942763543e-06,3.719061746670083e-06,3.6520008463170866e-06,3.5539477726254936e-06,3.4500796491228287e-06,3.364026257190407e-06,3.3134987804194024e-06,3.3071298089481604e-06,3.3432151412483054e-06,3.410571635353627e-06,3.491207637259111e-06,3.56409549798713e-06,3.6091471638722834e-06,3.61055426550934e-06,3.5589148844661922e-06,3.451928997634669e-06,3.2937905602987284e-06,3.093649343117233e-06,2.8636203046932647e-06,2.6167909163356573e-06,2.365559157896213e-06,2.120480479252465e-06,1.8896576561045863e-06,1.6786023740228892e-06,1.490441250675733e-06,1.326326435522021e-06,1.1859284121125909e-06,1.0679211263680006e-06,9.704047868122128e-07,8.912418674960335e-07,8.283035938938732e-07,7.796372933131709e-07,7.435710020986983e-07,7.187728030154298e-07,7.042805353467953e-07,6.995143007138417e-07
2026-03-30 14:29:26.281380,[79.09525193],6.289967570106518e-09,6.297679964176084e-09,6.3204662634808456e-09,6.357262711630061e-09,6.406266838318278e-09,6.4649187823402656e-09,6.529924095669814e-09,6.597360430662963e-09,6.662910779413922e-09,6.722254120803672e-09,6.771616549695963e-09,6.808440735162482e-09,6.832072448172575e-09,6.844300988514337e-09,6.8495451503897095e-09,6.854473658530438e-09,6.866914150195698e-09,6.894051813283408e-09,6.940137672316531e-09,7.0041736655902876e-09,7.0782405077092335e-09,7.147191262679214e-09,7.190269600383514e-09,7.18480228355728e-09,7.111522337559505e-09,6.960456388177584e-09,6.735869053937652e-09,6.458699656853988e-09,6.165356231465983e-09,5.902593495262455e-09,5.71927180062008e-09,5.6567434238897535e-09,5.740119260008898e-09,5.972542694455256e-09,6.333857618023444e-09,6.783931589180628e-09,7.269734679765217e-09,7.734426078571332e-09,8.126385036572212e-09,8.406371903803387e-09,8.551673580256505e-09,8.556927267365141e-09,8.432073009844638e-09,8.19838053066008e-09,7.88366416371604e-09,7.517681498992975e-09,7.128412415040182e-09,6.739557655133719e-09,6.369279386167958e-09,6.029987135238746e-09,5.7288649458388625e-09,5.4688222371784305e-09,5.249599383266005e-09,5.068836000849595e-09,4.922989252068127e-09,4.80805540011588e-09,4.720094124326932e-09,4.655582041830578e-09,4.611633331918011e-09,4.586126177109658e-09,4.577768280808165e-09
2026-03-30 14:29:26.335957,[68.83216045],2.6117738353347325e-09,2.618927460114524e-09,2.6405435529207213e-09,2.67707509355163e-09,2.7292347758415917e-09,2.797932038820077e-09,2.884187581892232e-09,2.989031997102827e-09,3.1134020215532726e-09,3.258057031417414e-09,3.423548189032372e-09,3.6102800111211895e-09,3.81870438906156e-09,4.0496746517501615e-09,4.304957069019883e-09,4.587847216355515e-09,4.903772840619056e-09,5.260695809129149e-09,5.66907501047775e-09,6.141147367767908e-09,6.68935161032146e-09,7.323872664925991e-09,8.049512650355465e-09,8.862355165219053e-09,9.746911885201518e-09,1.067454078782622e-08,1.1603834412080671e-08,1.2483370007580332e-08,1.3256732803981503e-08,1.3869176994037155e-08,1.4274825484082566e-08,1.44430733040687e-08,1.4362939545100605e-08,1.404450659439578e-08,1.3517195476342997e-08,1.2825288706673735e-08,1.2021651272661745e-08,1.1160884292274146e-08,1.0293125041061572e-08,9.459421504925084e-09,8.689166167648858e-09,7.999604361862952e-09,7.397051942956156e-09,6.879233782429377e-09,6.438102163380064e-09,6.062580897610821e-09,5.740850284655001e-09,5.461980159387584e-09,5.216886441251663e-09,4.9987044363149055e-09,4.8027332385791125e-09,4.626117981144735e-09,4.467415766752141e-09,4.326153289842631e-09,4.2024428879709525e-09,4.096687775872174e-09,4.009380668311496e-09,3.940983534190899e-09,3.8918683884758285e-09,3.8622975020937304e-09,3.852423881098445e-09
2026-03-30 14:29:26.480661,[91.53591095],1.7217091171455425e-07,1.7257493194027032e-07,1.7382396764976162e-07,1.7603392246175494e-07,1.794147264831113e-07,1.8429582847577315e-07,1.911618332746803e-07,2.0069646848062427e-07,2.138301340913114e-07,2.3178190210588917e-07,2.560813365283299e-07,2.885499220822995e-07,3.312180927099387e-07,3.861544982499687e-07,4.5519223459042314e-07,5.395546533925837e-07,6.394113774811331e-07,7.534300188280832e-07,8.784230293785364e-07,1.009210212404127e-06,1.1388122155411397e-06,1.2590484258320919e-06,1.3615324883892514e-06,1.438951948136221e-06,1.486411190400596e-06,1.5025439425742044e-06,1.4900964057861217e-06,1.455762691946825e-06,1.4092125837905829e-06,1.3614508618643056e-06,1.3228306223499332e-06,1.3011515171101186e-06,1.3002688718480277e-06,1.3195179110387624e-06,1.354053887396766e-06,1.3959851878724393e-06,1.4359982814880956e-06,1.4650880604960096e-06,1.4760290795143875e-06,1.4643325660733925e-06,1.4285878855452266e-06,1.3702367958094003e-06,1.292936416700835e-06,1.201714554681382e-06,1.1021117818031552e-06,9.994558984417315e-07,8.983489497282338e-07,8.023849819972727e-07,7.140709983102869e-07,6.348985564477742e-07,5.655070833361725e-07,5.058866461671915e-07,4.5558125991319503e-07,4.138685690127983e-07,3.7990455474671546e-07,3.5283127395393865e-07,3.3185137515059934e-07,3.162758784716009e-07,3.0555233283508816e-07,2.9927981806174345e-07,2.9721598358333634e-07
2026-03-30 14:29:26.677431,[92.76545302],2.2760916238319367e-07,2.281966892723715e-07,2.3000989305056055e-07,2.3320691017243687e-07,2.380723670841796e-07,2.4504932686025225e-07,2.5478375573903225e-07,2.6817904624968635e-07,2.8645442053069994e-07,3.111955136695963e-07,3.443785426670176e-07,3.8834249216858506e-07,4.456790440479752e-07,5.190108861450873e-07,6.106393232244613e-07,7.220647651277237e-07,8.534191058118849e-07,1.002893171231998e-06,1.1662855233943295e-06,1.3368259794532073e-06,1.5054211917508474e-06,1.6614172441439363e-06,1.7938731122330763e-06,1.8932034896773341e-06,1.9529123257983024e-06,1.9710436439968497e-06,1.9509663190943463e-06,1.9012082360366883e-06,1.8342536493881364e-06,1.7644701408388918e-06,1.7055668755632388e-06,1.6681293100749743e-06,1.6577765579233428e-06,1.6743400303015928e-06,1.7122080144575686e-06,1.7616969812843654e-06,1.8110799680932286e-06,1.8487867056884393e-06,1.8653096709676696e-06,1.8544821021643736e-06,1.8139853953446397e-06,1.7451331335320225e-06,1.6521186229723394e-06,1.5409782740765607e-06,1.4185165959821188e-06,1.2913808071772912e-06,1.1653923909539294e-06,1.045164872524773e-06,9.339782850352802e-07,8.338474906468251e-07,7.457117002603475e-07,6.696794953260175e-07,6.05279534684631e-07,5.516852892144304e-07,5.078982325544712e-07,4.728858707630061e-07,4.4567849278683e-07,4.2543224840796767e-07,4.114671772589188e-07,4.0328816255546336e-07,4.0059527787549436e-07
2026-03-30 14:29:26.873339,[93.91777551],2.8991676805935554e-07,2.907148952889452e-07,2.93172534827353e-07,2.9748716898818304e-07,3.0401381944411654e-07,3.133042079469267e-07,3.261610775918845e-07,3.437044720898397e-07,3.674421862542118e-07,3.993298327256757e-07,4.417975793141219e-07,4.977121967508038e-07,5.702375005795199e-07,6.625576440840961e-07,7.774405818317678e-07,9.166469523465236e-07,1.080233060496273e-06,1.2658505552725876e-06,1.4681978445409603e-06,1.6788110300286044e-06,1.8863744818519044e-06,2.0776669790257077e-06,2.239135782494549e-06,2.3589256244046105e-06,2.4290217074495433e-06,2.4470490794392267e-06,2.4172569884732754e-06,2.3503353589296143e-06,2.261951190086769e-06,2.1702010240562247e-06,2.0924653137438175e-06,2.042330671050624e-06,2.0272539837684517e-06,2.0474687404910233e-06,2.0963279012172716e-06,2.1619307902697454e-06,2.2295949752308214e-06,2.2845839346497917e-06,2.3145149054363852e-06,2.31102370494665e-06,2.2704924530842922e-06,2.1938784403844263e-06,2.0858579089795957e-06,1.9535861627229386e-06,1.8053754662265598e-06,1.6495280302064358e-06,1.4934663659332105e-06,1.3432084181394813e-06,1.203161089962112e-06,1.0761617781705656e-06,9.636819555512904e-07,8.66112315836677e-07,7.830663637892357e-07,7.136605459728659e-07,6.567485714022881e-07,6.111026518888074e-07,5.755442982280444e-07,5.490326331438481e-07,5.307200776694665e-07,5.199849387631766e-07,5.164488570517197e-07
2026-03-30 14:29:26.924709,[65.91944811],2.3908624748165153e-09,2.3963667994323972e-09,2.412872619983331e-09,2.440345489272517e-09,2.478685481501387e-09,2.527666336787826e-09,2.586856764646231e-09,2.655531851066893e-09,2.7325865088570005e-09,2.816467552369183e-09,2.9051456048885256e-09,2.9961514675060074e-09,3.0867020458205044e-09,3.1739362907106455e-09,3.2552697084759497e-09,3.328855415770299e-09,3.39411079336924e-09,3.45223472097952e-09,3.5066079517258097e-09,3.562948636784283e-09,3.6290983076105882e-09,3.7143510498073038e-09,3.828314058944828e-09,3.979394191270132e-09,4.173122157154569e-09,4.41062208281878e-09,4.687574016418472e-09,4.9939734105637645e-09,5.314858025375108e-09,5.631970701942303e-09,5.926104420848088e-09,6.1796966270452035e-09,6.3791596775282374e-09,6.516483505460913e-09,6.589815933684254e-09,6.602968252641072e-09,6.564038958920971e-09,6.4835285152201355e-09,6.372388201757504e-09,6.24039889132795e-09,6.095138706229867e-09,5.941621961759082e-09,5.7825286893794574e-09,5.6188337850583286e-09,5.450604014880307e-09,5.277753605214616e-09,5.100613404376261e-09,4.920247841866698e-09,4.73852505709237e-09,4.557994473238972e-09,4.3816485216419156e-09,4.212644711256517e-09,4.054048518860755e-09,3.9086351514100335e-09,3.778766019324097e-09,3.666338048490808e-09,3.5727924475815265e-09,3.499164002298772e-09,3.446151076319746e-09,3.4141886154579494e-09,3.403510108447498e-09
2026-03-30 14:29:27.094048,[95.85612791],4.646854262329839e-07,4.6590186932122476e-07,4.696483511526039e-07,4.7622860210848034e-07,4.861901237460544e-07,5.003869071917193e-07,5.200669449872527e-07,5.469799035884142e-07,5.834930667010468e-07,6.326928101205147e-07,6.984352611703804e-07,7.852959239420493e-07,8.983584897208835e-07,1.0427843391618358e-06,1.223123804065918e-06,1.4423740722151473e-06,1.7008577631189373e-06,1.9950830672181036e-06,2.31683213631219e-06,2.652780019252991e-06,2.9849383320760425e-06,3.2921193006209238e-06,3.5524209083518576e-06,3.746469244196962e-06,3.860881685736334e-06,3.891220161246422e-06,3.84367167184985e-06,3.7348730403499725e-06,3.5896753742704825e-06,3.4371365287841408e-06,3.305499841026169e-06,3.217218017596748e-06,3.1851088890090766e-06,3.210465257745405e-06,3.2834592197845625e-06,3.3856263534942823e-06,3.493749286991808e-06,3.5842075570339903e-06,3.636869016601445e-06,3.637831141596463e-06,3.5806815017529894e-06,3.466318318615985e-06,3.301657351787357e-06,3.0976985209003703e-06,2.8674328605964417e-06,2.6239733430794625e-06,2.379144305761443e-06,2.1426132754918644e-06,1.9215299580568573e-06,1.7205648257406705e-06,1.542212619984752e-06,1.387232952735655e-06,1.2551266277047911e-06,1.1445794832805206e-06,1.0538365752623422e-06,9.809937110188282e-07,9.242094400427977e-07,8.818494265576359e-07,8.525784443610581e-07,8.354149307118311e-07,8.297606796367922e-07
2026-03-30 14:29:27.141673,[70.58286972],4.602467733753118e-09,4.611799613051541e-09,4.639907334673468e-09,4.687129959421734e-09,4.754041024487136e-09,4.841457877748294e-09,4.950447936570741e-09,5.0823249018086955e-09,5.238626304677964e-09,5.421063221075883e-09,5.631434444444337e-09,5.8715016641157e-09,6.142829521321184e-09,6.446604033566106e-09,6.783452576568765e-09,7.153294774114045e-09,7.555252003189923e-09,7.987630448653825e-09,8.447968501393027e-09,8.933108555702686e-09,9.439226212041623e-09,9.961740337863304e-09,1.0495047888077316e-08,1.103208250445564e-08,1.1563776907143246e-08,1.2078592359874075e-08,1.2562330966751364e-08,1.2998437446283805e-08,1.3368912071265463e-08,1.3655808349665928e-08,1.3843117849621025e-08,1.3918706058723505e-08,1.3875908120854324e-08,1.3714446779091872e-08,1.3440484635759442e-08,1.3065822901290055e-08,1.2606446778237431e-08,1.208073844778466e-08,1.150770396467107e-08,1.0905495974755925e-08,1.0290393324169653e-08,9.676266193512357e-09,9.074450395130434e-09,8.493898354584686e-09,7.941468146697089e-09,7.422241639729103e-09,6.939807976609617e-09,6.496491185364168e-09,6.093529775552815e-09,5.731228940027163e-09,5.409105593686216e-09,5.126038765303153e-09,4.880428435309343e-09,4.670358551913739e-09,4.493756204212982e-09,4.348538583820762e-09,4.232741292144188e-09,4.144624415762218e-09,4.082755528307676e-09,4.046070753890183e-09,4.0339160250187795e-09
2026-03-30 14:29:27.293036,[96.889744],6.045914242898106e-07,6.062597241409572e-07,6.113791569174075e-07,6.203079590620311e-07,6.336925727071627e-07,6.525431505051601e-07,6.783398182193693e-07,7.131648924682699e-07,7.598474966426774e-07,8.220936991674035e-07,9.045583419817406e-07,1.012797100674412e-06,1.1530245856031086e-06,1.331604526569453e-06,1.5542205875621115e-06,1.8247288391781096e-06,2.1437772100233627e-06,2.5073845714058084e-06,2.9057798494715444e-06,3.3228740231987045e-06,3.736733384629133e-06,4.1213070013378045e-06,4.449425967412443e-06,4.696767630973044e-06,4.8461392775975895e-06,4.891188096834685e-06,4.838592627084084e-06,4.707999051378956e-06,4.529421351126216e-06,4.338427030800205e-06,4.17001320625046e-06,4.0524604702516515e-06,4.00250379985635e-06,4.022851993821834e-06,4.10250696134258e-06,4.219655572697158e-06,4.346328483580385e-06,4.453697098565444e-06,4.51687423665021e-06,4.518356100521273e-06,4.4496772073196075e-06,4.311303726998544e-06,4.111144431124842e-06,3.862246524198099e-06,3.5802611535954945e-06,3.2811519065786817e-06,2.979442109030415e-06,2.687113659348563e-06,2.4131236727374685e-06,2.163414363046946e-06,1.941255521701724e-06,1.7477646754234933e-06,1.582480330501769e-06,1.4439030915518461e-06,1.3299569052943982e-06,1.2383523329723925e-06,1.1668538146748332e-06,1.1134641744272676e-06,1.076544150499571e-06,1.0548847529879043e-06,1.0477476356062861e-06
2026-03-30 14:29:27.345709,[70.70275979],5.529246124946439e-09,5.544798126079999e-09,5.591755475307492e-09,5.671024873575711e-09,5.784124859608838e-09,5.933191358699049e-09,6.120973673661763e-09,6.350807603959983e-09,6.62654704105533e-09,6.952430116181172e-09,7.332852177869799e-09,7.772017687648753e-09,8.273449216836125e-09,8.839346774170141e-09,9.469816414303462e-09,1.0162022990089012e-08,1.0909364074353524e-08,1.1700802350875917e-08,1.2520520266052411e-08,1.3348059930704503e-08,1.4159071918605288e-08,1.4926714646543455e-08,1.5623628897016006e-08,1.6224280526775087e-08,1.670734999148342e-08,1.7057784797380882e-08,1.7268147611506897e-08,1.7338997417347195e-08,1.727821787274381e-08,1.7099416515458274e-08,1.681970774608513e-08,1.645731102611871e-08,1.6029411574123193e-08,1.5550641473382295e-08,1.5032372088012273e-08,1.4482812284510655e-08,1.3907734165377868e-08,1.331154011557891e-08,1.2698360400473253e-08,1.2072922511390671e-08,1.1441035688269738e-08,1.0809651817530601e-08,1.0186565442884501e-08,9.579880337022725e-09,8.997391555257748e-09,8.446016079938114e-09,7.93136551329261e-09,7.457506137674574e-09,7.0269078399991004e-09,6.640551766553784e-09,6.298149769949133e-09,5.99842526682013e-09,5.739411248372759e-09,5.518732449795047e-09,5.333851242935753e-09,5.182268010132009e-09,5.061675205008132e-09,4.970069672570566e-09,4.905830426828069e-09,4.8677696278491995e-09,4.855163665220937e-09
2026-03-30 14:29:27.491334,[91.84441832],1.9578101559769464e-07,1.9632309720692325e-07,1.9798428414756042e-07,2.008739689571711e-07,2.0518993222548583e-07,2.1124216158769585e-07,2.1948670683047862e-07,2.3056832990001216e-07,2.4536792222150114e-07,2.650463368587393e-07,2.9107068709804616e-07,3.2520323199336837e-07,3.694285052738677e-07,4.2579400422018677e-07,4.961466527046606e-07,5.81764033373797e-07,6.829068100941887e-07,7.983541145167113e-07,9.25019616685238e-07,1.057770785000947e-06,1.1895735646927241e-06,1.312047820198264e-06,1.4164420163748418e-06,1.4949285752655521e-06,1.542008662889739e-06,1.5557318225271664e-06,1.5384170802798869e-06,1.4966296911562374e-06,1.4403180978387599e-06,1.3812159828710588e-06,1.3308090825892007e-06,1.2982951231058297e-06,1.2889837901685546e-06,1.303481793573597e-06,1.3378145277582018e-06,1.3844085919453476e-06,1.4336652123468568e-06,1.4757456163118851e-06,1.5021870409414557e-06,1.5070592000484602e-06,1.4875169825780364e-06,1.443758049310383e-06,1.3785133989675961e-06,1.2962626088055028e-06,1.2023715343953262e-06,1.1023126952348293e-06,1.001068610291198e-06,9.027563999849182e-07,8.10462342346365e-07,7.262442266202627e-07,6.512470453777121e-07,5.858794350250028e-07,5.300085074360579e-07,4.831440464634617e-07,4.44595749105156e-07,4.135972664533213e-07,3.893976304704491e-07,3.7132450942116624e-07,3.5882529856041895e-07,3.514920774856082e-07,3.4907558986999044e-07
2026-03-30 14:29:27.541619,[65.73543146],1.5586311537826928e-09,1.5639649541931872e-09,1.58003558765183e-09,1.6070439900104521e-09,1.6453024182109098e-09,1.6952003090793708e-09,1.75715668888125e-09,1.831560663414021e-09,1.9187037200654995e-09,2.0187107845992898e-09,2.131480912343245e-09,2.256652416878554e-09,2.3936098639378e-09,2.5415499016609693e-09,2.6996173698699473e-09,2.867110926087678e-09,3.0437381999989105e-09,3.2298761266771935e-09,3.4267674327667666e-09,3.6365669623508565e-09,3.862150953724701e-09,4.1066268207850885e-09,4.372534124048014e-09,4.660804745127609e-09,4.969637293857257e-09,5.293514305511983e-09,5.622624290646656e-09,5.942922732241953e-09,6.236969409896644e-09,6.485527002954142e-09,6.66973101687951e-09,6.773489433317746e-09,6.785686773332021e-09,6.701780098444832e-09,6.524485723019789e-09,6.263438262192953e-09,5.933910574832494e-09,5.554861025989909e-09,5.146681019772087e-09,4.7290315164984885e-09,4.319089162054432e-09,3.930398673729399e-09,3.5723860965666e-09,3.2504629015649666e-09,2.9665674316628894e-09,2.7199562582187514e-09,2.508068068941256e-09,2.3273224900023483e-09,2.1737688317938404e-09,2.0435505842881305e-09,1.9331911611422725e-09,1.8397311274039266e-09,1.7607576820972447e-09,1.6943669083743774e-09,1.6390925267877784e-09,1.5938254510333004e-09,1.557739134273456e-09,1.5302280884299024e-09,1.510861638539681e-09,1.499351854651988e-09,1.4955332624544824e-09
2026-03-30 14:29:27.696129,[93.09225038],2.561068843079229e-07,2.568685401146495e-07,2.592011575860902e-07,2.6325338805268734e-07,2.692922614816514e-07,2.7773280322776064e-07,2.891799626994658e-07,3.0448114062378385e-07,3.2478408865077026e-07,3.51589536620454e-07,3.867809205547646e-07,4.3260621459448514e-07,4.915813687469504e-07,5.662845430365031e-07,6.590190954803354e-07,7.713444297510161e-07,9.035082904444522e-07,1.053858515086584e-06,1.2183574501275912e-06,1.390353511541188e-06,1.5607642984236173e-06,1.7187797148265956e-06,1.8530973299761166e-06,1.953567781612264e-06,2.012985893925637e-06,2.028657064768327e-06,2.0033426268196947e-06,1.9452700818978524e-06,1.8670807703821283e-06,1.7838382344756464e-06,1.7104664360075072e-06,1.6591522454569584e-06,1.6372753439633113e-06,1.6463066730685823e-06,1.681878177902446e-06,1.7349432070532562e-06,1.7937015792191335e-06,1.8458218752386719e-06,1.8804840884887718e-06,1.8898736589647968e-06,1.8699362019716751e-06,1.8203918847265901e-06,1.7441588381449072e-06,1.6464176565544054e-06,1.5335606341457582e-06,1.4122262479804517e-06,1.288547298050446e-06,1.1676652348107606e-06,1.0535014728793748e-06,9.487373014326229e-07,8.549374714388585e-07,7.727535896132871e-07,7.021550974204535e-07,6.426514249016517e-07,5.934842639764665e-07,5.537812570478709e-07,5.226709016604935e-07,4.993633879297645e-07,4.832041960980074e-07,4.737074816935947e-07,4.7057533576445167e-07
2026-03-30 14:29:27.745191,[69.10333982],4.915935588245437e-09,4.926289995739575e-09,4.957427375872397e-09,5.009574088501793e-09,5.083122799251863e-09,5.1786630873754534e-09,5.2970354429573544e-09,5.439410432835266e-09,5.6073815488976174e-09,5.803037200457165e-09,6.028945191442532e-09,6.287946918283817e-09,6.582629814999336e-09,6.914343602964931e-09,7.281671820587044e-09,7.67838638702803e-09,8.091108228791375e-09,8.49715312888796e-09,8.863302420531922e-09,9.146406551940233e-09,9.296686302837216e-09,9.264237150638087e-09,9.008532026353833e-09,8.509742910339584e-09,7.77969266559523e-09,6.8695465268720274e-09,5.871313197930603e-09,4.911077378671013e-09,4.133597338826769e-09,3.6801197520936597e-09,3.663374214435595e-09,4.145017725501423e-09,5.120782367631338e-09,6.517104324990853e-09,8.20042253516494e-09,9.99735711190396e-09,1.1721475719723436e-08,1.3201032875181696e-08,1.4302229855615408e-08,1.4944025962158866e-08,1.5102794706998817e-08,1.480746328903247e-08,1.4127586946069308e-08,1.3157735426348547e-08,1.2001564259339306e-08,1.075822272918581e-08,9.51266042112003e-09,8.330282576618499e-09,7.255524385729572e-09,6.313385560496425e-09,5.512787331937407e-09,4.850702889611102e-09,4.3162566398107515e-09,3.89428265128462e-09,3.568102975828974e-09,3.3214919317670654e-09,3.139922286376695e-09,3.0112522447698526e-09,2.9260258753754254e-09,2.8775428509665697e-09,2.8618215445830978e-09
2026-03-30 14:29:27.941470,[94.30078791],3.301782486666991e-07,3.3124112803401225e-07,3.3449006231475065e-07,3.40112617294945e-07,3.484439786380916e-07,3.600016224974515e-07,3.7553435195789244e-07,3.96083598916934e-07,4.2305068789328415e-07,4.582572876589674e-07,5.039779478635807e-07,5.629148339124597e-07,6.380782233355755e-07,7.325359718726684e-07,8.490056425460345e-07,9.89288282377572e-07,1.1535841169544793e-06,1.3397837384151947e-06,1.5428828282037612e-06,1.7547065535193655e-06,1.964130596778814e-06,2.1579316567093094e-06,2.322285446044887e-06,2.4447685282597215e-06,2.5165477774603704e-06,2.5343101073353954e-06,2.5014490842145404e-06,2.428118902619161e-06,2.329987695917379e-06,2.225824656658567e-06,2.1343572186198874e-06,2.071043702026121e-06,2.0454535565059987e-06,2.0598107498092422e-06,2.108973513238755e-06,2.1817792568403276e-06,2.2633772657806224e-06,2.3379860099539504e-06,2.3914849481388693e-06,2.4133694233562898e-06,2.397808095887415e-06,2.3437747520069908e-06,2.254417467817182e-06,2.135940216654039e-06,1.996297520117603e-06,1.8439586660184143e-06,1.6869142593227164e-06,1.5320051365743308e-06,1.3845749594944847e-06,1.248394993072403e-06,1.125784365187856e-06,1.0178463911698518e-06,9.247533001653494e-07,8.460300443245455e-07,7.808068223866397e-07,7.280259306525438e-07,6.866001047729445e-07,6.555266324893109e-07,6.339649767139941e-07,6.212864781127475e-07,6.171038610714512e-07
2026-03-30 14:29:27.990660,[66.67112811],2.0010669130096595e-09,2.0065362706635342e-09,2.022988412951448e-09,2.0505491077761643e-09,2.089407039086357e-09,2.1397845225077425e-09,2.2019015161869577e-09,2.275939654200808e-09,2.3620170222684788e-09,2.4601891167829794e-09,2.570495894332251e-09,2.6930772019504968e-09,2.8283764897482575e-09,2.9774423460011586e-09,3.1423162347007958e-09,3.326461887701411e-09,3.5351498486819577e-09,3.775667759650105e-09,4.05719696248909e-09,4.390196625551469e-09,4.7851848370367444e-09,5.250910788026807e-09,5.792066283904088e-09,6.4068605347976695e-09,7.0849324137803346e-09,7.80614321547072e-09,8.540733681293689e-09,9.251124599480404e-09,9.895317701157805e-09,1.043148462904906e-08,1.0823015941009107e-08,1.1043135806841957e-08,1.1078230574187146e-08,1.0929289508954074e-08,1.061124951627811e-08,1.0150465685701125e-08,9.58088230640112e-09,8.939670611400412e-09,8.263099647542283e-09,7.583241880550885e-09,6.9258525910305055e-09,6.309482645951412e-09,5.745656142672612e-09,5.23980685076262e-09,4.792626679740426e-09,4.401516431836285e-09,4.061911919348035e-09,3.7683548522996e-09,3.5152634884987327e-09,3.297419855086164e-09,3.1102255282373803e-09,2.9497904499549134e-09,2.8129161121967974e-09,2.6970228622955223e-09,2.600056791329918e-09,2.520398321582134e-09,2.4567840137153683e-09,2.408245734193827e-09,2.3740668472556353e-09,2.3537528820412126e-09,2.3470134909928047e-09
2026-03-30 14:29:28.141211,[96.28412897],5.426292157223193e-07,5.443539567183694e-07,5.496258018233862e-07,5.587485614192526e-07,5.722655970535431e-07,5.910166877366775e-07,6.162185037818907e-07,6.495652644541852e-07,6.933392290673494e-07,7.505099906702072e-07,8.24787771342627e-07,9.205813626922701e-07,1.0428004484783978e-06,1.1964413395793507e-06,1.3859123539116577e-06,1.6140968101010523e-06,1.881219940994219e-06,2.1836745160804248e-06,2.5130507106050473e-06,2.8556797500810984e-06,3.1930032902316953e-06,3.502991714639743e-06,3.762644452160837e-06,3.951336364155517e-06,4.054485558000426e-06,4.066796554225946e-06,3.994268507948969e-06,3.854310387430007e-06,3.6736716211015715e-06,3.4844016521145266e-06,3.3185595894435252e-06,3.20275182647102e-06,3.1536626281780865e-06,3.1755224430330293e-06,3.2599909783090724e-06,3.3883550229353596e-06,3.535422327433981e-06,3.6741720197683793e-06,3.7801663935350997e-06,3.834919547401863e-06,3.8277677724822425e-06,3.7561770666351703e-06,3.6247484740084454e-06,3.443376787107572e-06,3.2250676544232522e-06,2.9838491793981173e-06,2.7330760689407696e-06,2.4842688978907714e-06,2.2464973818227893e-06,2.026225543696315e-06,1.8274919725067586e-06,1.6522919512280674e-06,1.5010468060382447e-06,1.3730761348165043e-06,1.2670203859779767e-06,1.1811883635336975e-06,1.1138239968085466e-06,1.0632990101402831e-06,1.02824420440343e-06,1.0076336312444406e-06,1.0008346174484355e-06
2026-03-30 14:29:28.190606,[68.88528127],2.6896989347258784e-09,2.698018230470067e-09,2.7230462017310786e-09,2.764979689969262e-09,2.824102199905068e-09,2.9007179863781345e-09,2.995063270592658e-09,3.1072018450374465e-09,3.2369195387085006e-09,3.3836422627027707e-09,3.5464147025828808e-09,3.723988527390142e-09,3.915075419939028e-09,4.118814360370292e-09,4.3354764918179985e-09,4.567378232572106e-09,4.819893308930447e-09,5.102356383106001e-09,5.428557540865958e-09,5.816473298704133e-09,6.286906950598971e-09,6.8608520433373705e-09,7.555654846645596e-09,8.38040077545763e-09,9.331305473926879e-09,1.0388140280473571e-08,1.1512750219460168e-08,1.2650460364031214e-08,1.37346261680948e-08,1.469387603532156e-08,1.5460907285073864e-08,1.5981237040172283e-08,1.6220231938519318e-08,1.616708697196374e-08,1.5835103050729365e-08,1.5258430060476768e-08,1.448616642755335e-08,1.3575149986099012e-08,1.2582852130556075e-08,1.1561529615825936e-08,1.055431875057556e-08,9.593435037071428e-09,8.700208073144645e-09,7.886419806898994e-09,7.156339342039253e-09,6.508921161826512e-09,5.9397909879751846e-09,5.442819870864196e-09,5.011235974364909e-09,4.63832256347478e-09,4.317798559042796e-09,4.043986197313062e-09,3.811854777892356e-09,3.6170045443405965e-09,3.455630232579559e-09,3.3244847003738144e-09,3.220850549129499e-09,3.1425208438959914e-09,3.0877871911044543e-09,3.055432851885421e-09,3.044728992722147e-09
2026-03-30 14:29:28.342391,[97.32281991],7.067094911946125e-07,7.090802984248165e-07,7.163129548960296e-07,7.287813638398024e-07,7.471534175028472e-07,7.724599761609505e-07,8.061929346023821e-07,8.504284990607279e-07,9.079632075445963e-07,9.82436877342883e-07,1.078399351450273e-06,1.2012594975164832e-06,1.3570409363467017e-06,1.551867683504814e-06,1.7911240243811155e-06,2.0782849518400545e-06,2.413499134702559e-06,2.792117706974743e-06,3.2034768065224413e-06,3.63032324456138e-06,4.049277001991414e-06,4.432613763514289e-06,4.751412229973463e-06,4.979772121405362e-06,5.09944399638666e-06,5.10393076256818e-06,5.001036825298519e-06,4.813029735629829e-06,4.574039496198779e-06,4.324957397122593e-06,4.106738982925733e-06,3.953470100873463e-06,3.886670398001835e-06,3.912035784283186e-06,4.0192342099135355e-06,4.184640831881978e-06,4.376240775576933e-06,4.559517111805426e-06,4.703064960693497e-06,4.782907722429455e-06,4.784929254304517e-06,4.7053283870515185e-06,4.549415139777705e-06,4.3293179593506215e-06,4.061238301107888e-06,3.7628056914650255e-06,3.4509147050450348e-06,3.1402299726636057e-06,2.8423762013363005e-06,2.5657140081587245e-06,2.315544277748889e-06,2.0945740217638885e-06,1.9034988785494152e-06,1.7415948124985875e-06,1.6072513332880575e-06,1.4984127141413678e-06,1.4129187980122558e-06,1.3487527712117432e-06,1.3042112410447227e-06,1.278014186077583e-06,1.2693708688033575e-06
2026-03-30 14:29:28.541108,[92.21535828],2.2714420687185357e-07,2.2790600434152717e-07,2.30229159879667e-07,2.3423120134285743e-07,2.4012240073445457e-07,2.482280775062169e-07,2.590204937182508e-07,2.7315923442443944e-07,2.915361648850738e-07,3.1531665653358373e-07,3.459630229842048e-07,3.852199365952256e-07,4.350368360737173e-07,4.974017263861192e-07,5.740675751548677e-07,6.661695748990732e-07,7.737598447032161e-07,8.953231044817607e-07,1.0273750675150875e-06,1.1642726113966442e-06,1.2983665200462345e-06,1.4205911079244626e-06,1.5215058520003083e-06,1.592691408510553e-06,1.628280876303221e-06,1.626313455937049e-06,1.5895697841984982e-06,1.5256114544398527e-06,1.4459010629375414e-06,1.3640917514232222e-06,1.2937896134233722e-06,1.246243481780947e-06,1.2284542527958074e-06,1.2421037173432929e-06,1.283505836866906e-06,1.3445396650781163e-06,1.414303496013356e-06,1.4810933790855752e-06,1.5342845948317187e-06,1.565774335434971e-06,1.5707909443309847e-06,1.5480400265683697e-06,1.4992956496427508e-06,1.4286279844918562e-06,1.3414806107402695e-06,1.2437824684812507e-06,1.1412217785232635e-06,1.0387438842850186e-06,9.402784814092915e-07,8.486629702190448e-07,7.657093425807988e-07,6.923588125405217e-07,6.288758089047881e-07,5.750454244217788e-07,5.303516626809408e-07,4.941252045879472e-07,4.656577890249823e-07,4.4428557842858074e-07,4.294465517359495e-07,4.207177325834097e-07,4.178375867956356e-07
2026-03-30 14:29:28.591221,[66.38431972],1.2803611479580836e-09,1.284857940649647e-09,1.2985639768991355e-09,1.3221328438952685e-09,1.3566742734158868e-09,1.4037789359302626e-09,1.4655409862519437e-09,1.5445653004296177e-09,1.6439420024289958e-09,1.7671672217136124e-09,1.9179873554112136e-09,2.1001461635063627e-09,2.317021665212952e-09,2.571154479123567e-09,2.863691235858943e-09,3.1937942692871645e-09,3.5580976408750456e-09,3.9503127529107644e-09,4.36109580193851e-09,4.778275971164025e-09,5.1875027173299584e-09,5.573304175684848e-09,5.920466081258912e-09,6.215558853144419e-09,6.448381116799672e-09,6.613070932546835e-09,6.708673023424006e-09,6.739039380631304e-09,6.712064665227639e-09,6.63838812613463e-09,6.529797941605222e-09,6.3976256585277766e-09,6.251405642215576e-09,6.0980027665124866e-09,5.9413019839005246e-09,5.782435228276719e-09,5.620422797729097e-09,5.4530477221172135e-09,5.277769562238891e-09,5.092512988866492e-09,4.8962220543022624e-09,4.689135832225314e-09,4.4727995337226385e-09,4.249867018523317e-09,4.023771815038601e-09,3.798345802613302e-09,3.5774525858542486e-09,3.3646826553544274e-09,3.163135606994615e-09,2.9752953858120902e-09,2.80299022115382e-09,2.6474203639862523e-09,2.5092333767904976e-09,2.3886272931257348e-09,2.2854649704135e-09,2.1993870549986178e-09,2.1299151401231327e-09,2.076540282230315e-09,2.0387947448842916e-09,2.0163066097092068e-09,2.008837832705649e-09
2026-03-30 14:29:28.745827,[93.40630004],3.0202549163123427e-07,3.031169142843579e-07,3.0644648777969347e-07,3.1218558723874415e-07,3.206382877673399e-07,3.322696644971693e-07,3.4774569713088277e-07,3.6798281360234644e-07,3.942014256549555e-07,4.2797216714808615e-07,4.7123630960630135e-07,5.262742397127966e-07,5.95590315307476e-07,6.816823692401874e-07,7.866737093294903e-07,9.118081725737982e-07,1.056845671961888e-06,1.2194431716024614e-06,1.394654443716458e-06,1.5747156243079383e-06,1.7492837452607374e-06,1.9062461632787735e-06,2.0331148223326254e-06,2.118872820715003e-06,2.1559840696104637e-06,2.1421571082716967e-06,2.081420196294015e-06,1.9841488036654154e-06,1.865887505582254e-06,1.7450847594387894e-06,1.6401374034680357e-06,1.5663380628539548e-06,1.533368056761805e-06,1.5438596205172307e-06,1.5932962234466642e-06,1.671203276628749e-06,1.763295025846885e-06,1.8540635762548345e-06,1.9292606313904046e-06,1.977822604227022e-06,1.992978540717353e-06,1.9724939862209775e-06,1.9181842817353438e-06,1.834941312751542e-06,1.7295492407863024e-06,1.609530879625387e-06,1.482193436069466e-06,1.3539582879824427e-06,1.2299859704525951e-06,1.114056423416178e-06,1.0086383419393807e-06,9.150762159573708e-07,8.338323953944783e-07,7.647371479351672e-07,7.072165923089054e-07,6.604830985899099e-07,6.236836833510322e-07,5.960089054819669e-07,5.767683779582775e-07,5.654401309917124e-07,5.617005484697669e-07
2026-03-30 14:29:28.953077,[67.5085054],2.2986027873396107e-09,2.3048899911284527e-09,2.3238568647884348e-09,2.355809435791343e-09,2.4012256505062757e-09,2.460709100757963e-09,2.53492925540558e-09,2.6245559610618754e-09,2.7302015300573657e-09,2.8523905534827295e-09,2.991584277627816e-09,3.148290406944347e-09,3.323286832638408e-09,3.517974678846606e-09,3.73484844176261e-09,3.978027671902135e-09,4.253739395311848e-09,4.57058408693849e-09,4.939378757908161e-09,5.372371809625332e-09,5.881687677553165e-09,6.476996234196459e-09,7.1626031190158866e-09,7.934386309582496e-09,8.777200034292199e-09,9.663456433513332e-09,1.0553516434895801e-08,1.1398250298972433e-08,1.2143698896934088e-08,1.2737272231377254e-08,1.3134494034033325e-08,1.3305071659153067e-08,1.3237123831709037e-08,1.293874016822025e-08,1.2436593996368674e-08,1.177193927710925e-08,1.0994832659444598e-08,1.015770750526938e-08,9.309434982564228e-09,8.49076686702757e-09,7.731657949817468e-09,7.050532545864035e-09,6.455197225136732e-09,5.944878247543158e-09,5.5127950409560815e-09,5.148745537086613e-09,4.84132556327198e-09,4.579578179708329e-09,4.354025692674587e-09,4.157150953794002e-09,3.983457645833068e-09,3.829257398693273e-09,3.692317890205637e-09,3.571475199510112e-09,3.4662779123689623e-09,3.3766981130688973e-09,3.3029196377824872e-09,3.2451978242203348e-09,3.203776509855946e-09,3.178845361284761e-09,3.1705218145680647e-09
2026-03-30 14:29:29.150170,[96.1865336],6.183316628110984e-07,6.20659939460522e-07,6.277495433116467e-07,6.399253240455161e-07,6.577642563307049e-07,6.821498926791436e-07,7.143489725108742e-07,7.561062539158028e-07,8.09746563370905e-07,8.782622918802653e-07,9.653508338541969e-07,1.075352149371352e-06,1.2130262346732042e-06,1.3831103945037385e-06,1.589614502255971e-06,1.8348554252338732e-06,2.118301370335983e-06,2.4353864015483417e-06,2.776546720108616e-06,3.1267943179227627e-06,3.466145414747489e-06,3.771130886229491e-06,4.017423316392454e-06,4.1833422486130115e-06,4.253704526470622e-06,4.223257125466943e-06,4.0988563498507165e-06,3.899701107846034e-06,3.6552905877182825e-06,3.4012857532564166e-06,3.1739767656740687e-06,3.004440485524546e-06,2.913590794430229e-06,2.9091338894599645e-06,2.9849915488050274e-06,3.1231783303732014e-06,3.297578940924008e-06,3.4787129909320854e-06,3.6384728829825117e-06,3.753969835740042e-06,3.809946143305695e-06,3.7995968144262474e-06,3.72398400607973e-06,3.590451835367714e-06,3.410533366910254e-06,3.1978038020038728e-06,2.96601724208032e-06,2.7277179678681696e-06,2.493381315050978e-06,2.2710382138494885e-06,2.0662791944391084e-06,1.8825138508045066e-06,1.7213696460324748e-06,1.583137359003708e-06,1.467199110513984e-06,1.3724017480042163e-06,1.2973597068066377e-06,1.2406861739852579e-06,1.2011599475233119e-06,1.1778390634490485e-06,1.1701324757394625e-06
2026-03-30 14:29:29.201688,[68.55591806],2.541905808045203e-09,2.5502216939027136e-09,2.5754064187475452e-09,2.6181666097149803e-09,2.679664241197016e-09,2.7614915398254082e-09,2.8656336514142304e-09,2.9944185953831605e-09,3.1504560679283555e-09,3.3365696517112515e-09,3.555730194612704e-09,3.811000073649574e-09,4.105496644466263e-09,4.4423760308523985e-09,4.824823832973104e-09,5.256017639143391e-09,5.739001197685409e-09,6.2763898925535e-09,6.869823710365234e-09,7.519110104708848e-09,8.221063803151184e-09,8.968151881155534e-09,9.747172935143726e-09,1.0538305280397212e-08,1.131490737760473e-08,1.2044404719040502e-08,1.2690433177999293e-08,1.3216147169438472e-08,1.3588299155891299e-08,1.3781439793826719e-08,1.3781461450794228e-08,1.3587767780446965e-08,1.3213599819195988e-08,1.268442580208262e-08,1.2034705723647996e-08,1.130366181116241e-08,1.053084029409061e-08,9.752210271507196e-09,8.997343234510698e-09,8.28792548719103e-09,7.637562331538871e-09,7.052608913625318e-09,6.533645699338454e-09,6.077207117399159e-09,5.677442618663993e-09,5.327500615463382e-09,5.020540280883123e-09,4.750368524248586e-09,4.511758500988074e-09,4.3005325410414e-09,4.113494176095746e-09,3.948280968280876e-09,3.8031908622444434e-09,3.677015847689752e-09,3.5689010481251996e-09,3.478235994557728e-09,3.4045775518947373e-09,3.3475999225557966e-09,3.307065437498679e-09,3.2828096717438644e-09,3.2747352031724167e-09
2026-03-30 14:29:29.398090,[69.69813943],4.2320930810782395e-09,4.243283338487631e-09,4.27689002462894e-09,4.333016430787542e-09,4.411822804579619e-09,4.51351895244095e-09,4.638375398376427e-09,4.786775501429743e-09,4.959337275271553e-09,5.157137601489116e-09,5.3820700401606624e-09,5.637356408399982e-09,5.9282071851694e-09,6.262583035231316e-09,6.651948919271545e-09,7.111838881906163e-09,7.661977622281012e-09,8.325657633165282e-09,9.128078329913942e-09,1.0093446567287758e-08,1.1240835265860777e-08,1.2579092365783883e-08,1.4101443368588068e-08,1.5780755998459365e-08,1.756662746485843e-08,1.9385408287719432e-08,2.1143928084548325e-08,2.2737052925573697e-08,2.405839179314048e-08,2.5012673827377586e-08,2.552776308503121e-08,2.5564148990039132e-08,2.5120126598255096e-08,2.4231694708558433e-08,2.296725253256839e-08,2.1418195082880172e-08,1.9687235294235885e-08,1.7876552803513418e-08,1.6077659565595465e-08,1.4364288875783811e-08,1.2788849962495227e-08,1.1382254398942009e-08,1.0156375964214197e-08,9.108132288912771e-09,8.224168632535113e-09,7.485312554543053e-09,6.870256654436873e-09,6.358224176464265e-09,5.93061526650385e-09,5.571790089555303e-09,5.2692182175052874e-09,5.01322967176491e-09,4.796566984048199e-09,4.613883386258067e-09,4.461277311904708e-09,4.335907921094454e-09,4.235704152916804e-09,4.15916041104387e-09,4.1052027791289745e-09,4.073107436852684e-09,4.062454866364461e-09
2026-03-30 14:29:29.549287,[92.46023997],2.612373383489142e-07,2.622570373345898e-07,2.6535767295821514e-07,2.7066766178506853e-07,2.784139815414362e-07,2.8894237446705204e-07,3.0274643312502763e-07,3.205045938786117e-07,3.431212812469085e-07,3.7176402385517063e-07,4.078825171434166e-07,4.531892484495757e-07,5.095762635034854e-07,5.789417387337405e-07,6.629066252919626e-07,7.624188075483524e-07,8.772711980219533e-07,1.0055985933409126e-06,1.1434585632074753e-06,1.2846316762368576e-06,1.4207805554035457e-06,1.5420718301037248e-06,1.6382842394779576e-06,1.7003081344543556e-06,1.721811193202786e-06,1.700740246188589e-06,1.6402905842049988e-06,1.549031018929389e-06,1.440028312895118e-06,1.3290384396019083e-06,1.2320664099092562e-06,1.162771871750066e-06,1.1302575903399297e-06,1.137699124575982e-06,1.1820767649185177e-06,1.2550123891174636e-06,1.344468707885189e-06,1.436902351152014e-06,1.519412008961724e-06,1.5814870684329142e-06,1.6161071032960667e-06,1.6201175537199282e-06,1.593962923392773e-06,1.5409624848595782e-06,1.4663531618502268e-06,1.3763076857106578e-06,1.2770828975725317e-06,1.1743858115742782e-06,1.072982498102432e-06,9.765283297217738e-07,8.875713849596881e-07,8.076718546683345e-07,7.375841365960527e-07,6.774592642898156e-07,6.270386044768858e-07,5.858221275919036e-07,5.532043186347869e-07,5.285774623957724e-07,5.114058672719425e-07,5.012761892764587e-07,4.979290503561851e-07
2026-03-30 14:29:29.793341,[66.17222518],2.6740844486799663e-09,2.680272385510313e-09,2.69897549972377e-09,2.730614173775846e-09,2.7758962548388903e-09,2.8358241811318125e-09,2.911697301533302e-09,3.0051012436754865e-09,3.117873585482312e-09,3.2520329890425673e-09,3.409658167568882e-09,3.5927046033551538e-09,3.802751874716189e-09,4.0406835480823915e-09,4.306314905774144e-09,4.598000253457818e-09,4.912268764661704e-09,5.243552075616567e-09,5.584073700364e-09,5.923965582857043e-09,6.251657996813426e-09,6.554555438892766e-09,6.819966385714265e-09,7.0362053845778646e-09,7.193740989923616e-09,7.286232547562669e-09,7.311291739970671e-09,7.270827000052169e-09,7.1708812321730645e-09,7.020950235676505e-09,6.832858603111485e-09,6.61935407082848e-09,6.3926406768324505e-09,6.1630889658563945e-09,5.938329726158644e-09,5.722860657811579e-09,5.51819008716774e-09,5.323434195134101e-09,5.136201166184704e-09,4.953556821427384e-09,4.772877975695462e-09,4.5924536629353906e-09,4.411771406972251e-09,4.2315030428699205e-09,4.053263068612724e-09,3.879241714299785e-09,3.711814483452727e-09,3.5532073655929612e-09,3.4052635510062927e-09,3.2693242087008264e-09,3.146210339860553e-09,3.0362781821363093e-09,2.9395166205451464e-09,2.85565871688171e-09,2.7842871914192337e-09,2.7249223001127568e-09,2.6770879190143785e-09,2.640356788059903e-09,2.6143786893862448e-09,2.5988962784751936e-09,2.593752970742826e-09
2026-03-30 14:29:29.993104,[66.32455315],2.2560024096858424e-09,2.2634711852154297e-09,2.2859252270034e-09,2.323494905938701e-09,2.3763550816680517e-09,2.44466227539047e-09,2.5284692544292976e-09,2.627621649105831e-09,2.741645273434963e-09,2.8696383772699655e-09,3.010189637489773e-09,3.1613491318921625e-09,3.3206838455046586e-09,3.4854486906035134e-09,3.6528954655042018e-09,3.820722970826493e-09,3.987640669635625e-09,4.153977965653985e-09,4.322227820545172e-09,4.497378010886799e-09,4.6868699822529665e-09,4.900047971056907e-09,5.147028658871191e-09,5.437032362726053e-09,5.776354578996991e-09,6.166291315644955e-09,6.601424124942356e-09,7.068684096636001e-09,7.547526312782116e-09,8.011361390746108e-09,8.430142684439013e-09,8.773754308085359e-09,9.015652632655977e-09,9.136136606011234e-09,9.124684584214025e-09,8.980983090055758e-09,8.714537183066687e-09,8.343024971059062e-09,7.88977429238444e-09,7.3808529352568716e-09,6.842261815495941e-09,6.297621337055427e-09,5.766583938761229e-09,5.264036457565133e-09,4.800013322108454e-09,4.380149103537793e-09,4.006462349235219e-09,3.678273405884244e-09,3.39310061011846e-09,3.147433789642036e-09,2.9373367378461136e-09,2.75887202240791e-09,2.6083686190434097e-09,2.482566174213057e-09,2.378672382832711e-09,2.2943659655525363e-09,2.2277705984578237e-09,2.1774174820544677e-09,2.1422075749071765e-09,2.1213795188363776e-09,2.114486006680549e-09
2026-03-30 14:29:30.193809,[69.69974654],4.176860411013146e-09,4.185100053566818e-09,4.209881356717589e-09,4.251404761024048e-09,4.310049828431755e-09,4.386446891524002e-09,4.481582384951743e-09,4.596938645315227e-09,4.734663128658687e-09,4.897751922353309e-09,5.09021812483442e-09,5.317198387857413e-09,5.584933709781249e-09,5.900548567280222e-09,6.271552603007114e-09,6.705008869401033e-09,7.206357919352447e-09,7.7779589235351e-09,8.417500639922163e-09,9.116529752810869e-09,9.859416089721362e-09,1.0623093483575715e-08,1.1377855911553132e-08,1.2089340467850444e-08,1.272160556511377e-08,1.3240956126053233e-08,1.3619940805063336e-08,1.3840818710270565e-08,1.3897817629354706e-08,1.3797698032914713e-08,1.3558464163321757e-08,1.3206448325514174e-08,1.27723370067587e-08,1.2286915468246468e-08,1.1777326578558723e-08,1.1264470868471346e-08,1.0761872899420916e-08,1.0275993000352056e-08,9.807666357631078e-09,9.354171925942476e-09,8.911398279401986e-09,8.475665468774207e-09,8.044933356064976e-09,7.619318835010501e-09,7.201005949125173e-09,6.793733694150275e-09,6.4020792699286475e-09,6.030731675403322e-09,5.6838939345831425e-09,5.364885217980725e-09,5.075954791140316e-09,4.818278165797914e-09,4.592084458440183e-09,4.396859754552369e-09,4.231578583651946e-09,4.094928512888832e-09,3.985506648545498e-09,3.901978535220237e-09,3.843198251965441e-09,3.808293312987166e-09,3.796719852232478e-09
2026-03-30 14:29:30.393837,[76.82094233],8.073406799756085e-09,8.07768943744571e-09,8.089940697865445e-09,8.108369854984978e-09,8.129996475088175e-09,8.15067943045211e-09,8.165201206676003e-09,8.167445742326122e-09,8.150709492315689e-09,8.108177544068387e-09,8.033576401737587e-09,7.92198086169777e-09,7.770705703949125e-09,7.580159963876959e-09,7.3544942495865474e-09,7.101846716713589e-09,6.834009216349734e-09,6.565405651357872e-09,6.3114015909340865e-09,6.086131052954747e-09,5.9001958222585546e-09,5.758712482274832e-09,5.660199493708493e-09,5.5966774819156085e-09,5.555105091142584e-09,5.5199423979545095e-09,5.4763151358925555e-09,5.413049634846528e-09,5.324839461127959e-09,5.213010932128566e-09,5.084723801718789e-09,4.950864019060265e-09,4.823225284865968e-09,4.711730461554473e-09,4.622373590727566e-09,4.55630633127612e-09,4.510145398617101e-09,4.47725519637309e-09,4.4495538652438545e-09,4.419341582056965e-09,4.380741281346263e-09,4.330518601834093e-09,4.268241612004401e-09,4.1958957255932335e-09,4.1171555489114e-09,4.036531352488193e-09,3.958571250063969e-09,3.887236775480206e-09,3.825502999610671e-09,3.7751803849119364e-09,3.736920967954003e-09,3.7103558168796543e-09,3.694309642817003e-09,3.6870463561588643e-09,3.6865112739130407e-09,3.6905480409016684e-09,3.697079036529424e-09,3.704246173629528e-09,3.7105143913737226e-09,3.7147430556037728e-09,3.7162313491851888e-09
2026-03-30 14:29:30.442723,[69.69424161],3.469742784553883e-09,3.48091168555604e-09,3.5144859194956042e-09,3.5706507804907973e-09,3.6496581105911e-09,3.751743633970949e-09,3.877018315504566e-09,4.025344084465472e-09,4.196211266204072e-09,4.3886438559289554e-09,4.601168043347321e-09,4.83188659123134e-09,5.078702868252466e-09,5.339728612633887e-09,5.613883956723314e-09,5.901653837812774e-09,6.205902992138768e-09,6.5325805479184405e-09,6.891081531003569e-09,7.294000623002906e-09,7.756040385848185e-09,8.291943253229518e-09,8.91350839162919e-09,9.62600868956168e-09,1.0424586535525971e-08,1.1291402723474177e-08,1.2194359258476429e-08,1.3088056179065727e-08,1.3917268699535256e-08,1.4622705635591645e-08,1.514825619094699e-08,1.5448502880309723e-08,1.5495108846450376e-08,1.528084728782801e-08,1.4820503530252936e-08,1.4148529536626231e-08,1.3313994272680187e-08,1.2373879601142742e-08,1.1386002624136407e-08,1.0402770319795789e-08,9.466646630620332e-09,8.6077508716429e-09,7.843541140006893e-09,7.180175195290273e-09,6.61494284630988e-09,6.139133051880982e-09,5.740798751729919e-09,5.407055131149504e-09,5.125734911376482e-09,4.886384225009215e-09,4.680691967706055e-09,4.502500365017699e-09,4.34755400356648e-09,4.213123927189984e-09,4.097608046946515e-09,4.000171283596325e-09,3.9204562569625384e-09,3.858371452084077e-09,3.813949040041867e-09,3.787257553397333e-09,3.778353379216968e-09
2026-03-30 14:29:30.593689,[92.7267196],3.018013525456239e-07,3.031218212662255e-07,3.07133249551766e-07,3.139890866483235e-07,3.239566169495422e-07,3.3743496594945944e-07,3.5498096361370583e-07,3.773417516418926e-07,4.054901980873137e-07,4.4065470153356614e-07,4.843290323717313e-07,5.382413787832116e-07,6.042566061249267e-07,6.841847817036927e-07,7.794758084554988e-07,8.907978258624194e-07,1.0175273325899496e-06,1.1572195232250479e-06,1.3051706214015026e-06,1.4542170445006125e-06,1.594922586984859e-06,1.7162692421277533e-06,1.8068825376552917e-06,1.8566956420120978e-06,1.8588132189322722e-06,1.8112163139969547e-06,1.7178984348901106e-06,1.589074470154164e-06,1.4402654660468681e-06,1.2903051602170048e-06,1.1585779677028576e-06,1.0620069003887608e-06,1.012397646188523e-06,1.014679713165469e-06,1.0663820633593884e-06,1.1583967715150285e-06,1.2768007340050082e-06,1.4052986119532268e-06,1.5277674986298707e-06,1.630431785978792e-06,1.703344192888149e-06,1.7410423791865453e-06,1.7424341326816023e-06,1.7100963571933753e-06,1.649235543865823e-06,1.5665539444704596e-06,1.4692153253392973e-06,1.364031649178878e-06,1.2569194523987736e-06,1.1526168832054348e-06,1.0546157309849506e-06,9.652468003874994e-07,8.858569922636953e-07,8.170263189534503e-07,7.58787169111341e-07,7.108223144987434e-07,6.726300045618565e-07,6.436530605352407e-07,6.233741790955257e-07,6.113822294556366e-07,6.07414893368309e-07
2026-03-30 14:29:30.641540,[65.26095107],1.6207054983057555e-09,1.6264457020118852e-09,1.6437431554829375e-09,1.6728148930950197e-09,1.7139773557591498e-09,1.7675778503972979e-09,1.8338989993405819e-09,1.9130403059630718e-09,2.0047870737475803e-09,2.1084857585860338e-09,2.2229554526095635e-09,2.346475268723333e-09,2.4768930179881465e-09,2.611896550760619e-09,2.7494700391601484e-09,2.8885196429021606e-09,3.029597208123872e-09,3.1755847967674987e-09,3.3321432736008954e-09,3.507698172705329e-09,3.7127604489551427e-09,3.958475797934652e-09,4.254463299247407e-09,4.606215718821018e-09,5.012537401061036e-09,5.463623426088593e-09,5.940373233572789e-09,6.415351621807887e-09,6.855478877161936e-09,7.22612346225716e-09,7.495896779010752e-09,7.641224895011265e-09,7.649774422450256e-09,7.522049172866635e-09,7.2708868703588775e-09,6.919053743181617e-09,6.495528610826136e-09,6.03128683024401e-09,5.555398208255445e-09,5.0920683919842225e-09,4.658956367142485e-09,4.266785783424079e-09,3.920015688354299e-09,3.618193284809273e-09,3.3575841807396346e-09,3.1327394574163267e-09,2.9377730546205515e-09,2.767246648624654e-09,2.6166623350772567e-09,2.4826309622720727e-09,2.362814391432809e-09,2.2557407529071665e-09,2.160574107695997e-09,2.076894583996088e-09,2.0045200524207594e-09,1.943380319735107e-09,1.893441277774888e-09,1.8546690515989962e-09,1.8270215453583747e-09,1.8104552387591624e-09,1.8049372183392988e-09
2026-03-30 14:29:30.788669,[93.8213268],3.9993801095203867e-07,4.017607032182823e-07,4.07301365250026e-07,4.167821031823685e-07,4.3058781043912686e-07,4.49288737199012e-07,4.736721388738493e-07,5.047808568866437e-07,5.439529940659743e-07,5.928511788557978e-07,6.534625925640125e-07,7.280431730241942e-07,8.189736010714058e-07,9.284944432502882e-07,1.0582975405190737e-06,1.2089743327765635e-06,1.379360846954866e-06,1.5658704010405062e-06,1.7619589559709624e-06,1.957907958181453e-06,2.141114786662782e-06,2.297032727805913e-06,2.4107922070681375e-06,2.4693727475507077e-06,2.464013268857791e-06,2.3923980643566834e-06,2.2600938933121727e-06,2.0807826827343015e-06,1.8750428917787645e-06,1.6677440213939943e-06,1.4844557919463424e-06,1.347539654727057e-06,1.2727017327819917e-06,1.2667023638218537e-06,1.3266570687850492e-06,1.4410003748995604e-06,1.5918203066668177e-06,1.7580049040393086e-06,1.9185338449064615e-06,2.055307163558825e-06,2.1550900602651347e-06,2.2103999527625692e-06,2.219397844754415e-06,2.1850174175219174e-06,2.1136477164241825e-06,2.01368317650462e-06,1.8941918903450082e-06,1.7638608696152528e-06,1.6302840218296525e-06,1.499583900744126e-06,1.376310490274488e-06,1.2635389592297986e-06,1.1630876571688327e-06,1.0757898179860973e-06,1.0017702616856593e-06,9.406964842596008e-07,8.919887437855327e-07,8.549848002607631e-07,8.290618386489797e-07,8.137214784213196e-07,8.086445613517345e-07
2026-03-30 14:29:30.838838,[65.20699859],2.2459910851075324e-09,2.2535775302935684e-09,2.276318381241776e-09,2.314134039186189e-09,2.366812602601032e-09,2.433895913897257e-09,2.514531677617922e-09,2.607307240418038e-09,2.710089666635111e-09,2.8199072752104037e-09,2.932917837490219e-09,3.044514866406669e-09,3.1496214544723403e-09,3.2432062148811873e-09,3.321024419151785e-09,3.3805388297688046e-09,3.421913502229846e-09,3.448910877250438e-09,3.4694747143854416e-09,3.4957688961668168e-09,3.543482607680249e-09,3.630314242811786e-09,3.773702107372691e-09,3.988053158689979e-09,4.281889159032682e-09,4.655433755119238e-09,5.099163103887894e-09,5.593718579423562e-09,6.1113472908553256e-09,6.618741808902495e-09,7.0808635629047035e-09,7.465126284110764e-09,7.745239483211135e-09,7.90408574233305e-09,7.93520871552155e-09,7.842768191647759e-09,7.640105735495857e-09,7.347294715575145e-09,6.988178038757491e-09,6.587411177648792e-09,6.167941561497266e-09,5.749203278498174e-09,5.346131913119466e-09,4.968948092610905e-09,4.623547342362154e-09,4.312279388705392e-09,4.0348984018303324e-09,3.789502849497179e-09,3.573341328319631e-09,3.3834217230525497e-09,3.216912721990998e-09,3.0713624834319177e-09,2.944777971754086e-09,2.835612862099917e-09,2.742706520313691e-09,2.6652061641637733e-09,2.6024927803803353e-09,2.5541212486368637e-09,2.519777643288396e-09,2.4992520873101026e-09,2.492423459587101e-09
2026-03-30 14:29:31.033892,[66.3279313],2.3855826780311694e-09,2.393301735709718e-09,2.4164460622726602e-09,2.4549565311645777e-09,2.5086672144485678e-09,2.5772090906915576e-09,2.6598863053132467e-09,2.755539204345843e-09,2.8624159706248077e-09,2.978083197709414e-09,3.099413332803928e-09,3.2226907558340283e-09,3.3438747251783288e-09,3.459042877678774e-09,3.565011006053269e-09,3.660083824604627e-09,3.7448420083040785e-09,3.8228225526974776e-09,3.900916248461547e-09,3.989303075815991e-09,4.100785892257202e-09,4.249468996669292e-09,4.448852688868283e-09,4.709555918051171e-09,5.037004283440068e-09,5.429494971966495e-09,5.877045912438818e-09,6.361342390463411e-09,6.85692155909638e-09,7.333515853701891e-09,7.759256439064034e-09,8.104266195480644e-09,8.344087347223731e-09,8.462411182899705e-09,8.4527019195672e-09,8.318506471097507e-09,8.072473611440081e-09,7.734321073523616e-09,7.328144607046928e-09,6.879531639250438e-09,6.4129178890728155e-09,5.949523286536665e-09,5.506054794125624e-09,5.094205625060271e-09,4.720846703880758e-09,4.388719399143189e-09,4.09740603926188e-09,3.844370220554391e-09,3.6259070451709326e-09,3.437905688984545e-09,3.276386771717953e-09,3.1378239743048484e-09,3.019288597856853e-09,2.918467939435181e-09,2.8336074199737517e-09,2.7634174951716413e-09,2.7069742809314267e-09,2.663631037878605e-09,2.6329482050200065e-09,2.614643297552802e-09,2.6085585680951465e-09
2026-03-30 14:29:31.230484,[69.94746129],5.014270283190255e-09,5.031256417629022e-09,5.082335867336821e-09,5.167859427663395e-09,5.288371322978266e-09,5.444550931776805e-09,5.637135528134045e-09,5.86682731804079e-09,6.134187430544717e-09,6.439517813787519e-09,6.7827293292047075e-09,7.163191406954191e-09,7.57955677219128e-09,8.029555932441169e-09,8.509762466032583e-09,9.015343130097491e-09,9.539826039063228e-09,1.0074942342590194e-08,1.0610615268039446e-08,1.1135175865471152e-08,1.1635868044505482e-08,1.2099661089391748e-08,1.2514318264337229e-08,1.2869588270516118e-08,1.3158314539954358e-08,1.3377222116215115e-08,1.3527164885366754e-08,1.3612704551522868e-08,1.3641033742467792e-08,1.3620415614443856e-08,1.3558446307994844e-08,1.3460512239374145e-08,1.3328786779289305e-08,1.3161993064389517e-08,1.2955981968611051e-08,1.2704985347461146e-08,1.2403255683271672e-08,1.204673157445024e-08,1.1634387129061175e-08,1.1169019124069942e-08,1.0657366325425054e-08,1.0109600780268453e-08,9.53834629277069e-09,8.957443444078084e-09,8.38068887029047e-09,7.820738842996248e-09,7.28830178706761e-09,6.791671337333784e-09,6.33658744046081e-09,5.926367903621163e-09,5.562229796218219e-09,5.2437168384715974e-09,4.969159771463003e-09,4.7361151906676264e-09,4.541748712982463e-09,4.383146593265052e-09,4.257553839298048e-09,4.16254589904486e-09,4.096145574936299e-09,4.05689794815461e-09,4.043914870590677e-09
2026-03-30 14:29:31.396084,[97.94027036],1.0707764558433494e-06,1.0759773180304735e-06,1.0917722379211365e-06,1.1187474955828116e-06,1.1579115707393166e-06,1.2107429987663635e-06,1.2792568347176534e-06,1.366084024809877e-06,1.4745491380445304e-06,1.6087184581774606e-06,1.7733731876717402e-06,1.973844385970235e-06,2.2156329802623212e-06,2.5037383824875873e-06,2.8416433517673367e-06,3.229960145590719e-06,3.6648374404752074e-06,4.136351493934306e-06,4.627235328308546e-06,5.112396708322608e-06,5.559689455620433e-06,5.93228720709393e-06,6.192742201299348e-06,6.3084162945056715e-06,6.257523953445595e-06,6.0346506717571775e-06,5.6544442250478974e-06,5.152327989249562e-06,4.5815825057835545e-06,4.006901567325374e-06,3.4953689165249317e-06,3.1064855008018193e-06,2.88319355807813e-06,2.8456808752906406e-06,2.9891384032460215e-06,3.285755705663051e-06,3.6903201478366182e-06,4.148082289851684e-06,4.603225202964006e-06,5.006368286000938e-06,5.3199644826257824e-06,5.521053361491204e-06,5.601433914219857e-06,5.565780078922184e-06,5.428467213786703e-06,5.209908543574663e-06,4.933068725131624e-06,4.620602421511591e-06,4.29283141481952e-06,3.966576468002591e-06,3.6547260407136074e-06,3.366356365562371e-06,3.1072044936487592e-06,2.8803193376262076e-06,2.6867571869491484e-06,2.5262333158313526e-06,2.3976810767511767e-06,2.299699994048502e-06,2.2308940595317845e-06,2.1901119462465513e-06,2.176604312351083e-06
2026-03-30 14:29:31.445110,[69.58082451],4.7593447758059255e-09,4.77905346466925e-09,4.8380726686028205e-09,4.93601250514845e-09,5.071996088218026e-09,5.244334539267491e-09,5.450110115305845e-09,5.684720306641621e-09,5.9414683745988125e-09,6.21132450016242e-09,6.483018864402024e-09,6.743650179146937e-09,6.9799817615835026e-09,7.1805312831313465e-09,7.338423001225684e-09,7.454759344477036e-09,7.542003132266246e-09,7.626595482560417e-09,7.74985205832019e-09,7.966183335356347e-09,8.337961909735376e-09,8.92694681709073e-09,9.783014231912001e-09,1.093186763189434e-08,1.2364149241196263e-08,1.4028662818763784e-08,1.5832032328827037e-08,1.7646020129298604e-08,1.932209971821282e-08,2.0711118617236896e-08,2.1684496418180428e-08,2.2152821061344395e-08,2.207815260493835e-08,2.1477726606277412e-08,2.0418686416938335e-08,1.9005419317285395e-08,1.7362500940833866e-08,1.561683178020087e-08,1.3882224925787872e-08,1.2248686087195443e-08,1.0777287004740309e-08,9.500264089511891e-09,8.425068066412364e-09,7.54067678376572e-09,6.824531044382818e-09,6.248822260452677e-09,5.785371875174178e-09,5.408838048290158e-09,5.098363294416146e-09,4.8379988261605055e-09,4.616318542778365e-09,4.425607503160695e-09,4.2609235166395045e-09,4.119226682622061e-09,3.998677542709353e-09,3.898133486651594e-09,3.81682804319833e-09,3.754195117230508e-09,3.709793846897534e-09,3.683293201952453e-09,3.6744836812201768e-09
2026-03-30 14:29:31.589691,[92.82319437],3.3397360258868023e-07,3.355818097006828e-07,3.4046839259934804e-07,3.4882219685215686e-07,3.6096799753810126e-07,3.773819227106969e-07,3.9871308409820793e-07,4.258097788448337e-07,4.5974579888188637e-07,5.018380166470859e-07,5.536407324328487e-07,6.168961780313638e-07,6.934159114597816e-07,7.848674318942596e-07,8.924476648126331e-07,1.016443227601237e-06,1.1557080261713657e-06,1.3071295598972806e-06,1.4651989227422068e-06,1.6218329403845199e-06,1.7666035893621406e-06,1.8874941732036848e-06,1.9722157056798926e-06,2.009987039251431e-06,1.9935331611676824e-06,1.9209283331429888e-06,1.7968509763689234e-06,1.632862324923134e-06,1.4464816497840845e-06,1.2590816615595589e-06,1.0929084880690292e-06,9.677627964502323e-07,8.979904298985016e-07,8.903830620623499e-07,9.433904223344137e-07,1.0477504817498543e-06,1.1883353671988795e-06,1.3467714165908252e-06,1.5042779921334195e-06,1.644196178949821e-06,1.7538190918670256e-06,1.8253370307571858e-06,1.855913448359285e-06,1.8470638897728179e-06,1.8035947682391507e-06,1.7323711548639305e-06,1.641139649648847e-06,1.537559099309289e-06,1.4285129044859286e-06,1.319709730360622e-06,1.215533674923158e-06,1.1190816554221069e-06,1.0323210647369202e-06,9.56308448345416e-07,8.914238648725888e-07,8.375908407401629e-07,7.944653071928044e-07,7.615871401569362e-07,7.384946263806115e-07,7.24805770734435e-07,7.202715523537847e-07
2026-03-30 14:29:31.640925,[66.34895355],2.209225534886409e-09,2.2172427021817924e-09,2.241424390662899e-09,2.282157773385463e-09,2.340076062510908e-09,2.416037601329272e-09,2.511090904719566e-09,2.6264198615925922e-09,2.7632618739747485e-09,2.9227910319732495e-09,3.1059592732508224e-09,3.313291777896829e-09,3.5446394673876017e-09,3.7989018114257845e-09,4.073746629090484e-09,4.36536818314176e-09,4.668336950706221e-09,4.9755990964144795e-09,5.2786758668009164e-09,5.568089632768938e-09,5.834004772884775e-09,6.067024008810684e-09,6.2590353737539195e-09,6.403975703823799e-09,6.498375716851119e-09,6.541584903714155e-09,6.5356366473323315e-09,6.4847896651744e-09,6.394849244495133e-09,6.272410362351108e-09,6.12416348513474e-09,5.956365371512105e-09,5.77451720840557e-09,5.58323297798335e-09,5.386241549690432e-09,5.18645597293607e-09,4.986059473782923e-09,4.786586821221459e-09,4.589006403586679e-09,4.393821251638674e-09,4.2012034139199204e-09,4.011160599385451e-09,3.823716186784649e-09,3.6390723230587083e-09,3.4577255023863416e-09,3.2805141240152696e-09,3.1085935544090573e-09,2.9433502943220307e-09,2.7862781800541416e-09,2.6388438158175474e-09,2.5023659403349366e-09,2.377926292352773e-09,2.2663205409647255e-09,2.1680494453764177e-09,2.083344171689526e-09,2.012216185991694e-09,1.9545211336642052e-09,1.910026922906164e-09,1.878478050554932e-09,1.859650341089743e-09,1.853392236728673e-09
2026-03-30 14:29:31.833162,[67.08112834],2.1570180279417556e-09,2.1629427082930787e-09,2.1806771318617617e-09,2.2100997828318312e-09,2.251001984103726e-09,2.3030877135216947e-09,2.3659894978457436e-09,2.4393116452193e-09,2.522707612288618e-09,2.6159876106721894e-09,2.7192351499559815e-09,2.8328888030339134e-09,2.9577231852126516e-09,3.094650074123439e-09,3.244268962265604e-09,3.406138229385415e-09,3.577819921677012e-09,3.75386647362836e-09,3.925041823811569e-09,4.078158553567657e-09,4.196912682419548e-09,4.2639622355089e-09,4.264210925660038e-09,4.188864965586774e-09,4.039430687864978e-09,3.830556543290357e-09,3.5906344058920635e-09,3.3594374590071674e-09,3.182747638972112e-09,3.1047512197853273e-09,3.159706577057497e-09,3.3647606080571503e-09,3.7156518304083122e-09,4.186395713963546e-09,4.733081145099324e-09,5.300908096143668e-09,5.832864102351569e-09,6.278170039124819e-09,6.598860674431597e-09,6.773479835628e-09,6.797642304835549e-09,6.681911925111247e-09,6.447900301066641e-09,6.123639806331719e-09,5.739165099934927e-09,5.322949218375141e-09,4.899500226812726e-09,4.488127061736913e-09,4.102681687892859e-09,3.751990118973132e-09,3.4406784406356513e-09,3.170149329186676e-09,2.9395373843382677e-09,2.7465437581798293e-09,2.588108498517631e-09,2.460918261820964e-09,2.361769053045865e-09,2.2878126424898876e-09,2.236715969058496e-09,2.2067590273671904e-09,2.1968910813121625e-09
2026-03-30 14:29:31.888201,[65.89374709],1.99591319027863e-09,2.004452449477136e-09,2.030104317782078e-09,2.0729511612326846e-09,2.133064233093414e-09,2.210406265801387e-09,2.304700017995151e-09,2.4152714249222625e-09,2.540883305819957e-09,2.679585396763686e-09,2.828617706348031e-09,2.9844143830846447e-09,3.1427604261795924e-09,3.2991483348073842e-09,3.449360504043082e-09,3.5902617275854884e-09,3.7207247108587967e-09,3.842537330263095e-09,3.961069795637029e-09,4.085437442446007e-09,4.2279086887377e-09,4.402400363417431e-09,4.622079704523514e-09,4.896332064480517e-09,5.227603078475054e-09,5.608808051474744e-09,6.02204136503625e-09,6.439162769207331e-09,6.824486675604353e-09,7.1393222098121335e-09,7.347628488262814e-09,7.421704894556238e-09,7.346746089983528e-09,7.1233007947972625e-09,6.767134586476758e-09,6.306583019106531e-09,5.778027710009642e-09,5.220487971112297e-09,4.670412108587086e-09,4.157579389248083e-09,3.7026647401087115e-09,3.3165929525632765e-09,3.0014347991430904e-09,2.752354771040359e-09,2.5600374897267268e-09,2.4130773854764117e-09,2.2999637224033356e-09,2.2104719516343516e-09,2.1364339856566707e-09,2.071975107024003e-09,2.0133651868411527e-09,1.9586435987574214e-09,1.907155807002441e-09,1.8591017135840465e-09,1.8151551202513011e-09,1.7761788485917538e-09,1.7430351088770487e-09,1.7164759490796278e-09,1.6970922977956165e-09,1.6852997209048652e-09,1.6813421517064376e-09
2026-03-30 14:29:32.038327,[95.14821034],5.776163516694922e-07,5.806101139038933e-07,5.897057565576099e-07,6.052502099254382e-07,6.278345984383103e-07,6.58313433651773e-07,6.978301288896952e-07,7.478451041201285e-07,8.10158391809335e-07,8.869122502290913e-07,9.805512882652895e-07,1.0937094599783077e-06,1.2289877857018416e-06,1.3885879551738969e-06,1.5737800459617665e-06,1.784211876344154e-06,2.017114654024513e-06,2.2665207499740396e-06,2.5226730888332896e-06,2.771852225123679e-06,2.9968519932015035e-06,3.178274828284137e-06,3.2966823957796056e-06,3.3354367879866773e-06,3.283840300152348e-06,3.139989408181416e-06,2.9126715879164795e-06,2.6217077959824107e-06,2.2963948923691427e-06,1.9720919224642696e-06,1.6854303655436712e-06,1.4689907301944172e-06,1.3464652944799397e-06,1.3292571629731904e-06,1.4151599659126513e-06,1.5893029490212908e-06,1.8270599119148083e-06,2.0982366180228726e-06,2.3716602433274705e-06,2.6193231457063006e-06,2.8194447153051573e-06,2.9581286880796346e-06,3.0296158732006685e-06,3.0353871076348966e-06,2.9825161075757663e-06,2.881702039318021e-06,2.7453513298908063e-06,2.585966119034388e-06,2.4149716247912064e-06,2.2420058064288426e-06,2.0746178796035734e-06,1.9182808665676533e-06,1.7766122281098586e-06,1.6517063656096171e-06,1.5445035973065823e-06,1.4551441254186813e-06,1.3832772541434889e-06,1.3283130274383525e-06,1.2896148342678544e-06,1.2666378897426535e-06,1.2590209068102873e-06
2026-03-30 14:29:32.090522,[67.01173665],2.391229683676798e-09,2.3988360042661724e-09,2.4216731173364696e-09,2.459773841934545e-09,2.5131218980941154e-09,2.5815500787792324e-09,2.664609241457308e-09,2.761424587204591e-09,2.8705663056199015e-09,2.9899744427660234e-09,3.1169903440793147e-09,3.248554828276232e-09,3.3816300958496623e-09,3.5138810617377737e-09,3.6446062314200903e-09,3.775836607452451e-09,3.913429646214559e-09,4.067891255467446e-09,4.254590931210349e-09,4.4930292990572436e-09,4.804906925209722e-09,5.210944931179626e-09,5.7267069655026375e-09,6.358013720495068e-09,7.096834690249005e-09,7.918680876635677e-09,8.78241885322045e-09,9.633049662944754e-09,1.040739700229255e-08,1.1041962866556426e-08,1.1481621530224907e-08,1.1687514785925233e-08,1.1642594170081068e-08,1.1353727870402268e-08,1.0850030934367185e-08,1.0177885587226874e-08,9.393777110166657e-09,8.556417833079669e-09,7.719607309506583e-09,6.926931133489713e-09,6.208866004284264e-09,5.5822962743582415e-09,5.051996438738821e-09,4.61337604765939e-09,4.25573181260971e-09,3.965364872880821e-09,3.728128860884292e-09,3.531203938737226e-09,3.364088010374583e-09,3.218929164188673e-09,3.090387714971742e-09,2.9752236266024837e-09,2.8717752019358805e-09,2.7794476840447287e-09,2.6982814797007896e-09,2.628628729086202e-09,2.5709379592571528e-09,2.5256295898383025e-09,2.4930378730516104e-09,2.473394449071833e-09,2.4668323031902956e-09
2026-03-30 14:29:32.246197,[97.10781621],9.328172537713718e-07,9.376057810451777e-07,9.52150642820727e-07,9.76995210548355e-07,1.0130635865261798e-06,1.0616880584722516e-06,1.1246454506432518e-06,1.2041966843277987e-06,1.3031172393729493e-06,1.424696471966521e-06,1.5726715645968283e-06,1.7510494656991709e-06,1.963761758002929e-06,2.214099315215609e-06,2.503893489395935e-06,2.8324552422240314e-06,3.195355719616065e-06,3.5832255597395135e-06,3.9808482208578005e-06,4.366894911844207e-06,4.714657396835778e-06,4.994044627074273e-06,5.1749022059096495e-06,5.231405787299374e-06,5.146928338817772e-06,4.918481351894491e-06,4.559690588582051e-06,4.101375117421334e-06,3.5891812709430563e-06,3.078322845636583e-06,2.6261556459434684e-06,2.2838824506137956e-06,2.0889704198608427e-06,2.0597672951591365e-06,2.1933382075465785e-06,2.466835984020467e-06,2.8419600019186895e-06,3.27145325118221e-06,3.7062775781049624e-06,4.102139049532819e-06,4.424355123342699e-06,4.650539629654577e-06,4.771085666712304e-06,4.7878295873665205e-06,4.711512993863427e-06,4.558714291339361e-06,4.348832881453644e-06,4.101536962993051e-06,3.834890816126306e-06,3.564205777662276e-06,3.3015365329173973e-06,3.0556770340054017e-06,2.832490743504117e-06,2.635423648826585e-06,2.4660802872023127e-06,2.3247802468104673e-06,2.211046824802637e-06,2.124006361930199e-06,2.0626949989916833e-06,2.0262799218517762e-06,2.0142062025192036e-06
2026-03-30 14:29:32.302203,[68.40423623],3.1036638460752766e-09,3.1123609846513723e-09,3.1385540697878243e-09,3.1825274368520603e-09,3.2446870624389644e-09,3.3254629396970245e-09,3.4251835789310942e-09,3.54393964893184e-09,3.681465748061315e-09,3.837084015559883e-09,4.00976786674958e-09,4.1983931920833656e-09,4.402240101463252e-09,4.621781608372166e-09,4.859738721871095e-09,5.122291901930873e-09,5.420224835233426e-09,5.76966061832274e-09,6.1919703731225624e-09,6.71243716296241e-09,7.357387112774989e-09,8.149775125255258e-09,9.103612092686281e-09,1.0218067640741412e-08,1.1472453211924681e-08,1.2823441976610266e-08,1.420570060886452e-08,1.55365595652066e-08,1.672451387631014e-08,1.7680418255922546e-08,1.8329475904162184e-08,1.8621760968543247e-08,1.8539199134672993e-08,1.8097638958939024e-08,1.7343696896295055e-08,1.63471656921908e-08,1.5190643117727245e-08,1.39584555591418e-08,1.2726854024519066e-08,1.1556935153470948e-08,1.0490978895629973e-08,9.552121923950504e-09,8.746686802491481e-09,8.068162661461773e-09,7.501791627180016e-09,7.0288923266262524e-09,6.630347821213085e-09,6.289001707526354e-09,5.990970240720105e-09,5.726053303071014e-09,5.4875084796883035e-09,5.271457934533263e-09,5.076154344366707e-09,4.901266684475004e-09,4.74727983298648e-09,4.615046293999156e-09,4.505488985521386e-09,4.419430895322103e-09,4.3575174762315666e-09,4.3201969628490265e-09,4.3077286650741225e-09
2026-03-30 14:29:32.451930,[98.15508428],1.210484232502053e-06,1.2167871774876882e-06,1.2359194536282463e-06,1.2685565795572833e-06,1.3158417945142853e-06,1.379411838671291e-06,1.4614307211351478e-06,1.5646250312263607e-06,1.6923067583588818e-06,1.8483583598735934e-06,2.0371406839576773e-06,2.2632698250431476e-06,2.531198966098637e-06,2.8445431630477214e-06,3.205107872695873e-06,3.6116340403820852e-06,4.058357177555675e-06,4.533588774584878e-06,5.018645364707203e-06,5.487538418291458e-06,5.90785185862792e-06,6.243130471919482e-06,6.456859340293785e-06,6.517748322533846e-06,6.4056134714159495e-06,6.116781130921662e-06,5.667761502884296e-06,5.096054208781309e-06,4.457395986620784e-06,3.819475923840857e-06,3.252962584564157e-06,2.8213872105325713e-06,2.571795956311665e-06,2.5279949765100356e-06,2.68767205485333e-06,3.023830506122666e-06,3.4900481977627975e-06,4.028321981854148e-06,4.577855117536616e-06,5.0831564007974046e-06,5.500187140913201e-06,5.799871151652957e-06,5.968898554316925e-06,6.008256814574927e-06,5.930224064723335e-06,5.754643279209769e-06,5.5052011269111265e-06,5.206232763043156e-06,4.880337384454959e-06,4.54687701489221e-06,4.221276011268618e-06,3.914950627693588e-06,3.6356687947344105e-06,3.388153278502153e-06,3.1747780386689543e-06,2.996252269880636e-06,2.8522285713541483e-06,2.7418051886336966e-06,2.6639154516871846e-06,2.6176110281558485e-06,2.6022512788232365e-06
2026-03-30 14:29:32.505206,[69.86154711],3.804311731876564e-09,3.8144638624176396e-09,3.845096955322139e-09,3.896719578920954e-09,3.9701071900294226e-09,4.06619343563156e-09,4.185920059835191e-09,4.330054407468837e-09,4.49899539179696e-09,4.692606014203731e-09,4.910131338154387e-09,5.150280632388087e-09,5.411563141062953e-09,5.6929574246022884e-09,5.994952195455545e-09,6.320912967613858e-09,6.678603868450334e-09,7.081543692506226e-09,7.549735715314878e-09,8.109235838705524e-09,8.790073890532185e-09,9.622264890599068e-09,1.0630047455436571e-08,1.1825010374509318e-08,1.319929413942051e-08,1.4720414353251287e-08,1.632928309717902e-08,1.794260253741816e-08,1.9459993275690832e-08,2.0775161050656055e-08,2.1789373289381074e-08,2.2424816554826094e-08,2.2635269342942928e-08,2.241202428633862e-08,2.1784008365901767e-08,2.0812300619985595e-08,1.9580391483410206e-08,1.818227323360487e-08,1.671064311809292e-08,1.5247158682633522e-08,1.385597254871824e-08,1.2580928382763193e-08,1.1446048140692812e-08,1.0458436755399787e-08,9.61252852485361e-09,8.894664521473802e-09,8.28723211108099e-09,7.77191083208249e-09,7.3318650343526635e-09,6.952947989626785e-09,6.6241151669576134e-09,6.337293585115712e-09,6.086942114991027e-09,5.8694906627976905e-09,5.682787034727006e-09,5.525624606372435e-09,5.397379987842496e-09,5.297760169812711e-09,5.2266419711669566e-09,5.183980085671489e-09,5.169760429331758e-09
2026-03-30 14:29:32.650768,[93.03268464],3.74284586923755e-07,3.762084591234692e-07,3.820507570130081e-07,3.920249235161446e-07,4.0649140249740696e-07,4.259647016949792e-07,4.5112276687349363e-07,4.828169190038095e-07,5.220783585788095e-07,5.701138447869908e-07,6.28278786369267e-07,6.980113471257894e-07,7.807077302596549e-07,8.775188341767546e-07,9.890548128467873e-07,1.1149994351909929e-06,1.253661864845922e-06,1.4015279836056775e-06,1.5529107169595e-06,1.6998282273046937e-06,1.8322460908304892e-06,1.938790661425182e-06,2.007967645543479e-06,2.029806375924752e-06,1.9977162326874998e-06,1.91022184282752e-06,1.7721799907236097e-06,1.5951092665956297e-06,1.3963977345105882e-06,1.1973767071275202e-06,1.020509970579362e-06,8.861769973288838e-07,8.096567627524251e-07,7.989021665864763e-07,8.535322950631415e-07,9.652035965159479e-07,1.1192246599613131e-06,1.2970319105446335e-06,1.4790050421306451e-06,1.647094989326155e-06,1.7868479510738771e-06,1.888591545641171e-06,1.9477475501747826e-06,1.9644007718209885e-06,1.942355513963266e-06,1.8879427442335153e-06,1.808814136837836e-06,1.7128958367307483e-06,1.6075989662079541e-06,1.499314674994541e-06,1.3931702125057238e-06,1.2929926139655123e-06,1.2014159456774404e-06,1.1200713924040257e-06,1.0498108273583524e-06,9.909287675620692e-07,9.433612220544403e-07,9.068509285426806e-07,8.810761670113754e-07,8.657448903535193e-07,8.606578972548923e-07
2026-03-30 14:29:32.702313,[65.84810559],2.3706037714396004e-09,2.37665296658145e-09,2.394778205784547e-09,2.4249103074064964e-09,2.4669279045569984e-09,2.520651997245412e-09,2.5858451245545142e-09,2.6622206822268944e-09,2.7494674395210163e-09,2.847292057241672e-09,2.955478017370572e-09,3.073952883431415e-09,3.2028479536033085e-09,3.3425268020901335e-09,3.493554512736148e-09,3.65658072345231e-09,3.832119736978863e-09,4.020231149803035e-09,4.220133023289345e-09,4.429811115532382e-09,4.645713183417428e-09,4.862626352990226e-09,5.073819365779616e-09,5.271487291825454e-09,5.447470093972909e-09,5.5941435423465285e-09,5.7053226819162105e-09,5.776994974782942e-09,5.807724548181104e-09,5.798638550037634e-09,5.753003978460769e-09,5.675500608150207e-09,5.5713638368092586e-09,5.44559067531767e-09,5.302369077525965e-09,5.144818560781124e-09,4.975043084172848e-09,4.7944218799550615e-09,4.604019762269813e-09,4.4049923585760585e-09,4.198888177740489e-09,3.9877945609841005e-09,3.77432227162164e-09,3.561460907648325e-09,3.352357820471299e-09,3.150076534399419e-09,2.9573810528522845e-09,2.776576067540027e-09,2.609415708994415e-09,2.457079082292275e-09,2.3202012976176006e-09,2.198944151975397e-09,2.0930900813623104e-09,2.002145093963633e-09,1.9254397791406724e-09,1.8622211325562556e-09,1.8117311857935813e-09,1.7732709505958305e-09,1.7462498959981875e-09,1.7302221321064405e-09,1.7249108112445936e-09
2026-03-30 14:29:32.850748,[94.18506945],5.085054116570578e-07,5.111403669595619e-07,5.191404265991501e-07,5.327923288693208e-07,5.525777836855908e-07,5.791788781314567e-07,6.134844381208335e-07,6.56594778497603e-07,7.09819625557394e-07,7.746601180017721e-07,8.527609205351303e-07,9.458134734632192e-07,1.0553879601719102e-06,1.1826723342300223e-06,1.3281049764440887e-06,1.4909063224245486e-06,1.668545558619403e-06,1.856219215416702e-06,2.04646206467689e-06,2.229044378456136e-06,2.391316493336716e-06,2.5191252234645466e-06,2.5983374827954893e-06,2.6168693285416763e-06,2.5669573672590767e-06,2.447265739929579e-06,2.264346087744452e-06,2.0330030476438505e-06,1.7752815083455073e-06,1.5180631456458092e-06,1.2895783191654951e-06,1.115419817223192e-06,1.0148029478184793e-06,9.977982585018848e-07,1.0640658489935778e-06,1.2032949624419125e-06,1.3971881713273133e-06,1.6225231302818983e-06,1.8546507995127604e-06,2.0707775191532092e-06,2.252511322965e-06,2.3873761637372175e-06,2.469242558726608e-06,2.497828709022913e-06,2.4775547468446847e-06,2.4160747631087214e-06,2.3227803722772055e-06,2.207492781148514e-06,2.0794670983068708e-06,1.9467467605282328e-06,1.8158417278910074e-06,1.6916661946453646e-06,1.57765749802439e-06,1.4760013157103362e-06,1.387901794371436e-06,1.3138526063555479e-06,1.253881639826906e-06,1.2077556154580302e-06,1.1751405060712517e-06,1.1557193708580249e-06,1.1492717920153151e-06
2026-03-30 14:29:32.903421,[66.51702297],2.008662840583278e-09,2.0148483560578053e-09,2.0335649783675173e-09,2.0652878315417274e-09,2.1107903328806767e-09,2.1711116995722373e-09,2.247502787614413e-09,2.341344018402585e-09,2.4540312520696944e-09,2.586830880637831e-09,2.740714643556381e-09,2.916197246899058e-09,3.113213693048144e-09,3.331084093486424e-09,3.568615473070142e-09,3.824375736887269e-09,4.09713932449554e-09,4.386447086250331e-09,4.693153220090592e-09,5.019768682428462e-09,5.3703804952471476e-09,5.749957917026416e-09,6.1629669581588394e-09,6.611398410567181e-09,7.092534652472457e-09,7.59697219401949e-09,8.107504093094554e-09,8.599388891728816e-09,9.042275339808792e-09,9.403661600378322e-09,9.653347280597347e-09,9.768016582900457e-09,9.734982230579244e-09,9.55427142352294e-09,9.238611462962753e-09,8.811364090267829e-09,8.302918728737079e-09,7.746356395597771e-09,7.173267743710188e-09,6.610457190957501e-09,6.077962588713597e-09,5.5884711299742806e-09,5.147915836953289e-09,4.756856283879207e-09,4.412198948221054e-09,4.1088735415120276e-09,3.8412062580585224e-09,3.603870634075702e-09,3.392414717020052e-09,3.2034404060737428e-09,3.034544748305421e-09,2.884132482376258e-09,2.7511876906230094e-09,2.635062940956459e-09,2.5353161394046087e-09,2.4516035540305227e-09,2.3836235832745743e-09,2.331098972223637e-09,2.293783417539258e-09,2.2714798087351663e-09,2.2640600880018583e-09
2026-03-30 14:29:33.051520,[95.3345781],6.375832451420146e-07,6.409610722696464e-07,6.512176601371894e-07,6.687235266922512e-07,6.941000503893881e-07,7.282245435984643e-07,7.722352787592894e-07,8.275328089765999e-07,8.957706863751859e-07,9.78824089545187e-07,1.0787192653811024e-06,1.1975011430673734e-06,1.3370130511788528e-06,1.4985642703810144e-06,1.6824719690432436e-06,1.8874873625754556e-06,2.110153168674837e-06,2.3441879272076335e-06,2.5800438285113098e-06,2.8048230918478027e-06,3.002743789167539e-06,3.156300014868223e-06,3.24815263424341e-06,3.263621660387278e-06,3.1934582384468924e-06,3.036402878692231e-06,2.800946824636666e-06,2.505756478128634e-06,2.1784177380270974e-06,1.852483438234346e-06,1.5631913420854274e-06,1.3425605561770792e-06,1.2147695494048694e-06,1.1927033032136686e-06,1.2763248224717122e-06,1.4531363869646053e-06,1.7005538258502129e-06,1.9896396822172023e-06,2.289419709020888e-06,2.570981373973758e-06,2.81070464727177e-06,2.9922413101564657e-06,3.107157128166333e-06,3.1544068944515614e-06,3.138977672950381e-06,3.070096108048813e-06,2.9593657130336293e-06,2.819111032496686e-06,2.6610930595412017e-06,2.4956539070064483e-06,2.331267001973476e-06,2.1744189046952373e-06,2.029728168749787e-06,1.900208240017652e-06,1.7875964525791906e-06,1.692691857009044e-06,1.61566520601211e-06,1.5563215988735659e-06,1.5143087110373169e-06,1.4892712203864989e-06,1.4809557329382146e-06
2026-03-30 14:29:33.107134,[68.17334051],2.6011609826510733e-09,2.6074821985638578e-09,2.6263982136797804e-09,2.6577515624214904e-09,2.7012324467486646e-09,2.7563124320569635e-09,2.8221628812027534e-09,2.897573339671403e-09,2.980894291553145e-09,3.07003983523194e-09,3.162596854014808e-09,3.2560942838067825e-09,3.3484832385967096e-09,3.438858873976869e-09,3.5284113188424702e-09,3.621522860713252e-09,3.7268366748382354e-09,3.858025061100745e-09,4.0339114649165735e-09,4.277588801125202e-09,4.614264418932634e-09,5.0677709499561115e-09,5.6560006018905714e-09,6.385891967190854e-09,7.248924745354285e-09,8.218239841231583e-09,9.248398682052304e-09,1.0278386755386573e-08,1.1237806725614626e-08,1.2055446619748406e-08,1.2668759258893182e-08,1.3032454828141134e-08,1.3124513648946982e-08,1.2948464246652871e-08,1.2531600130284228e-08,1.1919694523653032e-08,1.116947175189375e-08,1.0340433182334616e-08,9.487561859678177e-09,8.656016057629162e-09,7.878326748000733e-09,7.1740196991311286e-09,6.551135680648477e-09,6.008896288647124e-09,5.5407557928480894e-09,5.137232568212324e-09,4.788144559389274e-09,4.484105277982114e-09,4.217318247640744e-09,3.981816864981499e-09,3.773336581398588e-09,3.588995177409895e-09,3.426917262642057e-09,3.285890721723171e-09,3.16509898800502e-09,3.0639403463361947e-09,2.9819252471243815e-09,2.9186329923844442e-09,2.873706992347029e-09,2.8468699770854056e-09,2.8379446703646937e-09
2026-03-30 14:29:33.255045,[97.01867055],1.0124487801141167e-06,1.0178575995369902e-06,1.0342931839262766e-06,1.06238517960587e-06,1.1031900854363905e-06,1.1581999398915819e-06,1.2293495327673086e-06,1.3190147561687926e-06,1.4299893140811316e-06,1.5654197459800116e-06,1.7286702899827388e-06,1.9230813702713214e-06,2.1515817914266878e-06,2.416119907105216e-06,2.716898788010897e-06,3.0514396515852575e-06,3.413558038681095e-06,3.792413332416272e-06,4.17186980738888e-06,4.530462218055434e-06,4.842260247620283e-06,5.078844987136521e-06,5.2124320942291444e-06,5.2199124144357715e-06,5.0872784804111975e-06,4.813643063382906e-06,4.4139268996114905e-06,3.9193747918485574e-06,3.375382239504112e-06,2.8366367814132873e-06,2.3601849100502074e-06,1.9975663682634757e-06,1.7874551953028427e-06,1.7502100704518352e-06,1.8853593185559397e-06,2.1724236249043736e-06,2.5747789209578986e-06,3.045667098907134e-06,3.535116129669588e-06,3.996495107491123e-06,4.391673773940065e-06,4.694180069861253e-06,4.890223076730989e-06,4.977854461374926e-06,4.964803614981378e-06,4.8656173501214545e-06,4.698687035111624e-06,4.483604281641035e-06,4.23910721506994e-06,3.98171001597206e-06,3.7249782781621506e-06,3.4793327975687015e-06,3.2522314052876467e-06,3.0485809118928822e-06,2.871255155673328e-06,2.7216280227139913e-06,2.6000630444000465e-06,2.5063284835275407e-06,2.4399265662072933e-06,2.4003377286302075e-06,2.387186617840316e-06
2026-03-30 14:29:33.309249,[86.27044202],3.91135693499675e-08,3.901570784013622e-08,3.872171793519625e-08,3.823044049911448e-08,3.754014972989471e-08,3.664892070313838e-08,3.5555266528428104e-08,3.4259176262111995e-08,3.276372152106033e-08,3.107741373170422e-08,2.9217457577556155e-08,2.721392520447598e-08,2.5114638343284528e-08,2.2990178888281414e-08,2.0937980674707875e-08,1.908397631231272e-08,1.7579944124459777e-08,1.6594736556008112e-08,1.62981873373629e-08,1.683781354528477e-08,1.8310376973121783e-08,2.0732598677240755e-08,2.401721192977771e-08,2.7961327995985623e-08,3.2253114209013255e-08,3.649978777888369e-08,4.027529795151325e-08,4.318087322175775e-08,4.490736487149448e-08,4.5286503379210434e-08,4.431968116550257e-08,4.2177553228552705e-08,3.917040712356556e-08,3.5695988293210375e-08,3.21763179408251e-08,2.899668821631065e-08,2.6458217115001985e-08,2.4750934599536544e-08,2.3948893790937675e-08,2.4023900353878115e-08,2.4871324060488104e-08,2.6340543671823008e-08,2.8263591264850864e-08,3.047774518250394e-08,3.284029525836004e-08,3.523577291900002e-08,3.7577235989013296e-08,3.980368606937665e-08,4.187556242572451e-08,4.376977637176781e-08,4.5475177557838577e-08,4.69888488208244e-08,4.8313285889969556e-08,4.9454335981343625e-08,5.04197084418431e-08,5.121788281878671e-08,5.185728341849558e-08,5.2345637079919866e-08,5.26894689427662e-08,5.289371585375723e-08,5.2961450578401085e-08
2026-03-30 14:29:33.506386,[98.10109358],1.2877718090624489e-06,1.2947433755195528e-06,1.3159241804760266e-06,1.3521152332392845e-06,1.404659824833054e-06,1.4754531237051202e-06,1.5669486566156897e-06,1.6821517147628478e-06,1.8245828804050973e-06,1.9981858532918274e-06,2.207143549733748e-06,2.4555574670433607e-06,2.74694178738113e-06,3.0834916375884235e-06,3.4651112064772983e-06,3.888237763046135e-06,4.344573324811467e-06,4.8199298193709726e-06,5.293487647868043e-06,5.73783131762687e-06,6.120121541820833e-06,6.4046560937512654e-06,6.5568449355629674e-06,6.548295455361772e-06,6.362330524461146e-06,5.998943381929339e-06,5.478043439646961e-06,4.839960344726171e-06,4.142584015928634e-06,3.455171444577852e-06,2.8496034888512954e-06,2.3905280409233048e-06,2.126185988440626e-06,2.0816606238781185e-06,2.255814582220273e-06,2.622400727159354e-06,3.134962094114592e-06,3.734398837616334e-06,4.3576534355886426e-06,4.94592422259245e-06,5.4511237702977344e-06,5.839828094911073e-06,6.094553477461518e-06,6.212703447398458e-06,6.203855243533109e-06,6.086174507143515e-06,5.882687275530441e-06,5.617961535658103e-06,5.315526971993027e-06,4.996149830386645e-06,4.676916874139337e-06,4.370982114242673e-06,4.087788372832139e-06,3.833578526623605e-06,3.612041027412329e-06,3.424975344892357e-06,3.272903930018507e-06,3.1555914994114053e-06,3.0724572042470727e-06,3.0228805852851804e-06,3.0064096128588125e-06
2026-03-30 14:29:33.696608,[92.97291073],3.965000427729072e-07,3.986386244266124e-07,4.0513948730160734e-07,4.1625843252839855e-07,4.324230590523979e-07,4.5423376378134946e-07,4.824629959751841e-07,5.180498061982806e-07,5.620847928709457e-07,6.157780066612975e-07,6.803994858045759e-07,7.571795317364417e-07,8.471547905174374e-07,9.509484107088108e-07,1.0684800337349043e-06,1.1986158972549552e-06,1.3387914401139192e-06,1.4846666533726543e-06,1.6299028030077425e-06,1.7661691990946704e-06,1.883489080996946e-06,1.9710036145833216e-06,2.0181666595771817e-06,2.0162844186178225e-06,1.960200346052568e-06,1.8498259025520832e-06,1.6911669247462518e-06,1.49652355194265e-06,1.283661276529029e-06,1.0739474476272993e-06,8.896793072049982e-07,7.510358331918983e-07,6.732054590382653e-07,6.642346611095977e-07,7.240036258808958e-07,8.444989229338153e-07,1.011282145855429e-06,1.2058189231437441e-06,1.4081913373406586e-06,1.5996948185175572e-06,1.7649088992156536e-06,1.8929927247385064e-06,1.978140868894476e-06,2.0192963058216655e-06,2.0193244649863835e-06,1.983894671928308e-06,1.920300522460846e-06,1.836397622475574e-06,1.7397676293562062e-06,1.6371504405353729e-06,1.5341338119747983e-06,1.435056558764449e-06,1.343066948347106e-06,1.2602776889332827e-06,1.187967620553024e-06,1.1267928603724794e-06,1.0769830501532483e-06,1.0385092933743454e-06,1.0112184085321116e-06,9.949331990512908e-07,9.89520977034583e-07
2026-03-30 14:29:33.746198,[65.2049674],1.853635014650915e-09,1.8608479959151996e-09,1.8825335732676464e-09,1.9188163013753626e-09,1.9698535354802407e-09,2.0357636609748644e-09,2.116534045265058e-09,2.2119197960198016e-09,2.321350558431612e-09,2.4438694520476475e-09,2.5781342181352903e-09,2.7225131363109613e-09,2.875303953133457e-09,3.0350895767132027e-09,3.201217426084321e-09,3.3743506501063926e-09,3.556993872808739e-09,3.753853816215964e-09,3.9718707238755155e-09,4.219766137818493e-09,4.507008865357441e-09,4.842206647979418e-09,5.2310737134702774e-09,5.6742749385433575e-09,6.165564246842303e-09,6.690674754164498e-09,7.227350390408063e-09,7.746729032666338e-09,8.216024873546552e-09,8.602171925818284e-09,8.875855051975088e-09,9.015236024585585e-09,9.008717016358558e-09,8.856267600663947e-09,8.569127561189251e-09,8.16801353421084e-09,7.680225598019722e-09,7.13621167844269e-09,6.566177585146999e-09,5.997239369748922e-09,5.451441259759675e-09,4.9447584668069565e-09,4.487018647536242e-09,4.082543029947391e-09,3.731242739895205e-09,3.4299037751024652e-09,3.1734388268364065e-09,2.9559539183938258e-09,2.7715520446926754e-09,2.6148595593654903e-09,2.4813058936578134e-09,2.367211650447433e-09,2.2697470785382107e-09,2.186817579655411e-09,2.1169207954387797e-09,2.0590056356663494e-09,2.0123505464053946e-09,1.976468086990264e-09,1.951036001624952e-09,1.935851175126026e-09,1.9308015146328706e-09
2026-03-30 14:29:33.898664,[94.09814336],5.335260094112763e-07,5.364029237436531e-07,5.451489589209797e-07,5.60110241481454e-07,5.818640672827538e-07,6.11217965160195e-07,6.49204864450753e-07,6.970699584287329e-07,7.562424520733805e-07,8.282824295160147e-07,9.147899615397705e-07,1.017261159619109e-06,1.136875625708534e-06,1.2742036660163335e-06,1.4288320105014889e-06,1.5989254466239114e-06,1.7807690289004704e-06,1.9683687789138123e-06,2.153221472004211e-06,2.324385479908063e-06,2.468981298280743e-06,2.5732098654020597e-06,2.6238928964291353e-06,2.610417990684892e-06,2.5268334821627275e-06,2.3737194208895904e-06,2.15940389146313e-06,1.9001337922931174e-06,1.6189603956046397e-06,1.3433441728653922e-06,1.1017685668589718e-06,9.199045923374609e-07,8.170131835220043e-07,8.032608726339799e-07,8.78451021304561e-07,1.0323795077705272e-06,1.2466877180219652e-06,1.497794427599012e-06,1.7603119050399065e-06,2.010323067637689e-06,2.2280050535041626e-06,2.399284669773543e-06,2.5164410425419505e-06,2.5777726217745013e-06,2.5865807524632334e-06,2.5497767518788824e-06,2.4764027463034247e-06,2.376291449216171e-06,2.2590038708742436e-06,2.133100129426405e-06,2.0057323992066392e-06,1.8825069321503597e-06,1.7675431707164917e-06,1.6636570581372764e-06,1.572606040789023e-06,1.4953487468040345e-06,1.432288285238079e-06,1.38348174358512e-06,1.3488085494306962e-06,1.3280967912980075e-06,1.3212098754511898e-06
2026-03-30 14:29:33.949840,[66.8925185],2.0809891589836807e-09,2.0892597825126187e-09,2.1142531657132106e-09,2.156499688070013e-09,2.216835088905679e-09,2.2963250131251016e-09,2.396154952026865e-09,2.5174853814289626e-09,2.661277750703098e-09,2.8281066258948277e-09,3.0179861669177368e-09,3.2302530727641732e-09,3.463558975318217e-09,3.7160268455090804e-09,3.985611176778137e-09,4.270664700297925e-09,4.570653990503362e-09,4.886889684628142e-09,5.223061992127339e-09,5.5853262207783185e-09,5.98169739408393e-09,6.4206115101972165e-09,6.908696527621775e-09,7.4480400580504214e-09,8.03348122251318e-09,8.650608854167893e-09,9.275140374644552e-09,9.874145987217621e-09,1.0409194832717887e-08,1.084102457457318e-08,1.1134909972874064e-08,1.1265666477791317e-08,1.1221258670873627e-08,1.100429172244809e-08,1.063115844643579e-08,1.0129147598950845e-08,9.532237364580386e-09,8.87649508519909e-09,8.195952521898595e-09,7.51957613622966e-09,6.869605127699665e-09,6.261196280803232e-09,5.70307642256603e-09,5.198795966727415e-09,4.748190365641339e-09,4.348750163793894e-09,3.996725646073699e-09,3.6879079572348998e-09,3.4181113138777943e-09,3.1834243613348802e-09,2.980309153206899e-09,2.8056156406612896e-09,2.656559951907522e-09,2.5306948937356495e-09,2.4258857011370177e-09,2.3402943896741883e-09,2.2723713457343256e-09,2.22085141289979e-09,2.184752108991618e-09,2.163372571326634e-09,2.156292708922373e-09
2026-03-30 14:29:34.093929,[95.13334908],6.607433468194865e-07,6.644422542187688e-07,6.756900925120033e-07,6.949404202403831e-07,7.229492154776393e-07,7.607725270205178e-07,8.097578867202284e-07,8.715231723718968e-07,9.479135647368085e-07,1.0409237206326336e-06,1.152568861970652e-06,1.2846863040024945e-06,1.438649830373537e-06,1.6149856628373313e-06,1.81289311888887e-06,2.029697230114213e-06,2.2602944035988416e-06,2.4966919055620973e-06,2.727779103044412e-06,2.9394899270312953e-06,3.1155061892293786e-06,3.238596252139006e-06,3.2925772749647417e-06,3.2647405141505847e-06,3.148414836702278e-06,2.9452067722875264e-06,2.6663958914975247e-06,2.3330228879206702e-06,1.9743988580134835e-06,1.6250635419499075e-06,1.320564004791216e-06,1.0927246213320964e-06,9.652466331030218e-07,9.504539692090895e-07,1.0477866156036075e-06,1.244285293725294e-06,1.5169045578394752e-06,1.8361403277331559e-06,2.1702460249645677e-06,2.489277776395775e-06,2.7683406352234612e-06,2.9896499853484063e-06,3.1433011296664724e-06,3.2268859228915894e-06,3.244261195969689e-06,3.203842686730972e-06,3.11678034312003e-06,2.9952935199358666e-06,2.8513405058144353e-06,2.6956945334124735e-06,2.5374168310778824e-06,2.383664503414597e-06,2.2397464502965035e-06,2.1093381473324527e-06,1.99477790642293e-06,1.8973856785884325e-06,1.8177648390049812e-06,1.7560641807501664e-06,1.712189935371754e-06,1.6859658019541104e-06,1.677243263647274e-06
2026-03-30 14:29:34.141350,[66.84402657],3.097153491455519e-09,3.1067198322701005e-09,3.1355164392258944e-09,3.183829132934764e-09,3.2521107431023374e-09,3.340944314798725e-09,3.45098868407589e-09,3.5829037139611466e-09,3.737252164902282e-09,3.914375487467638e-09,4.114242204402427e-09,4.3362705255795034e-09,4.579131925507143e-09,4.840549880123191e-09,5.117117510975706e-09,5.404168283846303e-09,5.6957426973034144e-09,5.984697413632652e-09,6.262997213157847e-09,6.522210733358258e-09,6.754196765211908e-09,6.951921736444089e-09,7.1102991811219665e-09,7.226901782826465e-09,7.302381631327664e-09,7.340457775516169e-09,7.347396792894795e-09,7.331013876555735e-09,7.299337116840571e-09,7.2591751506420785e-09,7.214876863020442e-09,7.167550881076844e-09,7.114921305001109e-09,7.051855614509006e-09,6.971448562221691e-09,6.8664241523690515e-09,6.730559017975377e-09,6.559847186380078e-09,6.353207918432627e-09,6.112656815754917e-09,5.842980540419311e-09,5.551046920522938e-09,5.244927742553374e-09,4.933009726008586e-09,4.623231364777532e-09,4.3225272913912625e-09,4.036505146543044e-09,3.76933521934114e-09,3.523806138999543e-09,3.3014903146524276e-09,3.102966408364986e-09,2.928057259284367e-09,2.7760552567548964e-09,2.6459196389869274e-09,2.5364397607193574e-09,2.4463646135327386e-09,2.3745022362391713e-09,2.3197939132912455e-09,2.281368025651094e-09,2.2585777196639716e-09,2.25102560654231e-09
2026-03-30 14:29:34.285152,[96.95239289],1.0553035734713552e-06,1.0612557717967174e-06,1.0793589313550681e-06,1.110353138047718e-06,1.1554719678621123e-06,1.2164382068839418e-06,1.2954483032293538e-06,1.3951344955606357e-06,1.5184886507500397e-06,1.6687264375115036e-06,1.849065595815724e-06,2.062389639846961e-06,2.3107712300889e-06,2.5948412978419536e-06,2.9130144614262055e-06,3.2606206416596396e-06,3.629046032615453e-06,4.00504716959606e-06,4.370456189277551e-06,4.702523231981563e-06,4.97511968769527e-06,5.160933565373408e-06,5.234618624860846e-06,5.1766274004529974e-06,4.9772076047904e-06,4.639838031458935e-06,4.183299271250985e-06,3.641676623431397e-06,3.061896713939624e-06,2.4988656103264574e-06,2.008805538685039e-06,1.64184356143249e-06,1.4351556450545838e-06,1.4079279239070792e-06,1.559058036038874e-06,1.867963742312393e-06,2.298236864957683e-06,2.803338619333586e-06,3.333206020048357e-06,3.840587887349393e-06,4.286133152960115e-06,4.641629878451647e-06,4.891226388821256e-06,5.030848545308224e-06,5.0662863495853925e-06,5.010531987282928e-06,4.880925190134154e-06,4.696542433091637e-06,4.476104742249107e-06,4.236519255573629e-06,3.992041808567859e-06,3.753964684561008e-06,3.53069454631572e-06,3.3280812507098453e-06,3.1498763025494194e-06,2.9982283488133272e-06,2.8741533717789026e-06,2.777943536695849e-06,2.709498427415324e-06,2.668575262359129e-06,2.654961484194116e-06
2026-03-30 14:29:34.338175,[69.06627129],3.607714377858112e-09,3.621908467510926e-09,3.664824882789884e-09,3.7374417090554845e-09,3.8413058960874806e-09,3.97840214761163e-09,4.1509594092972004e-09,4.361191459086624e-09,4.610976594943447e-09,4.90149683758739e-09,5.232879541531686e-09,5.603911656351479e-09,6.01192344913201e-09,6.452954482298575e-09,6.9223066791381725e-09,7.415543208327734e-09,7.92989792532784e-09,8.465920180522448e-09,9.029014799504139e-09,9.630390215392107e-09,1.0286860316901086e-08,1.1019021557020082e-08,1.1847587986288503e-08,1.2788104553389106e-08,1.384479516481367e-08,1.5004792005400293e-08,1.6234258538796537e-08,1.747780851644252e-08,1.8662078400368367e-08,1.9703411475026267e-08,2.0518578027611915e-08,2.103658786326882e-08,2.1209230945783094e-08,2.1018167521664597e-08,2.0477150064179035e-08,1.9629079969273796e-08,1.8538755434263078e-08,1.7283030357494675e-08,1.5940466195678953e-08,1.4582379598879986e-08,1.3266592305406029e-08,1.2034400746746381e-08,1.0910538765599495e-08,9.90538332117115e-09,9.01842465870674e-09,8.242065829642639e-09,7.56504355686404e-09,6.975064190723074e-09,6.460531742129221e-09,6.011452602668542e-09,5.619715192503467e-09,5.278973380423607e-09,4.984336324468888e-09,4.7320131501140854e-09,4.519001724882897e-09,4.342860941419091e-09,4.201571252491578e-09,4.093468619995754e-09,4.017229291686447e-09,3.971882748195543e-09,3.956834113200944e-09
2026-03-30 14:29:34.491781,[97.91330075],1.3419162047846919e-06,1.3495426483839616e-06,1.3727352732350893e-06,1.4124335893116628e-06,1.4702005474280673e-06,1.5482121644031177e-06,1.6492301932008387e-06,1.7765434548113362e-06,1.933857604247351e-06,2.1251070127645648e-06,2.354157456264415e-06,2.6243667483755624e-06,2.937975741861242e-06,3.2953183758851743e-06,3.693870628727419e-06,4.127206494287325e-06,4.583992504012244e-06,5.0472224483556995e-06,5.493954363735792e-06,5.895838707506219e-06,6.220692856263371e-06,6.4352603847805446e-06,6.509087535125656e-06,6.419173713079357e-06,6.154759245444688e-06,5.721380305077314e-06,5.143235483218731e-06,4.463040057460309e-06,3.7389129853973274e-06,3.038399235979593e-06,2.430358527626954e-06,1.9759903996154196e-06,1.7205583250824938e-06,1.6873219632310167e-06,1.874780306063305e-06,2.2576645823190867e-06,2.7913676814265404e-06,3.418847178548022e-06,4.078644911945733e-06,4.712599874618439e-06,5.2720710276822435e-06,5.721934173930634e-06,6.042136564136227e-06,6.227055424041148e-06,6.283223329762626e-06,6.2261204468570096e-06,6.076707526690568e-06,5.858233522760375e-06,5.59365834025929e-06,5.303838328559292e-06,5.0064660492133e-06,4.715653041410313e-06,4.441994590950127e-06,4.19294826039367e-06,3.973378358315306e-06,3.786152397592499e-06,3.6327119469567164e-06,3.51357221047647e-06,3.4287289157912997e-06,3.3779670417661556e-06,3.361074528247959e-06
2026-03-30 14:29:34.546822,[70.46306583],4.1774851239805755e-09,4.188259672247255e-09,4.220475629555915e-09,4.273783791350107e-09,4.347516191447842e-09,4.440561864799486e-09,4.551204263701638e-09,4.676935873966259e-09,4.8142750324978386e-09,4.9586212250277275e-09,5.104196216143725e-09,5.244125687084803e-09,5.370714730099388e-09,5.475955154685519e-09,5.552268859840615e-09,5.59343890493408e-09,5.595614031850125e-09,5.558206923451049e-09,5.48446248132039e-09,5.38147407913002e-09,5.2594924517009356e-09,5.1305079697847665e-09,5.006273310965752e-09,4.896125041872005e-09,4.805096981735611e-09,4.732834594654336e-09,4.6736837133405525e-09,4.61805186050374e-09,4.554793377428178e-09,4.474056033403576e-09,4.369855913482988e-09,4.241689691173722e-09,4.094749142198737e-09,3.938696243571701e-09,3.785361856626154e-09,3.646016010491656e-09,3.528936802023187e-09,3.4378659675344143e-09,3.371644287887769e-09,3.324976391297217e-09,3.289991877209562e-09,3.258122015391675e-09,3.2218177695539794e-09,3.1757637666185823e-09,3.117432237670127e-09,3.0470055527208188e-09,2.9668281465613143e-09,2.880608272743817e-09,2.792582649789877e-09,2.7068044690652173e-09,2.626644097457728e-09,2.554524672764191e-09,2.491865418136114e-09,2.439178442182701e-09,2.3962576742265512e-09,2.3624053942335193e-09,2.3366557995458886e-09,2.317970595632852e-09,2.3053950298969113e-09,2.298172338806914e-09,2.2958199304761106e-09
2026-03-30 14:29:34.747471,[92.65715409],4.110864277967779e-07,4.1344058747757034e-07,4.2060638388710434e-07,4.3289378295514677e-07,4.508188495096103e-07,4.751007924013108e-07,5.066533238058071e-07,5.465653593112022e-07,5.960641790974638e-07,6.564522645489536e-07,7.290075823012765e-07,8.148368820772127e-07,9.146736897694416e-07,1.0286183893233975e-06,1.1558282622143676e-06,1.2941811268770028e-06,1.4399564963833747e-06,1.5876001063375933e-06,1.7296559347743359e-06,1.8569569149214428e-06,1.9591530491539796e-06,2.025616890245638e-06,2.046699777746922e-06,2.015224524264732e-06,1.9280080083229273e-06,1.7871351247989273e-06,1.600681189196471e-06,1.3826245101483712e-06,1.1518102702698235e-06,9.30005105692977e-07,7.392812770397964e-07,5.991392404668826e-07,5.238684067373811e-07,5.20626483219438e-07,5.885863990147772e-07,7.192869361003383e-07,8.980828165124108e-07,1.106382818692694e-06,1.324239253946854e-06,1.5328318466965623e-06,1.7164666813027914e-06,1.8638549313386615e-06,1.9686031283149662e-06,2.0289953911787454e-06,2.0472498201407192e-06,2.028475239293634e-06,1.9795459010883928e-06,1.908066482409834e-06,1.8215372162166094e-06,1.7267666550072154e-06,1.6295291067837536e-06,1.5344305455280016e-06,1.4449307333051634e-06,1.3634669703698163e-06,1.291631527186255e-06,1.2303658053896922e-06,1.1801460695069544e-06,1.1411459492152934e-06,1.1133687760247474e-06,1.096747990363371e-06,1.091216646397582e-06
2026-03-30 14:29:34.953661,[65.66838921],1.859077296990842e-09,1.86552127093243e-09,1.8849052512760936e-09,1.9173737915602844e-09,1.9631295213319626e-09,2.022377576612569e-09,2.0952526258270935e-09,2.181735760462189e-09,2.281573797497924e-09,2.394220491545931e-09,2.518826968748341e-09,2.6543154778831486e-09,2.79957307811026e-09,2.9537956795382637e-09,3.1169929582299224e-09,3.2906272583739933e-09,3.478304514675847e-09,3.6863689067281986e-09,3.9241905885439005e-09,4.203901165855094e-09,4.539352675264188e-09,4.944176088328574e-09,5.429001409875089e-09,5.99815146353603e-09,6.646380330203208e-09,7.356413980603942e-09,8.09807943590413e-09,8.829621808514346e-09,9.50140637541801e-09,1.0061660431607427e-08,1.046336590009387e-08,1.0671032350555397e-08,1.0665994195212524e-08,1.044913603544276e-08,1.0040499749474688e-08,9.475916175095386e-09,8.801439899734662e-09,8.066776586546384e-09,7.318984852301242e-09,6.597517238522111e-09,5.9312338698535875e-09,5.3375207806691066e-09,4.823210392048626e-09,4.3867265366365725e-09,4.02079006917978e-09,3.715096224131847e-09,3.458550063320059e-09,3.240852622706544e-09,3.053412218441179e-09,2.889681247455337e-09,2.745081219579067e-09,2.616687603214453e-09,2.5028197229393183e-09,2.402638461133155e-09,2.315810773547469e-09,2.242263994859443e-09,2.1820281063388786e-09,2.1351502517737375e-09,2.1016604825011824e-09,2.0815680817167286e-09,2.0748712971477256e-09
2026-03-30 14:29:35.155478,[66.83805406],2.5880250980590007e-09,2.597758209562963e-09,2.626997292648462e-09,2.675838576306619e-09,2.7443667661504813e-09,2.8325457425070944e-09,2.9400758829291693e-09,3.066232591218711e-09,3.2097100952245516e-09,3.368506482834091e-09,3.539898660444721e-09,3.7205661750698005e-09,3.906925534938772e-09,4.095725194303249e-09,4.284918870057092e-09,4.474776541403262e-09,4.669108985187835e-09,4.876382734581483e-09,5.110409252663415e-09,5.390237292424075e-09,5.7388988261374144e-09,6.1807888363790325e-09,6.737708903837306e-09,7.423949269614303e-09,8.241156014989926e-09,9.174025112594849e-09,1.0187967836965859e-08,1.1229714102386686e-08,1.223134143699581e-08,1.3117511016671554e-08,1.3814921370742929e-08,1.4262367251779824e-08,1.441951103834466e-08,1.4272645904222482e-08,1.3836331746961241e-08,1.3150663383026168e-08,1.2274848971124687e-08,1.1278491933724759e-08,1.0232310079921167e-08,9.199939582811377e-09,8.232031521785339e-09,7.363214156059226e-09,6.611850610917285e-09,5.9820226849348805e-09,5.466901091247748e-09,5.0526274700062864e-09,4.7219807898618806e-09,4.45734746662091e-09,4.242778459277302e-09,4.0651370990464e-09,3.914487604703069e-09,3.7839424748498275e-09,3.6691919014940363e-09,3.567902733110593e-09,3.479120732684634e-09,3.402755098545922e-09,3.339178767370409e-09,3.288946075167144e-09,3.2526107637596e-09,3.2306196064320295e-09,3.2232568795986057e-09
2026-03-30 14:29:35.354574,[68.97086442],3.7302453730365745e-09,3.745675679449398e-09,3.792092940441244e-09,3.869834471461169e-09,3.979324606629594e-09,4.12087310887967e-09,4.294407141810912e-09,4.499159401624362e-09,4.7333520345089385e-09,4.993937894750261e-09,5.2764844537805936e-09,5.575305083167411e-09,5.883948038012015e-09,6.19613339089613e-09,6.507170708486806e-09,6.81578837847887e-09,7.12616270594498e-09,7.449771043920702e-09,7.806547353229908e-09,8.224745780073726e-09,8.738977508140866e-09,9.386121973486798e-09,1.0199229364236627e-08,1.1200071559827526e-08,1.239154400304229e-08,1.3751508129562616e-08,1.522973009772222e-08,1.6749213427073742e-08,1.821245008657363e-08,1.9512071273002983e-08,2.0544321548095686e-08,2.1223004754748974e-08,2.1491298403442e-08,2.1329204667018852e-08,2.0755317666924416e-08,1.98227950087077e-08,1.8610601932128348e-08,1.7211948530014408e-08,1.5722179473636324e-08,1.4228177680912805e-08,1.2800732768757435e-08,1.1490515958290302e-08,1.0327521736905515e-08,9.323255455248611e-09,8.474647982312174e-09,7.768656326997926e-09,7.186691384235454e-09,6.7083020881145395e-09,6.313846838770025e-09,5.986132864891364e-09,5.711170719064982e-09,5.478272109077172e-09,5.279731328854117e-09,5.110298042931797e-09,4.966595729505431e-09,4.8465837625072405e-09,4.74911294212042e-09,4.673589045976782e-09,4.6197370344167e-09,4.5874478138915914e-09,4.5766869734749975e-09
2026-03-30 14:29:35.553967,[70.38220327],5.196960807978793e-09,5.2155586332387815e-09,5.271682656655536e-09,5.366276194920161e-09,5.500748275499668e-09,5.676723197387532e-09,5.895684295252477e-09,6.158519705917786e-09,6.464998830747001e-09,6.813240975156071e-09,7.199280464457686e-09,7.616878534987416e-09,8.057768092766761e-09,8.512523016185789e-09,8.972195211757822e-09,9.430739139108245e-09,9.88803748265342e-09,1.0353071325868278e-08,1.0846497032296636e-08,1.1401688660924286e-08,1.2063287360540716e-08,1.2882562660054664e-08,1.3909471864615595e-08,1.5182140802898912e-08,1.6715403892890954e-08,1.849076546512965e-08,2.0450391719625133e-08,2.24973143844545e-08,2.4502908158201063e-08,2.6321110192277657e-08,2.7807191011008196e-08,2.883764618056345e-08,2.9327349915366772e-08,2.9240653060721925e-08,2.859447596578314e-08,2.7453245514172504e-08,2.5917244358774752e-08,2.4107128612595062e-08,2.2147777619746677e-08,2.0154271768440793e-08,1.822187402744929e-08,1.6420751240533377e-08,1.4795134164647612e-08,1.336589955711709e-08,1.2135242025360431e-08,1.109214304170315e-08,1.0217620461937209e-08,9.489116758819729e-09,8.883744899113684e-09,8.380388904913925e-09,7.960828090978134e-09,7.61012897571769e-09,7.316553046668041e-09,7.071191510170924e-09,6.867484618932874e-09,6.700729809449454e-09,6.567638531553233e-09,6.465969314456179e-09,6.394243770799203e-09,6.3515407591021826e-09,6.337359293836083e-09
2026-03-30 14:29:35.753109,[65.83857678],1.91097105067451e-09,1.916942267628467e-09,1.9348597337849224e-09,1.964722839233294e-09,2.006490942600388e-09,2.060026178084107e-09,2.125018870839053e-09,2.2009033056855618e-09,2.286776787355371e-09,2.381341728504995e-09,2.4828982085207867e-09,2.589421364488898e-09,2.698761140812519e-09,2.8089971368474466e-09,2.9189637417429826e-09,3.0289264745377e-09,3.1413386896861792e-09,3.2615437840171387e-09,3.3982251786659303e-09,3.5633663849010586e-09,3.771492840430975e-09,4.0380490573028784e-09,4.376927498656478e-09,4.797392499492049e-09,5.3008857373646984e-09,5.878386652456215e-09,6.509053396062298e-09,7.160731659998749e-09,7.792585408723105e-09,8.359636430722916e-09,8.818517602507101e-09,9.133390599431927e-09,9.28087049776174e-09,9.252985456201082e-09,9.057635840560967e-09,8.71658042387005e-09,8.261506857969987e-09,7.729096706510555e-09,7.156093467923904e-09,6.575230534951036e-09,6.012551979683227e-09,5.486275956348057e-09,5.007016685101892e-09,4.578967623866412e-09,4.201576949502329e-09,3.871294867414505e-09,3.583093573837184e-09,3.3316037283207326e-09,3.1118362407849254e-09,2.9195435774569166e-09,2.751316683574088e-09,2.6045199803395704e-09,2.4771508528279772e-09,2.3676844450766173e-09,2.274938890920976e-09,2.197975604532703e-09,2.136035644484148e-09,2.088505863105134e-09,2.054905917006621e-09,2.0348874480834083e-09,2.0282383887603554e-09
2026-03-30 14:29:35.946037,[93.145613],6.013538915312397e-07,6.048456974162269e-07,6.154693526935338e-07,6.336682149839294e-07,6.601754820200599e-07,6.960013122057785e-07,7.424061534604529e-07,8.008516132440881e-07,8.729180703281422e-07,9.601770045307531e-07,1.064006558170686e-06,1.1853422304910277e-06,1.3243619899970944e-06,1.4801173419521897e-06,1.6501391202403065e-06,1.8300677561426956e-06,2.0133794284871058e-06,2.191296672076611e-06,2.352977881465256e-06,2.486067384044421e-06,2.577650655923772e-06,2.6155963485364326e-06,2.5901833833264903e-06,2.495820885974864e-06,2.3325918574118303e-06,2.1073123953602235e-06,1.8338182464925963e-06,1.5322802015614024e-06,1.2275031426979775e-06,9.463549384189334e-07,7.146597347743834e-07,5.540284172148073e-07,4.791474520836145e-07,4.959865946382395e-07,6.012246524476947e-07,7.829663169047672e-07,1.0225852605502164e-06,1.297334718325982e-06,1.583258527283754e-06,1.8579304635352597e-06,2.102637804389223e-06,2.3037749145997537e-06,2.453382630735438e-06,2.5489199594028725e-06,2.592458812933102e-06,2.5895393154922586e-06,2.547917111150526e-06,2.4763899901873235e-06,2.3838279555258192e-06,2.2784659574035044e-06,2.1674642616934924e-06,2.056703951676511e-06,1.9507651539532087e-06,1.8530303486259373e-06,1.7658600103276822e-06,1.6907981642881118e-06,1.628777429556972e-06,1.5803042049133045e-06,1.545613478940166e-06,1.5247888922566977e-06,1.5178473231573812e-06
2026-03-30 14:29:35.999093,[66.92659697],1.936669576116231e-09,1.945472422331569e-09,1.972079172686862e-09,2.017070204660711e-09,2.0813634398634953e-09,2.166134312560905e-09,2.2726936565020576e-09,2.402318014212198e-09,2.5560321771655785e-09,2.7343543082601424e-09,2.937030065354568e-09,3.1628023354128165e-09,3.4092835157547474e-09,3.6730106596776514e-09,3.949760553346783e-09,4.235171723592829e-09,4.5256567697316855e-09,4.819493283029089e-09,5.1178706175903126e-09,5.425573994136062e-09,5.750949148267091e-09,6.1048516362092595e-09,6.498468069155214e-09,6.940188056497557e-09,7.432044484227149e-09,7.966524619231577e-09,8.524671103522343e-09,9.076255163619717e-09,9.582400739814089e-09,1.0000447981949793e-08,1.0290229148860732e-08,1.0420483136510699e-08,1.0374013117812334e-08,1.0150452244928173e-08,9.766075998866717e-09,9.250813287520711e-09,8.64324695167665e-09,7.984778594249537e-09,7.314178132512493e-09,6.663474753755135e-09,6.055692138219851e-09,5.5044426204850556e-09,5.015008039023931e-09,4.586326364546596e-09,4.213280955343027e-09,3.888807926987104e-09,3.605525939817008e-09,3.3567840524603314e-09,3.1371710078496067e-09,2.9426144445660047e-09,2.770224788654e-09,2.6180228633512755e-09,2.48465294263277e-09,2.3691412045842882e-09,2.2707241798237673e-09,2.1887474415036246e-09,2.1226214666267136e-09,2.071816863254654e-09,2.0358818391123456e-09,2.014468095572861e-09,2.0073553235717624e-09
2026-03-30 14:29:36.197686,[68.2397678],2.513313211780567e-09,2.5236592483633348e-09,2.5548031489635767e-09,2.607041134963589e-09,2.6807960725927804e-09,2.776510577785527e-09,2.8944979743584115e-09,3.0347561518607027e-09,3.196757039434046e-09,3.379236164304627e-09,3.5800221134056146e-09,3.7959625051067916e-09,4.023016819777318e-09,4.25659008581705e-09,4.492166061175245e-09,4.7262555488757664e-09,4.9576002228079565e-09,5.188469075515192e-09,5.42577087440062e-09,5.681614132901243e-09,5.972918958892682e-09,6.319764756224558e-09,6.742367742154285e-09,7.25690923300612e-09,7.87081799433758e-09,8.578442462976995e-09,9.358207951315013e-09,1.017224055403739e-08,1.0969022995707624e-08,1.1688995550912826e-08,1.2272288044876692e-08,1.26671771460737e-08,1.2837596704274447e-08,1.2768187038303754e-08,1.2465919331706754e-08,1.1958116706856162e-08,1.1287486937946396e-08,1.050536481489826e-08,9.664597230764756e-09,8.813371216563195e-09,7.990873817775312e-09,7.225136807664986e-09,6.532918069435405e-09,5.921120420013925e-09,5.389094997045662e-09,4.931202862084843e-09,4.5391562343784215e-09,4.2038580693758565e-09,3.91664487801369e-09,3.669975736119813e-09,3.457688320288285e-09,3.274967211780436e-09,3.1181570034555807e-09,2.9845209549889863e-09,2.8720096526101955e-09,2.7790724948069936e-09,2.7045218657549632e-09,2.647445914737993e-09,2.60715926961577e-09,2.58317946197723e-09,2.575218211484979e-09
2026-03-30 14:29:36.398517,[69.59259242],3.805919615406813e-09,3.823404989478894e-09,3.876090883458627e-09,3.9646195987593116e-09,4.0899043336008266e-09,4.252892430841959e-09,4.454236873865121e-09,4.693889328942555e-09,4.97064567466552e-09,5.2817005555557315e-09,5.62229880589818e-09,5.985602723745734e-09,6.362914865752407e-09,6.744392075623937e-09,7.120342162092011e-09,7.483097812423827e-09,7.829311439457806e-09,8.162326499958264e-09,8.494095354430932e-09,8.84599208095512e-09,9.247880806076587e-09,9.735002179305478e-09,1.0342646407700463e-08,1.1099138568835205e-08,1.201824642601995e-08,1.3092557987907647e-08,1.42894905962971e-08,1.5551275615172587e-08,1.6799524703907747e-08,1.794397904684535e-08,1.889403536497805e-08,1.9570925162460952e-08,1.9918218327592725e-08,1.9908698194137847e-08,1.9546501899375182e-08,1.886448621687395e-08,1.7917762941595513e-08,1.6774999038533523e-08,1.5509271525563073e-08,1.4190030280655231e-08,1.2877194547497509e-08,1.161778229245289e-08,1.044491916645322e-08,9.37870457441773e-09,8.428256940116429e-09,7.594285817437816e-09,6.871678251605037e-09,6.251769910316282e-09,5.72414348112536e-09,5.277927352004558e-09,4.902648344921825e-09,4.58872954560129e-09,4.327730838129744e-09,4.112418770699482e-09,3.936734143008882e-09,3.795706763913555e-09,3.6853505021523947e-09,3.602559174940934e-09,3.5450149109387177e-09,3.511114792374704e-09,3.499918110384024e-09
2026-03-30 14:29:36.570431,[96.81856901],1.5485358674398361e-06,1.5571362444999428e-06,1.5832735679944439e-06,1.627951495191457e-06,1.6928234841842282e-06,1.7801536342609163e-06,1.8927414274066045e-06,2.033790237582249e-06,2.2066950763915824e-06,2.414723197441245e-06,2.6605639292903065e-06,2.9457339179241055e-06,3.269843234613449e-06,3.6297580228309223e-06,4.0187359160236886e-06,4.425657419457514e-06,4.834521613025418e-06,5.224405404953416e-06,5.570086830239002e-06,5.843489706762586e-06,6.016009926387221e-06,6.061634361667855e-06,5.960578835199251e-06,5.702985367625823e-06,5.2920769553679605e-06,4.746119022402161e-06,4.098617694428264e-06,3.3964076257079944e-06,2.6956220616647984e-06,2.0559346129045387e-06,1.5338299040937192e-06,1.175908424980792e-06,1.013290080482022e-06,1.0580244604295824e-06,1.3020704836450022e-06,1.7189489092068188e-06,2.2677018695311238e-06,2.8984178029663295e-06,3.5583739884446124e-06,4.197842232891947e-06,4.77477610692101e-06,5.257891172460288e-06,5.627984648622354e-06,5.877643235809701e-06,6.00970395109882e-06,6.0349392958848804e-06,5.969440174073796e-06,5.832093582722369e-06,5.642432337431177e-06,5.419004857630938e-06,5.178299863866267e-06,4.934178043788069e-06,4.697714108826171e-06,4.477334314733038e-06,4.2791384782839494e-06,4.1073128265582195e-06,3.964562830041408e-06,3.852517814463568e-06,3.772078248029901e-06,3.7236907335430275e-06,3.707544839909651e-06
2026-03-30 14:29:36.621062,[71.22890726],4.206086917029469e-09,4.226887810612949e-09,4.289781198374144e-09,4.396192338477323e-09,4.548336412537841e-09,4.7489655703629754e-09,5.0009953058816435e-09,5.3070040901487194e-09,5.668617552941976e-09,6.085818840025158e-09,6.556269221280464e-09,7.074772079625901e-09,7.63305727026375e-09,8.220083110412353e-09,8.823027323822745e-09,9.429045348501844e-09,1.002770528938451e-08,1.0613777076712384e-08,1.1189804086020133e-08,1.176769482069664e-08,1.236853351368228e-08,1.3020002479370532e-08,1.3751265294221899e-08,1.4585822512473308e-08,1.553356807209288e-08,1.658382217156617e-08,1.7701268551543036e-08,1.8826338220461985e-08,1.9880675236595642e-08,2.0777097089182398e-08,2.143226673382077e-08,2.177949927394245e-08,2.1779001266567426e-08,2.1423441423118673e-08,2.0737897347063432e-08,1.9774560871392307e-08,1.8603718972721442e-08,1.730315909869661e-08,1.5948166227495015e-08,1.4603774174950561e-08,1.3320135463367568e-08,1.213105228186982e-08,1.1055081678165836e-08,1.0098299038295996e-08,9.257770570691967e-09,8.524964656751984e-09,7.888610649936814e-09,7.3367919968655e-09,6.858275125233375e-09,6.443203606922876e-09,6.083336490966847e-09,5.772003942015107e-09,5.503918546066187e-09,5.27493760007314e-09,5.081833000471822e-09,4.922096322099966e-09,4.793787806756175e-09,4.695427347608289e-09,4.6259206420848625e-09,4.584512309064216e-09,4.570758387461836e-09
2026-03-30 14:29:36.766813,[91.53062913],4.826303897851393e-07,4.851937027081804e-07,4.929873909705372e-07,5.063213713010398e-07,5.257068149322486e-07,5.518448900123734e-07,5.856045468971743e-07,6.279829888705919e-07,6.800410871420884e-07,7.428054277349503e-07,8.171295638856413e-07,9.035101635775294e-07,1.0018598271345412e-06,1.1112478383399937e-06,1.2296327693222099e-06,1.3536253971853625e-06,1.4783342000898228e-06,1.5973548760473614e-06,1.7029651609309247e-06,1.7865722600089598e-06,1.8394297826543492e-06,1.8535949755175966e-06,1.8230407964411148e-06,1.7447813789592146e-06,1.6198276449512115e-06,1.4537766379300136e-06,1.2568642598445056e-06,1.0433792918637735e-06,8.304390605375864e-07,6.362455488495249e-07,4.780497011463935e-07,3.7012474469839093e-07,3.220665267274771e-07,3.37692644944944e-07,4.147104451731376e-07,5.451885635183291e-07,7.167276213630038e-07,9.141131307983893e-07,1.12117008192869e-06,1.3225334172496848e-06,1.5050966260204597e-06,1.6589854197629783e-06,1.7780023571960887e-06,1.8595793569891526e-06,1.9043419945036039e-06,1.9154245385399282e-06,1.897678531836724e-06,1.856897344868141e-06,1.7991446301285923e-06,1.7302360711645186e-06,1.6553891525263068e-06,1.57902955905102e-06,1.5047267855377893e-06,1.4352247545294416e-06,1.3725334886000626e-06,1.3180525270205958e-06,1.2727034213861887e-06,1.2370554926732865e-06,1.2114349672023257e-06,1.196012113088401e-06,1.1908639918005897e-06
2026-03-30 14:29:36.818580,[65.86057091],1.4630932754424192e-09,1.4693115236491163e-09,1.4881448519941975e-09,1.520117153152904e-09,1.5660602028578089e-09,1.6270455906991871e-09,1.7042791993734977e-09,1.7989523541480895e-09,1.9120486099635354e-09,2.0441149372881404e-09,2.195021035555563e-09,2.3637492547752314e-09,2.5482763214006322e-09,2.745620091680718e-09,2.952120989147794e-09,3.1639995498668195e-09,3.378173101119663e-09,3.593228877105724e-09,3.810353131906878e-09,4.0339347835357746e-09,4.271535316332652e-09,4.53297900630475e-09,4.8284852824894975e-09,5.166020517200605e-09,5.548331506155947e-09,5.9703475790052815e-09,6.417707777130922e-09,6.8670210627995195e-09,7.288104120117643e-09,7.64794525855931e-09,7.915657965480026e-09,8.067372066163327e-09,8.089977825512505e-09,7.982910921474625e-09,7.75766257673178e-09,7.435262954687569e-09,7.0424444353502696e-09,6.607418013999608e-09,6.156151187667981e-09,5.709770602858161e-09,5.283339334677241e-09,4.885901697074617e-09,4.5214418222616825e-09,4.190305179666529e-09,3.8906702015232786e-09,3.6197808802210114e-09,3.3748017976309962e-09,3.153287158596754e-09,2.9533394999906486e-09,2.7735680226400853e-09,2.612951934820981e-09,2.470687712269205e-09,2.346066435764847e-09,2.2383989466661947e-09,2.1469872682305845e-09,2.071130891939692e-09,2.010153934763002e-09,1.963440901501677e-09,1.930472276649174e-09,1.910854704612499e-09,1.904343227640595e-09
2026-03-30 14:29:36.964821,[92.64263295],6.550142078647991e-07,6.583575732813036e-07,6.685142528563258e-07,6.858617810999009e-07,7.110208576079343e-07,7.448385687768277e-07,7.883569463501395e-07,8.427591269980996e-07,9.092838346121215e-07,9.890984536326082e-07,1.0831223866895153e-06,1.1917966129812425e-06,1.31480322630791e-06,1.4507506550960654e-06,1.5968558104726875e-06,1.7486718210142105e-06,1.899925946949995e-06,2.042541877742651e-06,2.1669182492719903e-06,2.262515761823428e-06,2.3187660611553634e-06,2.3262582838371744e-06,2.2780913313920948e-06,2.1712146886704355e-06,2.007534814333835e-06,1.7945544857714155e-06,1.5453504183328162e-06,1.2777814744290448e-06,1.012944670809504e-06,7.730359543763869e-07,5.788970587768222e-07,4.476086396187822e-07,3.905018621820524e-07,4.1189933725094114e-07,5.087730351666696e-07,6.713479297858292e-07,8.845202589207471e-07,1.1298322033513366e-06,1.3876748276326005e-06,1.6393877262810822e-06,1.868980492517114e-06,2.0642988292549905e-06,2.2175715240951593e-06,2.325379007954229e-06,2.388161594649323e-06,2.4094269062358798e-06,2.394821949988808e-06,2.3512134090521115e-06,2.28588111217251e-06,2.2058857138474777e-06,2.1176314008797143e-06,2.0266135035345546e-06,1.937321272249106e-06,1.853257085675262e-06,1.7770326463369748e-06,1.7105073732298453e-06,1.654941481281383e-06,1.611144030228778e-06,1.5796031668417656e-06,1.5605911953362698e-06,1.5542408308055588e-06
2026-03-30 14:29:37.020737,[66.73583108],1.9537471494975313e-09,1.960366754317586e-09,1.9803796263722546e-09,2.0142384158940606e-09,2.062664091510047e-09,2.126590155245612e-09,2.2070747065578616e-09,2.305174038498249e-09,2.4217752279960598e-09,2.557393649047905e-09,2.711955166686543e-09,2.8846012438398157e-09,3.0735752386247034e-09,3.276263641413228e-09,3.4894678180768052e-09,3.7099596191199152e-09,3.935319890543334e-09,4.1649718174973834e-09,4.401213202363835e-09,4.649950825231e-09,4.920786395370872e-09,5.226140264349602e-09,5.57925449347422e-09,5.991186006304256e-09,6.467232439891358e-09,7.003534187687036e-09,7.584752998637761e-09,8.183648130899498e-09,8.763026872552626e-09,9.279998714678205e-09,9.691856861313993e-09,9.962433399169073e-09,1.0067586723253068e-08,9.998655365187002e-09,9.763205167636412e-09,9.383055541806353e-09,8.890194507382383e-09,8.32160397870157e-09,7.714122060137034e-09,7.100279969620561e-09,6.5056674043829235e-09,5.947941963318492e-09,5.437233272817127e-09,4.977477898344528e-09,4.568171812423908e-09,4.206107718929277e-09,3.886814478148772e-09,3.6055755257675745e-09,3.3580307197852e-09,3.14044324936739e-09,2.9497418122803423e-09,2.7834416007205555e-09,2.6395223590833745e-09,2.5163119017765633e-09,2.412397828453699e-09,2.326572441147539e-09,2.257806077321387e-09,2.205240353977255e-09,2.1681928214866155e-09,2.1461662570291115e-09,2.13885795914582e-09
2026-03-30 14:29:37.174130,[93.64427462],8.056515274664543e-07,8.097056276413895e-07,8.22018919755704e-07,8.430415761477764e-07,8.735131776177384e-07,9.144418741222806e-07,9.670656903858939e-07,1.0327867230327396e-06,1.1130671434829957e-06,1.2092754048830426e-06,1.3224728034507822e-06,1.4531356746166283e-06,1.6008180269256727e-06,1.7637738377910096e-06,1.938577013458169e-06,2.1197980152828803e-06,2.2998152982553802e-06,2.4688510991231844e-06,2.615317879230195e-06,2.7265376955147353e-06,2.789848774216197e-06,2.7940438373021226e-06,2.7310025508333156e-06,2.5973020041600182e-06,2.395534958611458e-06,2.1350558340473993e-06,1.8319224940987264e-06,1.5079089750253102e-06,1.18861612474373e-06,9.00875265650432e-07,6.697877648224476e-07,5.158350356444292e-07,4.525041708835727e-07,4.847977256990945e-07,6.088467084010325e-07,8.126557069463071e-07,1.077819504253958e-06,1.3819010679966495e-06,1.701079462375306e-06,2.012673415580997e-06,2.297213889005184e-06,2.53985453331449e-06,2.7310427890032783e-06,2.8664979512960015e-06,2.946634529127282e-06,2.9756192375243165e-06,2.9602583486208573e-06,2.9088874819325088e-06,2.830391111585278e-06,2.7334273477008606e-06,2.6258856248337223e-06,2.5145675360627063e-06,2.4050568407596575e-06,2.301733053803969e-06,2.20788140011355e-06,2.125856915895448e-06,2.057268864470303e-06,2.0031608552650406e-06,1.9641704199168498e-06,1.940658429595889e-06,1.9328033832563804e-06
2026-03-30 14:29:37.227984,[67.9890258],2.736313862108252e-09,2.7450945684821744e-09,2.7715835386320245e-09,2.816209008912357e-09,2.879642089407643e-09,2.962727780772525e-09,3.066379836960372e-09,3.1914348106360847e-09,3.3384653758055487e-09,3.5075627710773837e-09,3.698113565544234e-09,3.908616017516962e-09,4.136602626000622e-09,4.378751291518068e-09,4.631267812815863e-09,4.890595753066828e-09,5.154446825601424e-09,5.42304464249278e-09,5.700349685345817e-09,5.9949140552950155e-09,6.319946722224583e-09,6.692204226037781e-09,7.129494776156708e-09,7.646896116418217e-09,8.252187590169331e-09,8.941380122140876e-09,9.695460140601204e-09,1.0479424726370724e-08,1.1244320967324681e-08,1.1932361149735971e-08,1.2484421684019196e-08,1.2848568202884552e-08,1.2987895623795472e-08,1.2886057664391013e-08,1.254937537082628e-08,1.2005210517856545e-08,1.1297132813998766e-08,1.0478062011736137e-08,9.602866277660196e-09,8.721807821268016e-09,7.875826626617006e-09,7.094099634450924e-09,6.393775802879498e-09,5.781396029771401e-09,5.255319831407011e-09,4.80848739154577e-09,4.430988384675633e-09,4.112113182884469e-09,3.841762002909746e-09,3.6112411543443393e-09,3.413566958216839e-09,3.243431735849295e-09,3.096978425319269e-09,2.97149953742468e-09,2.8651380856531116e-09,2.776633241841594e-09,2.705126873080996e-09,2.6500298922488583e-09,2.6109382551399046e-09,2.587585291282144e-09,2.5798177008207617e-09
2026-03-30 14:29:37.280527,[65.24159702],1.3526707210356623e-09,1.3571901802348077e-09,1.370788855573458e-09,1.3935852458536729e-09,1.4257690963438034e-09,1.4675905396338072e-09,1.5193463141952707e-09,1.5813641768558063e-09,1.6539864533302675e-09,1.7375530823901129e-09,1.8323834457787113e-09,1.9387547995697615e-09,2.0568734840703746e-09,2.1868337639286387e-09,2.3285588013612834e-09,2.481719605498589e-09,2.6456313473807215e-09,2.8191322103681393e-09,3.0004572529872645e-09,3.187127097829634e-09,3.3758765722056274e-09,3.5626496379311625e-09,3.74268265802516e-09,3.910688131998012e-09,4.0611368626305654e-09,4.188620660966033e-09,4.288263159217205e-09,4.356135662976071e-09,4.389629805361044e-09,4.387739580667103e-09,4.351211993870818e-09,4.282537740702604e-09,4.185770619443918e-09,4.0661858266267755e-09,3.929810717870178e-09,3.78288321298494e-09,3.631307850005034e-09,3.4801829132609546e-09,3.3334616179604795e-09,3.1937871426377475e-09,3.062510202822976e-09,2.939866120718595e-09,2.8252633835685667e-09,2.717622751828159e-09,2.615706725453916e-09,2.5183915424440216e-09,2.4248532089407783e-09,2.33465982807395e-09,2.2477799947692815e-09,2.1645284078030934e-09,2.0854743933733316e-09,2.011337733135671e-09,1.9428910129891915e-09,1.8808808276843807e-09,1.8259733972504598e-09,1.7787246396646116e-09,1.739571004065101e-09,1.7088353869046413e-09,1.6867419066498858e-09,1.6734337620742185e-09,1.6689894304664246e-09
2026-03-30 14:29:37.384831,[95.31619871],1.28667754425303e-06,1.293036380436711e-06,1.3123357220230968e-06,1.3452399010880652e-06,1.3928402043544773e-06,1.4566238026216926e-06,1.5384159173245722e-06,1.6402811742860577e-06,1.764367166067886e-06,1.9126722542101386e-06,2.08672208852871e-06,2.2871469820021333e-06,2.5131668255534693e-06,2.762012556469402e-06,3.028342561174142e-06,3.303745498748428e-06,3.576451426210919e-06,3.8313913533670335e-06,4.050740385544789e-06,4.215041459596216e-06,4.3049302860677694e-06,4.303371286666092e-06,4.198184352084571e-06,3.98451958467639e-06,3.66685507772531e-06,3.2600830661807523e-06,2.789332688993613e-06,2.2883526797095777e-06,1.796519127929463e-06,1.3547946549019652e-06,1.0011871448246867e-06,7.663838794681655e-07,6.702356306255809e-07,7.196305457795696e-07,9.080575720187519e-07,1.216866792392846e-06,1.6179530900490674e-06,2.077377560708269e-06,2.559335559434935e-06,3.0298913474440706e-06,3.4600105093474955e-06,3.827596970965633e-06,4.1184379079319884e-06,4.326136764304129e-06,4.4512434025627945e-06,4.499858119092021e-06,4.481994894661013e-06,4.409951788305883e-06,4.296871240803876e-06,4.155598784591116e-06,3.997880120924058e-06,3.833883016032767e-06,3.671995638990766e-06,3.5188359859342503e-06,3.3794043012648422e-06,3.2573172011517694e-06,3.155073978436649e-06,3.0743186895353073e-06,3.0160736570755717e-06,2.9809296669522225e-06,2.969184993914597e-06
2026-03-30 14:29:37.437616,[69.40226648],3.5557089307765016e-09,3.5671090172803417e-09,3.601506133754792e-09,3.659478014905654e-09,3.741943488574724e-09,3.8500924636258785e-09,3.9852821032722806e-09,4.148898211996488e-09,4.342187568771416e-09,4.5660784222235955e-09,4.821022124745847e-09,5.106906334096883e-09,5.423103903639949e-09,5.768723104772438e-09,6.143104054140647e-09,6.546554464858784e-09,6.981232850062033e-09,7.45197899840299e-09,7.966786078472893e-09,8.536547615009336e-09,9.173743867135316e-09,9.889893236296808e-09,1.0691890123047818e-08,1.1577735333771417e-08,1.2532538673308484e-08,1.3525901044783919e-08,1.4511738707344779e-08,1.5431231339676278e-08,1.6218900634249995e-08,1.681101586074379e-08,1.7154814393525704e-08,1.721665670692255e-08,1.698735569504646e-08,1.6483524708739504e-08,1.574471121582647e-08,1.4827051068531302e-08,1.3794910503746653e-08,1.2712287050876318e-08,1.1635573271451367e-08,1.0608754135836674e-08,9.66140990696741e-09,8.809246510544181e-09,8.056432980899055e-09,7.398855019838378e-09,6.8274676336763614e-09,6.331161261900615e-09,5.898840872647978e-09,5.52067075862586e-09,5.188610711151752e-09,4.896451139655116e-09,4.6395617390811015e-09,4.414528892188656e-09,4.218799254452143e-09,4.050391481292927e-09,3.907695797557474e-09,3.789354965937995e-09,3.6942080018368976e-09,3.6212754064945642e-09,3.569767412458609e-09,3.5391014466238627e-09,3.528919700436889e-09
2026-03-30 14:29:37.642360,[70.37028956],4.340120527179122e-09,4.352802719369405e-09,4.391019566767639e-09,4.455261385281396e-09,4.546276385981133e-09,4.6649656477496e-09,4.812235709289856e-09,4.988814780727423e-09,5.195049064509798e-09,5.4307114807130745e-09,5.694874779623678e-09,5.985920383850201e-09,6.301765648396187e-09,6.640384711114486e-09,7.0006598109578055e-09,7.38352226745066e-09,7.793226244532092e-09,8.238461111236068e-09,8.732886530168711e-09,9.2946216613616e-09,9.944292759648275e-09,1.0701479725378058e-08,1.1579794850046264e-08,1.2581305964677699e-08,1.3691449922055715e-08,1.487580782523644e-08,1.607999135044767e-08,1.7233367568756393e-08,1.8256506729372835e-08,1.9071283028902574e-08,1.961177678508191e-08,1.9833780165882446e-08,1.9720937469151566e-08,1.928631060103164e-08,1.8569230533452416e-08,1.7628357038296443e-08,1.6532618891924327e-08,1.5351962236705328e-08,1.4149584981606596e-08,1.2976724106647548e-08,1.1870318844852817e-08,1.0853219347926818e-08,9.936195631606214e-09,9.120868921062641e-09,8.402789530361778e-09,7.774123839886929e-09,7.2256837889033255e-09,6.748258551383923e-09,6.3333526770928835e-09,5.973496684030753e-09,5.662295668712964e-09,5.394346832865133e-09,5.16511203342069e-09,4.9707919404047745e-09,4.808220665725326e-09,4.674784008360302e-09,4.5683577676635245e-09,4.487261227901749e-09,4.430221932479209e-09,4.396349405546956e-09,4.385116704631426e-09
2026-03-30 14:29:37.793779,[90.93289994],5.160510213365833e-07,5.183038534409546e-07,5.25139718128371e-07,5.367893662307909e-07,5.536321320709118e-07,5.76185469954357e-07,6.05085115666226e-07,6.410507529744424e-07,6.848309583561599e-07,7.371207846334912e-07,7.984461889542875e-07,8.690122874019093e-07,9.485177648830067e-07,1.0359460317260327e-06,1.129354616342488e-06,1.2256965579140022e-06,1.3207187537706006e-06,1.4089887379171835e-06,1.484099057250699e-06,1.539083608607701e-06,1.5670513169974823e-06,1.5620011457890206e-06,1.5197347622129368e-06,1.4387394184029013e-06,1.320886119348211e-06,1.171788234582225e-06,1.0006997645825626e-06,8.198988681482288e-07,6.435902768461256e-07,4.86451826061579e-07,3.620245423506668e-07,2.8118438820401833e-07,2.5092678531379555e-07,2.736433274798974e-07,3.4698524290016035e-07,4.6430905159702414e-07,6.156074517286867e-07,7.887605104168121e-07,9.709094137065882e-07,1.149759405789974e-06,1.3146543341435158e-06,1.4573212747242592e-06,1.5722468068754703e-06,1.6567044247525664e-06,1.7104963912766512e-06,1.735498555697656e-06,1.7351031280415417e-06,1.7136454126674058e-06,1.6758813020770356e-06,1.6265586392615735e-06,1.5701023332983833e-06,1.5104138257544135e-06,1.450771909356618e-06,1.3938142362331997e-06,1.3415762918459382e-06,1.2955657654903473e-06,1.2568536186836495e-06,1.2261674316930825e-06,1.2039768367558256e-06,1.1905644442772448e-06,1.1860783867828119e-06
2026-03-30 14:29:37.849841,[66.12510883],1.6680275533567756e-09,1.6731297792820184e-09,1.6885044272940033e-09,1.7143446944207654e-09,1.75093659795134e-09,1.7986044916507147e-09,1.8576352313138997e-09,1.928184817817536e-09,2.010176982927528e-09,2.1032113771264934e-09,2.206508825927651e-09,2.318930169185755e-09,2.4391094351822746e-09,2.5657361031468666e-09,2.6979993968317827e-09,2.836166502840635e-09,2.9822081577614018e-09,3.140319251764551e-09,3.3171284004615072e-09,3.521375231343568e-09,3.762883516246244e-09,4.050786742183598e-09,4.391161014499529e-09,4.784448083132691e-09,5.223240983024169e-09,5.6910782599914026e-09,6.162790133900282e-09,6.606649345734175e-09,6.988154625033277e-09,7.274828985733025e-09,7.441088375397833e-09,7.47214538034219e-09,7.366104275162146e-09,7.133830826997325e-09,6.796715644114293e-09,6.382931205638387e-09,5.923071707408043e-09,5.446094788868387e-09,4.976277139126051e-09,4.531545041449044e-09,4.123168617886825e-09,3.756520962121976e-09,3.4324586246472653e-09,3.148880181940573e-09,2.9021243010996047e-09,2.6880188993012884e-09,2.502535120053339e-09,2.3421003378947313e-09,2.2036730580102093e-09,2.084687238982886e-09,1.9829510169341837e-09,1.8965523547910284e-09,1.8237944071336367e-09,1.7631627139363575e-09,1.7133157424098477e-09,1.6730876314369867e-09,1.6414940124132754e-09,1.6177355689173117e-09,1.6011976102183981e-09,1.5914464382871226e-09,1.5882244984223216e-09
2026-03-30 14:29:38.001261,[92.03094029],7.023888084706897e-07,7.052864480521479e-07,7.140699392251759e-07,7.290088974694366e-07,7.505447950767288e-07,7.792760416644381e-07,8.159309289352295e-07,8.613224174210313e-07,9.162775350855879e-07,9.815338381089807e-07,1.0575966251345715e-06,1.1445541876627871e-06,1.2418550429007125e-06,1.3480611760930924e-06,1.4606043807421438e-06,1.5755872023619636e-06,1.6876827086086414e-06,1.790193976415457e-06,1.8753298738352475e-06,1.934734252498088e-06,1.960269439374781e-06,1.945004593667146e-06,1.8843029815175467e-06,1.776852090847787e-06,1.6254515351148342e-06,1.43737878448691e-06,1.2241983681384665e-06,1.0009628316641964e-06,7.848591979276311e-07,5.934607056503118e-07,4.428255525667247e-07,3.4572218883596815e-07,3.102447593473821e-07,3.3901609486470046e-07,4.2907457835880263e-07,5.724278385664818e-07,7.571540392959235e-07,9.6885916282319e-07,1.192266207772295e-06,1.4127202486462726e-06,1.6174344785432616e-06,1.7963643331002332e-06,1.9426656393497857e-06,2.0527558989990868e-06,2.126046184068113e-06,2.1644399638931215e-06,2.171704091404492e-06,2.152809220171783e-06,2.113317315067146e-06,2.0588685716197265e-06,1.9947943343739218e-06,1.925860475942819e-06,1.856129405514048e-06,1.788919020838728e-06,1.726832860497634e-06,1.6718360859043347e-06,1.6253551187744805e-06,1.58838329997017e-06,1.561579676506286e-06,1.5453522284762646e-06,1.5399201588474272e-06
2026-03-30 14:29:38.050187,[66.76852461],2.362317371898805e-09,2.3696803035720125e-09,2.3918702805415336e-09,2.4291751356189176e-09,2.4820216883767767e-09,2.5508951694055125e-09,2.636226178032537e-09,2.7382500274573883e-09,2.8568516093321303e-09,2.9914211604576337e-09,3.1407611933122677e-09,3.303098831296545e-09,3.476264729925149e-09,3.6580913418593965e-09,3.847050837052407e-09,4.0430911004907e-09,4.248539608523451e-09,4.468845173018992e-09,4.712846853989312e-09,4.992239044706436e-09,5.3199825700258425e-09,5.707615713306314e-09,6.161730448651635e-09,6.68023215726178e-09,7.249286283310876e-09,7.841947962912636e-09,8.419277139538601e-09,8.934248615544432e-09,9.338068774442823e-09,9.587799941412061e-09,9.65370167869427e-09,9.524614241764449e-09,9.210099085289464e-09,8.738821341482205e-09,8.153581802698126e-09,7.504199223121559e-09,6.839874443089001e-09,6.202632978113319e-09,5.62299711781969e-09,5.118360545938688e-09,4.6938536110874696e-09,4.344985846568686e-09,4.0611328497218515e-09,3.828991351393829e-09,3.6353748043079842e-09,3.469045344514474e-09,3.321572147134976e-09,3.1874067108659285e-09,3.06345450629224e-09,2.948417652881773e-09,2.8421207773210816e-09,2.7449490630713014e-09,2.6574513290385776e-09,2.5801062522470115e-09,2.5132196053943488e-09,2.4569103912512036e-09,2.4111468887149235e-09,2.3758029847371906e-09,2.3507156956609573e-09,2.3357336048542057e-09,2.330751975713758e-09
2026-03-30 14:29:38.211626,[92.8690711],8.616152650641036e-07,8.650534612223276e-07,8.754726822483264e-07,8.931843355779442e-07,9.186980954282511e-07,9.527042550206907e-07,9.960417446104426e-07,1.0496446993406024e-06,1.1144590206899779e-06,1.1913199856486764e-06,1.2807834257290828e-06,1.3829072754090008e-06,1.4969882497671407e-06,1.6212704745506408e-06,1.7526585351893443e-06,1.8864846702389263e-06,2.016395008248226e-06,2.1344275661394814e-06,2.2313492285342783e-06,2.29729510386486e-06,2.3227096435236563e-06,2.2995281108356796e-06,2.222469174886634e-06,2.0902499756101323e-06,1.9065018685043862e-06,1.6801735814834665e-06,1.4252659313103316e-06,1.159843510676747e-06,9.043958381427704e-07,6.797459435962078e-07,5.047986403130246e-07,3.94460564409808e-07,3.5803943793221e-07,3.9834694626755923e-07,5.116079355732711e-07,6.881457885416007e-07,9.136971705563912e-07,1.1711294059997677e-06,1.442300545466375e-06,1.7098148114956593e-06,1.9584750920031737e-06,2.1763051625687412e-06,2.3550919704710863e-06,2.4904691593089868e-06,2.5816174438038337e-06,2.6306904685064755e-06,2.642085879889379e-06,2.6216736116757895e-06,2.5760722728790982e-06,2.5120363848898565e-06,2.4359879799136226e-06,2.3537003346457993e-06,2.2701221354204888e-06,2.189318105598347e-06,2.1144965714525436e-06,2.0480941843712605e-06,1.991891273311262e-06,1.947136359755727e-06,1.914663855992423e-06,1.8949939659095799e-06,1.8884078376745126e-06
2026-03-30 14:29:38.264437,[67.09639626],2.653028357788229e-09,2.6603561564484835e-09,2.682390443896565e-09,2.7192673586436505e-09,2.7711588147594244e-09,2.8381911183280204e-09,2.92033540873929e-09,3.017279298042536e-09,3.12829836733839e-09,3.2521589879374168e-09,3.3870986008685297e-09,3.5309421838644443e-09,3.681417580130345e-09,3.836718915677496e-09,3.996327552703671e-09,4.162028544481709e-09,4.338960741451393e-09,4.5364277203713756e-09,4.768107804595764e-09,5.051280158139389e-09,5.404776107867997e-09,5.845597089025092e-09,6.384498576093574e-09,7.021253423787356e-09,7.740657229857881e-09,8.510479192777855e-09,9.28237895990203e-09,9.996271637399667e-09,1.0587819073690565e-08,1.0997861611686423e-08,1.1181947464253529e-08,1.1117902499413222e-08,1.0809722879160021e-08,1.0286899429074784e-08,9.599362809965548e-09,8.80925257842022e-09,7.981367948328602e-09,7.174288669008395e-09,6.433772615203318e-09,5.789309932988804e-09,5.253890349386461e-09,4.826356768084912e-09,4.495325278128555e-09,4.243584692430307e-09,4.052083524247509e-09,3.9029497107251485e-09,3.781344737569266e-09,3.676238262365177e-09,3.580359294126103e-09,3.489636703169999e-09,3.4024143474167375e-09,3.318652978978505e-09,3.239246508971603e-09,3.165506882479054e-09,3.09882012160984e-09,3.0404469047614377e-09,2.9914298395952684e-09,2.952570045108098e-09,2.9244420347168436e-09,2.907424057706542e-09,2.901728635713568e-09
2026-03-30 14:29:38.430712,[94.60885826],1.3792268038356384e-06,1.3845593639734513e-06,1.4007100295691314e-06,1.4281340928462686e-06,1.467576611244239e-06,1.5200463061116429e-06,1.5867680772778354e-06,1.6691033456533072e-06,1.7684251463621068e-06,1.8859341523738357e-06,2.0224038728434e-06,2.177849651764738e-06,2.351128208387986e-06,2.539493047172139e-06,2.738155389222126e-06,2.9399273274752216e-06,3.135047888523265e-06,3.311305249953771e-06,3.4545599936442833e-06,3.5497369263379462e-06,3.5822836463405303e-06,3.539998124731425e-06,3.415020856778395e-06,3.2056944306703427e-06,2.9179433913150277e-06,2.5658443960780555e-06,2.1711516500244964e-06,1.7617060685175365e-06,1.368858123761481e-06,1.0242288518047076e-06,7.562736609527177e-07,5.871638736153942e-07,5.3044861535713e-07,5.898183901974252e-07,7.590965704562608e-07,1.0233813892427365e-06,1.361091151215208e-06,1.7465581084941163e-06,2.1527823806262568e-06,2.5539900058568946e-06,2.9277206098294283e-06,3.2562772769777164e-06,3.5274819483307497e-06,3.7347766530053695e-06,3.876782972393699e-06,3.956474476398221e-06,3.98012999371985e-06,3.9562240834444955e-06,3.894382104152073e-06,3.8044889405707366e-06,3.6960003834526735e-06,3.5774704118807677e-06,3.4562800251021066e-06,3.3385353301940903e-06,3.22909388437584e-06,3.1316770812081886e-06,3.0490303183134285e-06,2.983099445363005e-06,2.93519961770985e-06,2.9061598160542103e-06,2.8964321895367234e-06
2026-03-30 14:29:38.642960,[70.00875307],3.167808807165267e-09,3.1758056866790746e-09,3.199658740646344e-09,3.2389375405478477e-09,3.292867870755409e-09,3.3602540078383472e-09,3.439385743693368e-09,3.5279473392597442e-09,3.6229513291046685e-09,3.7207245980097523e-09,3.816975390506134e-09,3.9069654239609015e-09,3.985798815649581e-09,4.048818153356847e-09,4.092069336349417e-09,4.112765956987116e-09,4.1096598354551125e-09,4.083217936038084e-09,4.035527227553951e-09,3.969902162339541e-09,3.8902478986426546e-09,3.800317150089583e-09,3.703060753709187e-09,3.6002815618824276e-09,3.4927392516712273e-09,3.38072457095172e-09,3.2649583411508786e-09,3.1475281578653734e-09,3.0325127577339844e-09,2.9259982740258864e-09,2.8353592004972925e-09,2.7679112111239577e-09,2.7292633709771845e-09,2.7218229370743113e-09,2.743887745829207e-09,2.789602363088953e-09,2.8498093993057253e-09,2.913580504130755e-09,2.9700423825652344e-09,3.010068279698826e-09,3.027484649438572e-09,3.0196055047190632e-09,2.9870924763987254e-09,2.933290228121416e-09,2.863269954700776e-09,2.7828218231921214e-09,2.6975872045110083e-09,2.612441958680669e-09,2.531161204148211e-09,2.4563337673988644e-09,2.389459343113855e-09,2.3311519618677926e-09,2.2813824434314483e-09,2.2397111565380875e-09,2.2054829304494587e-09,2.177973387522468e-09,2.1564880969949997e-09,2.1404226997224403e-09,2.129294612265413e-09,2.1227565557669998e-09,2.1206002952946174e-09
2026-03-30 14:29:38.695219,[70.10480051],3.873382565599577e-09,3.8849039469453615e-09,3.919606176532673e-09,3.977889358008483e-09,4.060371999390842e-09,4.167815056521476e-09,4.301010832615493e-09,4.460637165197472e-09,4.647085023680738e-09,4.860280598404329e-09,5.0995406687643425e-09,5.363519601332263e-09,5.650321551474659e-09,5.957852659071335e-09,6.284463518493182e-09,6.6298718324263e-09,6.996256243211903e-09,7.3892864077416085e-09,7.818732022483012e-09,8.298223285603822e-09,8.843773356776159e-09,9.470863093082729e-09,1.019023437773124e-08,1.1002985454034329e-08,1.1895991009687211e-08,1.2838922999172355e-08,1.3784079100278262e-08,1.4669764609487313e-08,1.5427178179672904e-08,1.598981600628344e-08,1.6303615069559187e-08,1.6335679372544878e-08,1.607963555925706e-08,1.555642097804407e-08,1.4810403631753604e-08,1.3901838207086356e-08,1.2897447415024687e-08,1.1861174908089627e-08,1.0846861540677824e-08,9.89390232991034e-09,9.026100804863928e-09,8.253206301086383e-09,7.574172193435148e-09,6.9810622784672005e-09,6.462701964486849e-09,6.007499704579279e-09,5.6052216249125e-09,5.247790296223348e-09,4.929349782693925e-09,4.645893620927947e-09,4.3947208415446766e-09,4.1739086425621504e-09,3.981905012927114e-09,3.817273905862432e-09,3.6785792748010334e-09,3.5643719410526917e-09,3.4732388442651576e-09,3.403880246158218e-09,3.355190517490412e-09,3.326327976236963e-09,3.3167667217179563e-09
2026-03-30 14:29:38.846407,[89.93340411],5.516437170940337e-07,5.535567415128805e-07,5.59347374965473e-07,5.691692160893177e-07,5.832740943610785e-07,6.020038344719588e-07,6.257747220577133e-07,6.550506650499311e-07,6.903001205889337e-07,7.319314734274091e-07,7.802021961664374e-07,8.350993932067528e-07,8.96193807064117e-07,9.624763738750774e-07,1.032195712844855e-06,1.1027253812406748e-06,1.1704990687584046e-06,1.2310568597308095e-06,1.2792424934405273e-06,1.3095770237466613e-06,1.3168072675879392e-06,1.2965902020056605e-06,1.2462334186610024e-06,1.1653768294438387e-06,1.0564833860221413e-06,9.250159306093637e-07,7.792169790833531e-07,6.294735188299516e-07,4.873267586790987e-07,3.642588793686865e-07,2.70436880342089e-07,2.1360505238162502e-07,1.9828969571206525e-07,2.2542026574769782e-07,2.923956818986261e-07,3.93551115430452e-07,5.209243108093121e-07,6.651899286184942e-07,8.166265277390406e-07,9.659986432881424e-07,1.1052678733332982e-06,1.2280836183163958e-06,1.3300394168259988e-06,1.4087103108431047e-06,1.4635081084280928e-06,1.495404131219026e-06,1.5065734521252577e-06,1.5000119108783014e-06,1.4791690595696663e-06,1.4476287072463966e-06,1.4088560557664582e-06,1.3660184730031748e-06,1.3218771575096322e-06,1.278740082909882e-06,1.2384627962794152e-06,1.2024824987642608e-06,1.1718716729882597e-06,1.1473995644489752e-06,1.1295923727006788e-06,1.1187855360889656e-06,1.1151636818757681e-06
2026-03-30 14:29:38.898228,[66.40184273],1.936648108217445e-09,1.944140743967618e-09,1.9666854828836803e-09,2.00446850259433e-09,2.057752073734589e-09,2.1268018503873376e-09,2.211785106621072e-09,2.312643119329499e-09,2.4289461492848085e-09,2.5597473688326484e-09,2.7034620649951933e-09,2.8578087846898515e-09,3.0198565908938343e-09,3.186222671514242e-09,3.3534519273727246e-09,3.5185805472029295e-09,3.679837995445765e-09,3.8373813428312705e-09,3.993895318869201e-09,4.154851021903998e-09,4.328219323484488e-09,4.523500641902373e-09,4.750065710565398e-09,5.014984542982142e-09,5.320710717456901e-09,5.663126085789301e-09,6.03047829052517e-09,6.403624665542387e-09,6.757738577562348e-09,7.0652945268641565e-09,7.299819484627897e-09,7.439680494890421e-09,7.47114453664519e-09,7.39011177212108e-09,7.20223959646058e-09,6.921547341224561e-09,6.56791223489674e-09,6.164052940500088e-09,5.732614242698177e-09,5.2938364546244294e-09,4.864076481452696e-09,4.45521788540427e-09,4.0748257896644295e-09,3.7268017064322455e-09,3.4122751823808187e-09,3.130512663500393e-09,2.8796986729504585e-09,2.6575219958684268e-09,2.4615612145515937e-09,2.2895019294776108e-09,2.139233540825494e-09,2.0088727125457656e-09,1.896750983615991e-09,1.8013915861787868e-09,1.7214893002811024e-09,1.6558988840412234e-09,1.6036324929361805e-09,1.563863951557397e-09,1.5359369224929134e-09,1.5193741689660177e-09,1.513885686765271e-09
2026-03-30 14:29:39.050751,[90.91132118],7.398441237796429e-07,7.423695315619727e-07,7.500061716166099e-07,7.629335280877452e-07,7.814441637760051e-07,8.059314216818306e-07,8.368673203964055e-07,8.747658126667594e-07,9.201255501613082e-07,9.733459956983208e-07,1.0346117511400166e-06,1.1037430499103522e-06,1.1800161726523127e-06,1.2619664137506598e-06,1.347197748692287e-06,1.4322359828761966e-06,1.5124729823872505e-06,1.5822544555381121e-06,1.6351580517624737e-06,1.6644885646262662e-06,1.6639817885457133e-06,1.6286615168044815e-06,1.5557438803764777e-06,1.4454425364741651e-06,1.3015112169652207e-06,1.1313777288115583e-06,9.457787240918584e-07,7.578897860621441e-07,5.820427618461165e-07,4.322081118872103e-07,3.204718762222385e-07,2.5574075893045726e-07,2.4286409452187857e-07,2.8228067246866175e-07,3.7020293739109976e-07,4.992639218690628e-07,6.594910039262327e-07,8.394432720301116e-07,1.0273541643111913e-06,1.2121494642761855e-06,1.3842514312877292e-06,1.5361227365272713e-06,1.6625420824537796e-06,1.7606334386875857e-06,1.8296917497219093e-06,1.8708600955440827e-06,1.88671746675828e-06,1.8808336429443601e-06,1.8573395183112338e-06,1.8205493482650026e-06,1.7746578109819064e-06,1.72352150028496e-06,1.6705231526594385e-06,1.6185086134751919e-06,1.569781613173384e-06,1.5261395828621621e-06,1.4889343067479434e-06,1.4591433310028188e-06,1.4374409070077718e-06,1.4242601971458915e-06,1.419841101951374e-06
2026-03-30 14:29:39.105897,[67.87175631],2.3254430013750483e-09,2.3339741001228e-09,2.359648595693139e-09,2.4026966000137185e-09,2.4634567078539623e-09,2.5423091045420725e-09,2.6395843175386504e-09,2.7554532122943336e-09,2.889809653813386e-09,3.0421653349058483e-09,3.211585612591122e-09,3.3967034519952472e-09,3.5958518454797122e-09,3.8073481800012964e-09,4.029941672356237e-09,4.263393931732799e-09,4.509104701077892e-09,4.770629526478719e-09,5.053882348711219e-09,5.366799733261821e-09,5.718290933723033e-09,6.1164248972898384e-09,6.566004544503883e-09,7.065912139807142e-09,7.60681034854952e-09,8.169871591955659e-09,8.727118236375478e-09,9.243668478487957e-09,9.681744640595988e-09,1.0005823572083052e-08,1.0187939079174218e-08,1.021201427725893e-08,1.00762709722794e-08,9.79319994549443e-09,9.38715578049341e-09,8.89018964971878e-09,8.337093659377733e-09,7.760710140620813e-09,7.188363378563053e-09,6.639889055474091e-09,6.127301737996134e-09,5.655780270868811e-09,5.2254458804065665e-09,4.833376578536347e-09,4.475408576896296e-09,4.147455862312005e-09,3.846265998627385e-09,3.5696752405673825e-09,3.3165075521536257e-09,3.0862825128658276e-09,2.8788736932560874e-09,2.694213883553817e-09,2.5320954907906833e-09,2.3920755321475305e-09,2.2734698023902264e-09,2.175409449840238e-09,2.0969319131316704e-09,2.037082732299825e-09,1.995011524199311e-09,1.9700519432285262e-09,1.9617804609462266e-09
2026-03-30 14:29:39.257585,[91.711525],9.043671894176657e-07,9.073846720047915e-07,9.165059384429725e-07,9.319353016221177e-07,9.540053334308116e-07,9.83162102773563e-07,1.019938806014372e-06,1.0649121499149947e-06,1.1186346488444572e-06,1.1815356525800033e-06,1.253785143171784e-06,1.3351179882892765e-06,1.4246232149898817e-06,1.520513364554546e-06,1.6199026213420753e-06,1.7186373363289824e-06,1.8112353106069282e-06,1.8909958319310622e-06,1.950335471137506e-06,1.981380650003937e-06,1.976805870313266e-06,1.9308504183909933e-06,1.8403866808892179e-06,1.7058652978291903e-06,1.5319430544377814e-06,1.3276215432696103e-06,1.1057915992101753e-06,8.821808336445597e-07,6.738176060427679e-07,4.972259858743356e-07,3.6662596516172355e-07,2.924152231234137e-07,2.801529854772443e-07,3.3016873862661965e-07,4.3780477969681265e-07,5.941992737739252e-07,7.87446193287859e-07,1.003939025878287e-06,1.229713451581351e-06,1.451639308197072e-06,1.6583604435874257e-06,1.8409307251521737e-06,1.9931379242372043e-06,2.111540966248695e-06,2.195269510112692e-06,2.245648653907989e-06,2.2657167330086882e-06,2.2597017306449786e-06,2.2325130688705104e-06,2.189292273854295e-06,2.135050430672253e-06,2.0744047978433512e-06,2.0114134652652166e-06,1.9494968613865978e-06,1.8914287675382954e-06,1.8393770422905961e-06,1.7949747327126156e-06,1.7594046515156187e-06,1.7334838489545478e-06,1.7177379206624048e-06,1.7124582567414277e-06
2026-03-30 14:29:39.307810,[68.27421566],2.417954438104994e-09,2.42614932890626e-09,2.450808848944704e-09,2.4921438917727016e-09,2.550461126455017e-09,2.6260985787799613e-09,2.7193426008783333e-09,2.830336743401827e-09,2.959000164119933e-09,3.104981933966135e-09,3.26768621195221e-09,3.446408483251934e-09,3.640620048599975e-09,3.850420966384769e-09,4.077145687807067e-09,4.324049202988406e-09,4.596930027968217e-09,4.904474910784005e-09,5.258063949214715e-09,5.670785306141736e-09,6.155504117557891e-09,6.722021937225202e-09,7.373631974100187e-09,8.103664366263409e-09,8.892835815871774e-09,9.708270915081041e-09,1.0504876816561467e-08,1.122932053610008e-08,1.1826256332272731e-08,1.224583344909242e-08,1.245107099194455e-08,1.2423575959662736e-08,1.2166368983739106e-08,1.170321049758434e-08,1.1074615140512e-08,1.0331475617837775e-08,9.527683861133848e-09,8.713224579606794e-09,7.928935830315472e-09,7.203603322837154e-09,6.5534562875350175e-09,5.983630917306655e-09,5.490871263971503e-09,5.066675034190662e-09,4.700220348713047e-09,4.380646325739298e-09,4.098517301191444e-09,3.8465110413792015e-09,3.619502175665594e-09,3.414261297960357e-09,3.2289765462851996e-09,3.0627548729502306e-09,2.9151995691123955e-09,2.7861062807693772e-09,2.675280390654732e-09,2.5824557885709204e-09,2.507285928750483e-09,2.449378185128276e-09,2.4083474958615305e-09,2.38387182872621e-09,2.37573808729448e-09
2026-03-30 14:29:39.459468,[93.28193658],1.4472440446389315e-06,1.4519885905777357e-06,1.466318568707809e-06,1.4905196280376074e-06,1.5250554367502272e-06,1.5705449204156991e-06,1.6277220442484212e-06,1.697369822221093e-06,1.780218401584839e-06,1.8767964792387274e-06,1.987227052943677e-06,2.110963933244969e-06,2.2464758127482413e-06,2.390900671436973e-06,2.539714205926845e-06,2.6864790078265146e-06,2.8227609955575234e-06,2.938308409324477e-06,3.0215778498439464e-06,3.0606544062180226e-06,3.0445470656553754e-06,2.964752916299077e-06,2.816890582308511e-06,2.602129315336944e-06,2.3281119092755857e-06,2.0091073522146546e-06,1.6652377407017234e-06,1.3207875102114325e-06,1.0017860220246578e-06,7.332109283153684e-07,5.362470181594147e-07,4.260288176625344e-07,4.1019704611738975e-07,4.884369682535656e-07,6.529845578894989e-07,8.899290301000418e-07,1.1810396363466059e-06,1.5058120682939477e-06,1.8434569682166397e-06,2.174618875388708e-06,2.482694454735612e-06,2.754694913372571e-06,2.9816584124151792e-06,3.1586611470889123e-06,3.2845024793210956e-06,3.361153405099574e-06,3.393061476128289e-06,3.386400778188408e-06,3.348343944416548e-06,3.286416025133089e-06,3.207969623074292e-06,3.1197998095304207e-06,3.027898663883769e-06,2.9373348487324595e-06,2.8522344256054577e-06,2.775835045709227e-06,2.7105858153592972e-06,2.65826820901743e-06,2.6201180083874187e-06,2.5969332366241074e-06,2.5891576569218703e-06
2026-03-30 14:29:39.663601,[93.98721957],1.8153177704837372e-06,1.8209968136675168e-06,1.8381358890897017e-06,1.867036765978752e-06,1.9081875293364772e-06,1.9622356798845793e-06,2.02994115977521e-06,2.1120999668418658e-06,2.209426891308954e-06,2.3223851599540454e-06,2.450952681442712e-06,2.594320732445631e-06,2.750532834971404e-06,2.9160900898117535e-06,3.0855736168356714e-06,3.2513617769751405e-06,3.403543187988949e-06,3.5301370529007103e-06,3.6177196629557522e-06,3.652511738884099e-06,3.6219032960736073e-06,3.5162887891796265e-06,3.3309750875167218e-06,3.0678376809033576e-06,2.7363684266512957e-06,2.353805255188455e-06,1.9441659821830603e-06,1.5362049368979688e-06,1.1605292106828422e-06,8.462951783395852e-07,6.180046838789369e-07,4.92905387620591e-07,4.793753999130251e-07,5.764739874414144e-07,7.746220541733118e-07,1.057192528159032e-06,1.402679005067276e-06,1.7870824112703696e-06,2.1861971387557926e-06,2.5775624626487795e-06,2.9419421165828832e-06,3.264282038827218e-06,3.534162263093793e-06,3.7458024462461113e-06,3.897705891877461e-06,3.992039465119602e-06,4.033850171894639e-06,4.0302149917556786e-06,3.9894093707247665e-06,3.920162458324005e-06,3.8310456125148776e-06,3.7300177438104957e-06,3.62412982921214e-06,3.5193739428167797e-06,3.4206508492892643e-06,3.3318247579116014e-06,3.255833383329638e-06,3.1948245606029634e-06,3.150295740487922e-06,3.1232183873670667e-06,3.114134669849674e-06
2026-03-30 14:29:39.863007,[88.39352831],5.688650405899007e-07,5.705549580581405e-07,5.756544832800196e-07,5.842518705259518e-07,5.964902552908109e-07,6.125602772044826e-07,6.326868185121634e-07,6.571068937839712e-07,6.86035022238694e-07,7.196121354914328e-07,7.578346327240382e-07,8.004621031467828e-07,8.469059864844685e-07,8.961073061557315e-07,9.464193467170476e-07,9.955197081504334e-07,1.0403835131364272e-06,1.0773527369034959e-06,1.102332391381576e-06,1.1111300242200879e-06,1.0999301101110496e-06,1.0658620931645612e-06,1.0075865200398058e-06,9.257972767603931e-07,8.235294366376593e-07,7.061788962214476e-07,5.811829125313734e-07,4.573729056364865e-07,3.4407828428936024e-07,2.5011496781523795e-07,1.8281928405360566e-07,1.472791805768595e-07,1.4587284632456582e-07,1.781621260354505e-07,2.411218926440147e-07,3.2963328943158996e-07,4.371388576942184e-07,5.563530320845088e-07,6.79936995545027e-07,8.010732450974789e-07,9.139033496605703e-07,1.0138161445099725e-06,1.0975906645051242e-06,1.1634090609605836e-06,1.2107614321667155e-06,1.2402685748697264e-06,1.253450872916523e-06,1.2524718056802905e-06,1.239882539394694e-06,1.2183896972670808e-06,1.1906621751339356e-06,1.159185736051584e-06,1.1261672118316892e-06,1.0934844348447496e-06,1.0626741048545022e-06,1.034947796942598e-06,1.0112259963544469e-06,9.921809409719308e-07,9.782806388542957e-07,9.698282488230818e-07,9.669927435654994e-07
2026-03-30 14:29:40.058940,[89.24657363],7.470187214087507e-07,7.491736322385797e-07,7.556695657888585e-07,7.665985944505768e-07,7.821086099451777e-07,8.023933509788091e-07,8.276751340546309e-07,8.581769478058344e-07,8.94079790605733e-07,9.354608557608191e-07,9.822088853978775e-07,1.0339153272558018e-06,1.0897444203545014e-06,1.1482923163198576e-06,1.2074545062031905e-06,1.2643308843303163e-06,1.3152062626314057e-06,1.3556475108191435e-06,1.3807528109158325e-06,1.3855707251467156e-06,1.3656763446382925e-06,1.317852167738765e-06,1.240780560972699e-06,1.1356241847617999e-06,1.0063626893781745e-06,8.59776719927147e-07,7.050244723177559e-07,5.528324747178005e-07,4.144030577343681e-07,3.0020450665934055e-07,2.1883787912635283e-07,1.7615853651224248e-07,1.747753326645445e-07,2.1397240355123553e-07,2.900194870353399e-07,3.967764551967607e-07,5.264676813832861e-07,6.705026256042006e-07,8.202423707673676e-07,9.676454636596696e-07,1.1057590984763715e-06,1.2290467238691667e-06,1.3335590454962343e-06,1.4169642602417651e-06,1.478458491911126e-06,1.5185812408058943e-06,1.5389639469928174e-06,1.5420418417219597e-06,1.5307589993816293e-06,1.5082932149831158e-06,1.477821224578082e-06,1.4423368912447104e-06,1.404526744141045e-06,1.3667000481365717e-06,1.3307653184735967e-06,1.2982422190166358e-06,1.2702969182574739e-06,1.247789717589441e-06,1.2313254846104015e-06,1.2212995444174211e-06,1.2179337810471103e-06
2026-03-30 14:29:40.320261,[67.75495354],2.3807678712525012e-09,2.389490679521426e-09,2.415870393378306e-09,2.460526913475139e-09,2.5244460567130846e-09,2.608906371717432e-09,2.715374621548056e-09,2.8453730778559327e-09,3.0003297165370933e-09,3.181434407671138e-09,3.3895388524204698e-09,3.6251516790594246e-09,3.888586427970393e-09,4.180310580614303e-09,4.5015095336143275e-09,4.854815234494565e-09,5.245058475645942e-09,5.679803484818993e-09,6.169345712411656e-09,6.725841944445254e-09,7.3613381249287255e-09,8.08468604351262e-09,8.897675806092785e-09,9.791084305016166e-09,1.0741632327629922e-08,1.1710921265040111e-08,1.2647186828781533e-08,1.349015159829985e-08,1.4178487773811516e-08,1.4658627118317414e-08,1.4893129816556119e-08,1.4866751460706984e-08,1.4588796400656896e-08,1.409121042147055e-08,1.3422893547940579e-08,1.2641593574559884e-08,1.1805215643436359e-08,1.0964339672673953e-08,1.0157236801259757e-08,9.407916267004831e-09,8.72696630733713e-09,8.114389302439603e-09,7.563383783363713e-09,7.064088908209152e-09,6.606586925055716e-09,6.18282508419442e-09,5.787452323314661e-09,5.417794135888282e-09,5.07328983160836e-09,4.754709445168654e-09,4.463393507298504e-09,4.200660460710181e-09,3.967435969398987e-09,3.764093093363252e-09,3.5904563078112833e-09,3.445910965333281e-09,3.329564652797112e-09,3.2404196333226047e-09,3.177529873101193e-09,3.140128288879856e-09,3.127718279477665e-09
2026-03-30 14:29:40.526441,[69.08752756],3.2070978929678733e-09,3.2171192381288327e-09,3.2475032800996566e-09,3.2991920233062574e-09,3.373693428538584e-09,3.4729822809784773e-09,3.599352657235514e-09,3.755221183669076e-09,3.942891200675796e-09,4.164305994634415e-09,4.420843048492296e-09,4.713226012018743e-09,5.041647675330922e-09,5.4061924667439205e-09,5.807606207501372e-09,6.248373297011511e-09,6.7339282638665245e-09,7.273670795760622e-09,7.881316406898234e-09,8.574064129662292e-09,9.370166216029636e-09,1.0284785226433744e-08,1.1324505254658801e-08,1.2481430465686858e-08,1.3728284733091379e-08,1.5016117250032967e-08,1.627595785745323e-08,1.7425012235149465e-08,1.8376875461948406e-08,1.9054071279515273e-08,1.9400371737956333e-08,1.939014008273051e-08,1.9032502299074915e-08,1.8369363940828417e-08,1.7467793712186763e-08,1.6408633549261374e-08,1.5273969289436414e-08,1.4136112531416043e-08,1.3050068194421831e-08,1.20503711598607e-08,1.1152038554298076e-08,1.0354525172496532e-08,9.647167267077145e-09,9.014660136265847e-09,8.441507321547e-09,7.914912128733469e-09,7.426078139535319e-09,6.970230518572268e-09,6.545827855263326e-09,6.153431003955607e-09,5.7945900266366715e-09,5.470966409432254e-09,5.183773922417522e-09,4.933524435851649e-09,4.720011253864982e-09,4.542445404193708e-09,4.399667415679468e-09,4.290375949569107e-09,4.213335767727717e-09,4.1675453215908015e-09,4.152356456125928e-09
2026-03-30 14:29:40.684583,[92.11321822],1.8001670394131423e-06,1.8049698606708344e-06,1.819414425294142e-06,1.843605039129903e-06,1.8777014803759413e-06,1.9218952634036184e-06,1.9763710279044e-06,2.0412475888270526e-06,2.116491903923447e-06,2.2017988490243147e-06,2.2964311533085173e-06,2.399018291209653e-06,2.5073216807401996e-06,2.6179868091450612e-06,2.7263202985445636e-06,2.8261489033748e-06,2.909833078377789e-06,2.9685130270436315e-06,2.992652241660688e-06,2.9729065273666996e-06,2.9012846266672638e-06,2.772487320955366e-06,2.5852320666666546e-06,2.343313534797321e-06,2.056141228165677e-06,1.738549769445757e-06,1.4097948967089212e-06,1.0918073036770307e-06,8.06938412956432e-07,5.75551747426146e-07,4.138544720423047e-07,3.323122207301225e-07,3.348613374184255e-07,4.189646211392483e-07,5.76397674036169e-07,7.94543523828431e-07,1.0579331504823578e-06,1.3497941508484154e-06,1.6534357070034558e-06,1.953375391367165e-06,2.2361777436588664e-06,2.4910142274207822e-06,2.709970355611775e-06,2.8881278124318848e-06,3.0234480483213172e-06,3.1164860931730463e-06,3.1699705964881864e-06,3.188295312429213e-06,3.1769737273808734e-06,3.1421086734026574e-06,3.089921525662863e-06,3.0263724567412055e-06,2.9568873028377024e-06,2.886191241961531e-06,2.818237272387672e-06,2.756209715054313e-06,2.702579700122319e-06,2.6591900042245235e-06,2.6273494399415543e-06,2.607921026274066e-06,2.601392424253482e-06
2026-03-30 14:29:40.735105,[69.03805517],4.067504129005998e-09,4.078638543685865e-09,4.112317056143439e-09,4.169360036073155e-09,4.251115427189842e-09,4.359425605709819e-09,4.496573273257049e-09,4.665200157422627e-09,4.868193020316474e-09,5.1085345292777874e-09,5.389122466728273e-09,5.712569479310806e-09,6.08100587765921e-09,6.4959170947677335e-09,6.958050858790723e-09,7.467421614936783e-09,8.023416835118263e-09,8.624970839011495e-09,9.270722489047318e-09,9.959027841087809e-09,1.068767885311614e-08,1.1453207427712867e-08,1.2249745162383661e-08,1.3067558904537681e-08,1.389155972460381e-08,1.4700232484668549e-08,1.5465488092180524e-08,1.6153847579396828e-08,1.6729113442439236e-08,1.715631369067889e-08,1.7406316092132044e-08,1.7460228657599745e-08,1.731263424855745e-08,1.6972898095735376e-08,1.6464198441501324e-08,1.5820448231195885e-08,1.5081748567468457e-08,1.4289307711425394e-08,1.3480800386434545e-08,1.2686941487993938e-08,1.1929688022325507e-08,1.1222081252437779e-08,1.0569408768317895e-08,9.971174353553712e-09,9.423329171719152e-09,8.92031132617373e-09,8.456606240179174e-09,8.02771833422685e-09,7.630590249472528e-09,7.2635966862054524e-09,6.926274091265929e-09,6.618937401408983e-09,6.342299114577302e-09,6.097161419475517e-09,5.884211410571265e-09,5.703919112971234e-09,5.556519735256386e-09,5.442053657813755e-09,5.360437128765758e-09,5.31154035890165e-09,5.295255206752029e-09
2026-03-30 14:29:40.880572,[86.53855954],5.630962749785647e-07,5.645025952974232e-07,5.687301908092472e-07,5.758038972595956e-07,5.857613274637142e-07,5.986464156019432e-07,6.144987696178344e-07,6.333371808442111e-07,6.551352357318583e-07,6.797868401417901e-07,7.070598853334943e-07,7.365376128928527e-07,7.675498197983913e-07,7.991000676606668e-07,8.298003278701173e-07,8.578302132867965e-07,8.809425930159756e-07,8.965388005608414e-07,9.01832474554693e-07,8.94109581780435e-07,8.710732825103814e-07,8.312384711906886e-07,7.743173239810488e-07,7.015212510615112e-07,6.157035050201983e-07,5.212847888552672e-07,4.239407253415944e-07,3.300778797249786e-07,2.4617205074917275e-07,1.7807523192762197e-07,1.3040579954792062e-07,1.061172195193374e-07,1.0629969289762347e-07,1.3021919486234614e-07,1.75553882849145e-07,2.3876019641029214e-07,3.154945606626787e-07,4.010283152547792e-07,4.906150719853151e-07,5.797918060033966e-07,6.646108487944226e-07,7.418072695714382e-07,8.089066744469961e-07,8.64276119122749e-07,9.071193498546372e-07,9.37418936456903e-07,9.558318817076886e-07,9.635503290673327e-07,9.621429920173995e-07,9.533944066343493e-07,9.391576211485477e-07,9.212320312882758e-07,9.01272890588296e-07,8.807338158181677e-07,8.608393370300045e-07,8.425817202897729e-07,8.267349825348564e-07,8.138789671664979e-07,8.044271490897075e-07,7.986530750744652e-07,7.967116923689658e-07
2026-03-30 14:29:41.076663,[87.47553647],7.254541697711428e-07,7.271902112783003e-07,7.324033289149973e-07,7.411071558640053e-07,7.533197022900628e-07,7.690554818304318e-07,7.883128208103993e-07,8.110546062798558e-07,8.371802674409484e-07,8.664866068335294e-07,8.986155322623027e-07,9.329882120920782e-07,9.687281095925954e-07,1.004579989917175e-06,1.0388381400687373e-06,1.0693037863238548e-06,1.0932972356908123e-06,1.1077520188625997e-06,1.1094134133833127e-06,1.0951500330942475e-06,1.062364522914882e-06,1.0094607376118382e-06,9.362964991768156e-07,8.445319794799913e-07,7.377828152012114e-07,6.215097103131669e-07,5.026214763051826e-07,3.888273157483405e-07,2.8783153752784554e-07,2.0650292869091777e-07,1.5015906760822878e-07,1.220795973644445e-07,1.2330958249417647e-07,1.5275072838842613e-07,2.074831521203885e-07,2.8322793383317633e-07,3.7485613422049524e-07,4.768687431254576e-07,5.838028352979274e-07,6.90549396659282e-07,7.92588763001753e-07,8.861574009327363e-07,9.683575211460112e-07,1.03721444834999e-06,1.0916813628442259e-06,1.1315901861254643e-06,1.1575511900651338e-06,1.1708102874573449e-06,1.1730790318360057e-06,1.16635579661008e-06,1.1527564094890738e-06,1.1343690353005448e-06,1.1131425782282327e-06,1.0908118409406235e-06,1.0688574188928635e-06,1.0484945889290076e-06,1.0306834839343795e-06,1.0161524191964278e-06,1.005426915034278e-06,9.988582637179915e-07,9.96647016944956e-07
2026-03-30 14:29:41.273022,[88.01412391],8.80357883121003e-07,8.824605514053231e-07,8.887705410972835e-07,8.992919235509661e-07,9.140249771152165e-07,9.329556040121199e-07,9.560388233284662e-07,9.831746006238706e-07,1.0141738622429456e-06,1.0487124645154792e-06,1.0862714996370543e-06,1.1260640716449138e-06,1.1669520076829204e-06,1.2073611112919813e-06,1.2452102518921743e-06,1.277876762455156e-06,1.3022262609846093e-06,1.3147362545170311e-06,1.3117366172804954e-06,1.2897740111577387e-06,1.2460815626614854e-06,1.1791031371543653e-06,1.088990678034383e-06,9.77973259754578e-07,8.504975063666621e-07,7.130665982688498e-07,5.737575066103487e-07,4.4146282442828936e-07,3.249672492185609e-07,2.3201046621251148e-07,1.6849414005903722e-07,1.3795797982060017e-07,1.4138795889766111e-07,1.7734765054350661e-07,2.423625556061493e-07,3.314531033128704e-07,4.387098726168244e-07,5.578284047526049e-07,6.825572808373379e-07,8.070473289587336e-07,9.261118216723847e-07,1.0354144949216607e-06,1.1315978314859373e-06,1.212355294043277e-06,1.2764446511126686e-06,1.3236388213346598e-06,1.3546157318876682e-06,1.370796860415601e-06,1.3741518492017548e-06,1.3669910324743472e-06,1.3517677058510364e-06,1.3309079350539415e-06,1.3066791725354959e-06,1.2811017736581479e-06,1.2559012289073535e-06,1.2324944778339863e-06,1.2120013015941601e-06,1.1952712560943456e-06,1.1829173888319377e-06,1.1753495084818942e-06,1.1728015717656745e-06
2026-03-30 14:29:41.320769,[65.59401673],2.5461707265716187e-09,2.5541038623727e-09,2.577911052739764e-09,2.617594194088105e-09,2.6730869640680246e-09,2.7441582122750025e-09,2.8302936824731708e-09,2.930576533734963e-09,3.043596424553089e-09,3.167426040183472e-09,3.2997098136372713e-09,3.4379077881630127e-09,3.5797229848198273e-09,3.723708965790499e-09,3.870004302685885e-09,4.021076910959956e-09,4.182296118987798e-09,4.362104382059891e-09,4.571559080043294e-09,4.823080851343293e-09,5.128388703453835e-09,5.495810848970761e-09,5.92739216380595e-09,6.416407860638306e-09,6.945963357109574e-09,7.48925479586017e-09,8.011770683002198e-09,8.475282323439726e-09,8.84300712682162e-09,9.084972123011476e-09,9.182476540667157e-09,9.130710631461386e-09,8.939001686327171e-09,8.628711799427073e-09,8.229344004742487e-09,7.773773085294364e-09,7.293615638239796e-09,6.815589643341061e-09,6.359365280791638e-09,5.93699848689149e-09,5.553686836374729e-09,5.209373856348287e-09,4.900675999604833e-09,4.622688497642771e-09,4.370384812716869e-09,4.139497669565511e-09,3.926910913418321e-09,3.730677622293708e-09,3.549810118082448e-09,3.3839754426318626e-09,3.2331945516385628e-09,3.097602172555989e-09,2.9772885984567346e-09,2.8722200137478955e-09,2.7822207304408766e-09,2.7069965848846876e-09,2.646180376408797e-09,2.599384577702264e-09,2.566251426843455e-09,2.54649467638988e-09,2.539930233657139e-09
2026-03-30 14:29:41.519548,[73.30664244],5.6100616662138866e-09,5.624255280072332e-09,5.667300433334718e-09,5.74052915497505e-09,5.845950648425156e-09,5.985909660604062e-09,6.162565012424838e-09,6.377163469760711e-09,6.629104561006957e-09,6.914833391032034e-09,7.226662529443171e-09,7.551706158486068e-09,7.871195973874185e-09,8.160513601659308e-09,8.390283366591911e-09,8.528784015759649e-09,8.545730825159508e-09,8.417151272052496e-09,8.130674615867234e-09,7.690177451455505e-09,7.118512826590005e-09,6.457141672875394e-09,5.761968971552092e-09,5.095535812101127e-09,4.516757291109145e-09,4.07032253320534e-09,3.778340939121027e-09,3.6365678735137042e-09,3.616526035216852e-09,3.6732851053553384e-09,3.757034606741732e-09,3.825427833310601e-09,3.853408333269218e-09,3.837976001262512e-09,3.7968685759893336e-09,3.761912820022223e-09,3.769247596824683e-09,3.849295147680692e-09,4.019114325440906e-09,4.278791763846306e-09,4.612215976658998e-09,4.991384712871363e-09,5.382651277126994e-09,5.753147720212791e-09,6.075953314980163e-09,6.333195227055568e-09,6.516933143487878e-09,6.628201961018634e-09,6.674872730556244e-09,6.669041995421643e-09,6.6245368421520125e-09,6.5549144664010715e-09,6.4721189506451685e-09,6.3857855514703826e-09,6.303075318955951e-09,6.228877911213962e-09,6.1662222287188855e-09,6.116763247353582e-09,6.081251875331128e-09,6.0599308550712066e-09,6.052827414835234e-09
2026-03-30 14:29:41.571518,[68.0592731],3.0062546875817913e-09,3.0142975504620923e-09,3.0384822881211954e-09,3.0789566823510164e-09,3.1358994341071404e-09,3.2094238418139194e-09,3.299455150996065e-09,3.405598129240741e-09,3.527021235329327e-09,3.662395153785467e-09,3.809934015270053e-09,3.967593108860147e-09,4.133471482027433e-09,4.306444981422908e-09,4.48700973401843e-09,4.678246790650131e-09,4.886732427974556e-09,5.123132807170529e-09,5.402164561410552e-09,5.741609324308874e-09,6.160172033054657e-09,6.674184572852564e-09,7.293460491338499e-09,8.016944873966059e-09,8.829081379477347e-09,9.697926312060646e-09,1.0575889219416163e-08,1.1403544379164534e-08,1.2116300972778326e-08,1.265299433551365e-08,1.2964871954523171e-08,1.3023189715847458e-08,1.2823817603194357e-08,1.2387860139425893e-08,1.1758171760174323e-08,1.0992549961743673e-08,1.0155070954621442e-08,9.307319979211445e-09,8.501115160968148e-09,7.7738155784007e-09,7.1466176867728815e-09,6.625580102650007e-09,6.204635273817846e-09,5.869627548743126e-09,5.60245368535425e-09,5.384602424139079e-09,5.199694814531496e-09,5.034923868074573e-09,4.881517902785077e-09,4.734480666922656e-09,4.5918983884445e-09,4.454073779413062e-09,4.322680330038546e-09,4.200053970132439e-09,4.088671825755604e-09,3.990818487006099e-09,3.908410567394275e-09,3.8429373828472e-09,3.795474381817422e-09,3.766731593026019e-09,3.757107963805449e-09
2026-03-30 14:29:41.722652,[90.53035749],1.6698436379552485e-06,1.6733521109677958e-06,1.6838615278447281e-06,1.7013212625216029e-06,1.7256379417538489e-06,1.7566609739680674e-06,1.7941601791203924e-06,1.837793135226833e-06,1.8870590386284944e-06,1.941235415579976e-06,1.999294510325216e-06,2.059798410651955e-06,2.1207768123137264e-06,2.179599347352793e-06,2.2328654073429893e-06,2.2763468342518606e-06,2.30502944020529e-06,2.313303132870624e-06,2.2953418603715185e-06,2.2456892591105323e-06,2.1600231580385476e-06,2.03601741466178e-06,1.8741653095237523e-06,1.678392394410941e-06,1.4562859984932372e-06,1.2188145872953047e-06,9.795007225383712e-07,7.531283571618183e-07,5.541776688365139e-07,3.9525412509987194e-07,2.8578751136160084e-07,2.312153552303449e-07,2.3275093843703277e-07,2.8770402538807535e-07,3.90212507626145e-07,5.321853193485982e-07,7.042608597781565e-07,8.966385416279605e-07,1.0997171502662447e-06,1.3045431413201167e-06,1.503114290476183e-06,1.6885932908222122e-06,1.8554695438651101e-06,1.9996804705024872e-06,2.118680951730896e-06,2.2114399922949093e-06,2.2783487342834073e-06,2.3210388225066865e-06,2.3421275031793223e-06,2.344919164226633e-06,2.333098618252982e-06,2.3104489180257267e-06,2.2806179863494668e-06,2.246947042907213e-06,2.212362759130442e-06,2.179326362744906e-06,2.149827468496641e-06,2.125408163256121e-06,2.1072031442215642e-06,2.0959836008152444e-06,2.0921952207590848e-06
2026-03-30 14:29:41.782210,[69.07318377],3.948880821083639e-09,3.960724174349805e-09,3.9964284013357486e-09,4.056497843948592e-09,4.141712274695765e-09,4.253035264518363e-09,4.391486772907404e-09,4.557984792035646e-09,4.753167475057109e-09,4.977216624268312e-09,5.229714650706317e-09,5.509577625435956e-09,5.815112623099006e-09,6.144242627507441e-09,6.49492101754808e-09,6.865716222364568e-09,7.256486608275248e-09,7.66899502564789e-09,8.107250111496348e-09,8.577333550663312e-09,9.086506738195547e-09,9.641505469442632e-09,1.0246125190086473e-08,1.089843970161299e-08,1.1588220651994312e-08,1.2295254011315915e-08,1.2989211274623425e-08,1.363149377323552e-08,1.4179056268391633e-08,1.4589724761862008e-08,1.482809101571502e-08,1.4870831034619833e-08,1.4710345641126113e-08,1.4355961336781144e-08,1.3832469951642249e-08,1.3176373513084503e-08,1.2430672185490546e-08,1.1639267545245631e-08,1.084201041117264e-08,1.0071146676496288e-08,9.349511102851762e-09,8.690411393670264e-09,8.09883434566128e-09,7.573445952998788e-09,7.108849050675183e-09,6.6976669770668406e-09,6.332183453179334e-09,6.0054338870237555e-09,5.711774393513276e-09,5.447035402217059e-09,5.208397896572913e-09,4.994124063934677e-09,4.803246167788603e-09,4.635281979460891e-09,4.490012075438074e-09,4.3673289321467385e-09,4.267151410390174e-09,4.189389880584822e-09,4.133944787597652e-09,4.100722667825524e-09,4.0896567071933e-09
2026-03-30 14:29:41.940490,[84.91457287],5.162013552993215e-07,5.172165334437806e-07,5.202561590747969e-07,5.253018206226389e-07,5.323204621399488e-07,5.412605106878714e-07,5.520457692574528e-07,5.645663036183759e-07,5.786652906385797e-07,5.941206534712239e-07,6.106204727365146e-07,6.277318830871386e-07,6.448647021127418e-07,6.612335566146619e-07,6.75825677606202e-07,6.873853102254237e-07,6.944287706637379e-07,6.953050412774975e-07,6.883137306219728e-07,6.718839936288752e-07,6.448046053766204e-07,6.064787270663021e-07,5.571610085958098e-07,4.981249718184688e-07,4.317103573382497e-07,3.612161865110606e-07,2.906343202497614e-07,2.242540054174797e-07,1.6620037739123233e-07,1.1998872066245731e-07,8.817449122647243e-08,7.215619131626472e-08,7.215088711006175e-08,8.732218941610004e-08,1.1601021468543664e-07,1.5600072361228954e-07,2.0477769749875946e-07,2.597246141958169e-07,3.1826515425820195e-07,3.7795461759689865e-07,4.365431698742011e-07,4.920304843415511e-07,5.427220451163251e-07,5.872859831404937e-07,6.248008883513482e-07,6.547822996051158e-07,6.771784719035893e-07,6.92332477776546e-07,7.009148810925477e-07,7.038367246843204e-07,7.021551116845066e-07,6.969831570790306e-07,6.894133368538715e-07,6.804594336295411e-07,6.710184610780042e-07,6.618508943986809e-07,6.53575576392816e-07,6.466747979227931e-07,6.415050446974197e-07,6.38309458716252e-07,6.372289046162139e-07
2026-03-30 14:29:41.985920,[65.08314597],1.5132341021846605e-09,1.5176947560103949e-09,1.5311574477591836e-09,1.553859821254785e-09,1.5861825822313142e-09,1.6286258119685965e-09,1.6817749066156863e-09,1.746256115867363e-09,1.8226828874437032e-09,1.9115963004266767e-09,2.013405743151595e-09,2.1283393033417264e-09,2.256416281687339e-09,2.3974554772363216e-09,2.551130645987131e-09,2.717076963720626e-09,2.8950382715299383e-09,3.0850249158521245e-09,3.287429478267655e-09,3.5030293406260856e-09,3.732800282562071e-09,3.977483957240441e-09,4.23690026295775e-09,4.509071063685668e-09,4.789310341375982e-09,5.069512067310914e-09,5.337899312864493e-09,5.579459552014241e-09,5.777172195557287e-09,5.913952123731751e-09,5.975031416464907e-09,5.9503410183574695e-09,5.836391629514927e-09,5.6372202742535354e-09,5.3641574171214755e-09,5.034430561734859e-09,4.6688803580741995e-09,4.289250884370255e-09,3.915578617967119e-09,3.564136325828417e-09,3.2462198936825883e-09,2.9678544432592547e-09,2.7303015519666e-09,2.531117435784575e-09,2.3654620864870357e-09,2.22738491464349e-09,2.1108887236362227e-09,2.0106696789241307e-09,1.922519147943373e-09,1.8434367866453438e-09,1.7715373608128907e-09,1.705839875871227e-09,1.6460150104973448e-09,1.5921450593534542e-09,1.5445274282086066e-09,1.5035332064929384e-09,1.4695186635542104e-09,1.4427797530581047e-09,1.4235367365424032e-09,1.4119363117826488e-09,1.4080607341801125e-09
2026-03-30 14:29:42.149233,[85.78130856],6.525789966032073e-07,6.538396407166769e-07,6.576107460812231e-07,6.638589397156415e-07,6.725255522553996e-07,6.83521766201501e-07,6.967211985703539e-07,7.119491764842468e-07,7.28967678426385e-07,7.474547420277309e-07,7.669772941321126e-07,7.869571326575421e-07,8.066314951779805e-07,8.250124954100466e-07,8.408536147550751e-07,8.526358211226264e-07,8.585895292793265e-07,8.567697043404914e-07,8.451979095302192e-07,8.220754783417125e-07,7.860561667891631e-07,7.365468220632277e-07,6.739855440750256e-07,6.000350479776136e-07,5.176308576499675e-07,4.3084321127351685e-07,3.445466554812738e-07,2.639347505808856e-07,1.9395707057162218e-07,1.3877893689862001e-07,1.0136228874035745e-07,8.323788871690218e-08,8.44927509090158e-08,1.0394666293267691e-07,1.394533889192171e-07,1.8824624949415493e-07,2.472564287653606e-07,3.133590718984188e-07,3.835352320305011e-07,4.549650140988842e-07,5.250811276901454e-07,5.916111418266403e-07,6.526252564276979e-07,7.065913924865896e-07,7.524274321514918e-07,7.895353330872588e-07,8.178039807060045e-07,8.375747427742327e-07,8.495723333480161e-07,8.548107116358625e-07,8.544875421119808e-07,8.498809002822359e-07,8.422592195061053e-07,8.328112657395758e-07,8.225985106198784e-07,8.125285973293723e-07,8.033461274985935e-07,7.95635791285777e-07,7.898326958437133e-07,7.862352866486287e-07,7.850171794089591e-07
2026-03-30 14:29:42.357458,[65.35258855],2.301467770165824e-09,2.3074827566435454e-09,2.32556804391408e-09,2.355842106773396e-09,2.3984950979380853e-09,2.4537815375222657e-09,2.5220171282665286e-09,2.6035859833352902e-09,2.69896481692718e-09,2.8087691359075817e-09,2.9338224067631243e-09,3.0752419987183263e-09,3.2345254872563473e-09,3.4136087901713727e-09,3.6148561763299336e-09,3.840935443480548e-09,4.094534369330048e-09,4.377891334580824e-09,4.692145936061931e-09,5.036562315956283e-09,5.407731119353872e-09,5.798902442305139e-09,6.199625958643958e-09,6.595861324814606e-09,6.970664683367946e-09,7.3054598452084794e-09,7.581782746368148e-09,7.78327242435876e-09,7.897601624829104e-09,7.918019884709497e-09,7.844232054433175e-09,7.682447860818178e-09,7.444588529808023e-09,7.146789875049327e-09,6.807462567423431e-09,6.445233775908173e-09,6.077089795198108e-09,5.716973338526356e-09,5.374982089906329e-09,5.057194070456466e-09,4.7660370805531225e-09,4.501043895996683e-09,4.259801647825974e-09,4.038911722941574e-09,3.83481584220093e-09,3.644400287425416e-09,3.4653487166628096e-09,3.296262809845849e-09,3.136602268533377e-09,2.986509832654398e-09,2.8465855326103102e-09,2.7176623404929616e-09,2.6006182864191423e-09,2.4962427268239714e-09,2.405159992905689e-09,2.327803614601444e-09,2.2644288164559516e-09,2.2151492306241237e-09,2.179984599539294e-09,2.158908488658636e-09,2.151887788801215e-09
2026-03-30 14:29:42.516007,[87.8456997],1.1840713511962825e-06,1.186290734948144e-06,1.1929245936024228e-06,1.203898232649684e-06,1.219081004810735e-06,1.2382766947174818e-06,1.261209209262087e-06,1.2875025773050334e-06,1.3166539134939636e-06,1.3479978716183688e-06,1.3806615440589768e-06,1.413510212204752e-06,1.4450872890940258e-06,1.4735564981254563e-06,1.4966605815220648e-06,1.51171758257639e-06,1.5156809155053878e-06,1.5052900380146715e-06,1.4773313335711849e-06,1.4290115271445385e-06,1.3584188754322508e-06,1.2650146348473e-06,1.1500672153745762e-06,1.0169249645826853e-06,8.710310257767053e-07,7.196204089446775e-07,5.711015993414215e-07,4.3419889713538967e-07,3.169962050583596e-07,2.2605661298380965e-07,1.6578108629319872e-07,1.3811418898013754e-07,1.4262076571761053e-07,1.7687090012101915e-07,2.3700805079555738e-07,3.1835452155317263e-07,4.1593133802875484e-07,5.248230040311055e-07,6.403795106577045e-07,7.582967834113228e-07,8.74639183793409e-07,9.858622002080972e-07,1.088868617701007e-06,1.181100662505021e-06,1.2606462147099586e-06,1.3263262736772753e-06,1.377734121860664e-06,1.415209771075272e-06,1.439749855440558e-06,1.4528673273951195e-06,1.4564235982173431e-06,1.4524573314468499e-06,1.4430302372263148e-06,1.4301032634623014e-06,1.4154489156565303e-06,1.4005988356431776e-06,1.386821164073383e-06,1.3751197807010177e-06,1.3662469346270586e-06,1.3607214930743618e-06,1.3588464975645549e-06
2026-03-30 14:29:42.570327,[67.71129313],5.694922773229012e-09,5.712072033775633e-09,5.763625800042979e-09,5.849877862480948e-09,5.971237211796423e-09,6.128107164549067e-09,6.320718190638718e-09,6.548920534134724e-09,6.8119495965095606e-09,7.1081864429353256e-09,7.4349464422774165e-09,7.788338443959834e-09,8.163241297886556e-09,8.553439551409009e-09,8.951941999461027e-09,9.351474001044727e-09,9.74509004373477e-09,1.012680552221934e-08,1.0492109928678793e-08,1.0838213831202577e-08,1.1163912378132998e-08,1.1469022400402746e-08,1.1753457719962167e-08,1.2016121916292155e-08,1.2253883719982392e-08,1.2460923275230204e-08,1.2628679092549811e-08,1.2746492688261237e-08,1.2802874817716032e-08,1.2787155199031291e-08,1.2691177151941003e-08,1.2510690193194597e-08,1.224617647094984e-08,1.1902990009814332e-08,1.14908433850125e-08,1.1022799290654126e-08,1.0513987422337064e-08,9.980267616940986e-09,9.437015677938968e-09,8.898144610583569e-09,8.375413528447686e-09,7.878031319111692e-09,7.412533596670622e-09,6.982894534654768e-09,6.590824116681103e-09,6.236193274950873e-09,5.917524826961644e-09,5.6324892472095e-09,5.3783526230318864e-09,5.152338998538651e-09,4.951887897296177e-09,4.774806245208149e-09,4.6193286539236746e-09,4.484108949020683e-09,4.368168578887754e-09,4.27082522807181e-09,4.191619495589683e-09,4.1302509069767186e-09,4.086528439661578e-09,4.060336164102962e-09,4.051611929293816e-09
2026-03-30 14:29:42.725974,[88.56401454],1.4315536452076597e-06,1.434011817154651e-06,1.4413497771388013e-06,1.4534562526604513e-06,1.4701403741553948e-06,1.4911232763298687e-06,1.5160256396291133e-06,1.5443501849852966e-06,1.5754576144112914e-06,1.6085341096608205e-06,1.6425486564712398e-06,1.6761997151175733e-06,1.7078537320150957e-06,1.7354831279285379e-06,1.7566186069040137e-06,1.7683388393887697e-06,1.7673274471768551e-06,1.7500292302361466e-06,1.7129307195447596e-06,1.6529713634506136e-06,1.5680607727991574e-06,1.457638865025163e-06,1.3231789958028621e-06,1.1685123800678534e-06,9.998581179491635e-07,8.254841051070732e-07,6.549966108629999e-07,4.983445600607475e-07,3.6470346086694053e-07,2.614469648056719e-07,1.9340343189201651e-07,1.6252968138383853e-07,1.6803240632001542e-07,2.068609641381207e-07,2.7441676378692326e-07,3.652969146006128e-07,4.7391701683560046e-07,5.949246859929893e-07,7.233945952164629e-07,8.548600304667818e-07,9.852673794690511e-07,1.1109353563527521e-06,1.2285698556951042e-06,1.3353447377677692e-06,1.4290246005280745e-06,1.5080876522824693e-06,1.5718071368309592e-06,1.6202638271548515e-06,1.6542821572032974e-06,1.6753011364929306e-06,1.685203386525123e-06,1.686129827674139e-06,1.6803048122603836e-06,1.669889417723015e-06,1.6568720206853694e-06,1.642997419128582e-06,1.6297299593244583e-06,1.618242752373594e-06,1.6094238846117001e-06,1.6038909676832663e-06,1.6020068153577828e-06
2026-03-30 14:29:42.781492,[68.98459988],2.758792255795615e-09,2.7623018885553806e-09,2.7727369081625723e-09,2.789815221545463e-09,2.813066224076193e-09,2.8418338129669047e-09,2.87528769138382e-09,2.9124492595380314e-09,2.9522388040083127e-09,2.993549717640119e-09,3.035352595262155e-09,3.0768268829243144e-09,3.1175103157241286e-09,3.1574473098418227e-09,3.1973082793756046e-09,3.2384449148707835e-09,3.282844787991141e-09,3.3329551917776503e-09,3.391362799932519e-09,3.4603422652254784e-09,3.541319948826117e-09,3.6343320213085787e-09,3.737580332744915e-09,3.8471956086662794e-09,3.957299198359249e-09,4.06041068845481e-09,4.148185168247762e-09,4.212393481918352e-09,4.245998177601782e-09,4.244143448173051e-09,4.204880261885816e-09,4.12949018028859e-09,4.022344873351003e-09,3.890326480956264e-09,3.741916196145046e-09,3.586115920956747e-09,3.431388506166725e-09,3.2847835755302168e-09,3.1513656082189363e-09,3.033993139284735e-09,2.9334295118584213e-09,2.8487113591114344e-09,2.777670142877282e-09,2.717496885378066e-09,2.6652566733177307e-09,2.6182895223237427e-09,2.57446850451001e-09,2.5323167240839024e-09,2.4910067101649755e-09,2.4502772954777253e-09,2.4103050171950916e-09,2.3715621449287127e-09,2.3346847887864083e-09,2.300365004047771e-09,2.2692723887693005e-09,2.2420044127882946e-09,2.219060859417001e-09,2.2008360062757176e-09,2.1876219652904842e-09,2.17961735516371e-09,2.1769367049086787e-09
2026-03-30 14:29:43.153620,[84.02577131],5.501571919533526e-07,5.509920392949503e-07,5.534800681463388e-07,5.575714171121325e-07,5.631819019365254e-07,5.701913373796586e-07,5.784409981199317e-07,5.87729867854692e-07,5.978090625152443e-07,6.083735567710261e-07,6.190502468400714e-07,6.293816788067842e-07,6.388057327564915e-07,6.466334013840445e-07,6.520295611853422e-07,6.540049523956698e-07,6.514305927990514e-07,6.43087172687202e-07,6.277599827955261e-07,6.043832866060909e-07,5.7222650984739e-07,5.310997290006436e-07,4.815413235552413e-07,4.249414780990838e-07,3.635566774222678e-07,3.0038550461254215e-07,2.389038653096203e-07,1.826921807129386e-07,1.3501821978362345e-07,9.845641924547674e-08,7.462044375822765e-08,6.405975915974592e-08,6.633023029873922e-08,8.020587218302983e-08,1.0396748449128868e-07,1.3569337437096698e-07,1.7348944474958434e-07,2.156243999660903e-07,2.605695072988497e-07,3.0696970909383315e-07,3.535862614551904e-07,3.9924889173602497e-07,4.4284167985221723e-07,4.833284949770507e-07,5.198078212006122e-07,5.515777051516091e-07,5.781905150995237e-07,5.994825180765228e-07,6.155717574310438e-07,6.268261018351057e-07,6.338093688689189e-07,6.372161839280132e-07,6.378059749178108e-07,6.363441827986858e-07,6.335555374327985e-07,6.300910764508197e-07,6.26508082385609e-07,6.232605220566276e-07,6.206968569194108e-07,6.190620655995758e-07,6.185011483949382e-07
2026-03-30 14:29:43.203295,[65.78427106],1.7430839091452844e-09,1.748397915402131e-09,1.7644083402688876e-09,1.791309636307216e-09,1.8293901007811177e-09,1.878978884723955e-09,1.9403744631690456e-09,2.013760046463508e-09,2.099116562054715e-09,2.196150659242202e-09,2.304262573055474e-09,2.422584359339327e-09,2.5501195016340665e-09,2.6860059344981806e-09,2.8299022520839168e-09,2.982459719151069e-09,3.1457938330077843e-09,3.3238184873221975e-09,3.5222702227151255e-09,3.748250962300594e-09,4.009174363261695e-09,4.311121544939769e-09,4.656784066517676e-09,5.043358051634072e-09,5.460894986219063e-09,5.891648428233438e-09,6.310836727014924e-09,6.688967414077827e-09,6.99549213862248e-09,7.203182925405196e-09,7.292361114500267e-09,7.254066003540838e-09,7.091454491954656e-09,6.819128215450534e-09,6.460574314701908e-09,6.044334953816781e-09,5.5997666808070645e-09,5.153255979188008e-09,4.7255441231131906e-09,4.330469552504223e-09,3.975073878310322e-09,3.660738772573758e-09,3.384882152938688e-09,3.1427473720087587e-09,2.928930887216202e-09,2.7384546790257164e-09,2.567344953213245e-09,2.412791957223119e-09,2.2730235529598387e-09,2.1470331222911456e-09,2.0342768522677375e-09,1.9344151795051004e-09,1.8471332556546447e-09,1.7720446295271054e-09,1.708663877772841e-09,1.656426437314086e-09,1.6147341439140947e-09,1.5830093860597513e-09,1.5607464544118233e-09,1.5475537664196512e-09,1.543184313548239e-09
2026-03-30 14:29:43.356334,[84.49499576],6.465011865003778e-07,6.475030172989483e-07,6.504894518823444e-07,6.554027139208741e-07,6.621444861655419e-07,6.70572806838367e-07,6.804975200721431e-07,6.916739442911531e-07,7.03794209510103e-07,7.164755479057939e-07,7.292448661634337e-07,7.415194194362164e-07,7.525846091925528e-07,7.61572031402029e-07,7.67443867586215e-07,7.689930877801045e-07,7.648717292486516e-07,7.536602295397263e-07,7.339877303454626e-07,7.047051549244409e-07,6.650996698645627e-07,6.151228314376644e-07,5.555894549125562e-07,4.882957148380973e-07,4.16008665894861e-07,3.422981825198841e-07,2.712144869037572e-07,2.0685278095872406e-07,1.5287983913780104e-07,1.1211413752625915e-07,8.624365419047478e-08,7.573400482884106e-08,7.993270765816305e-08,9.732759016832327e-08,1.2588373387485573e-07,1.633738607762421e-07,2.0763289276028335e-07,2.567009748460385e-07,3.0885765211005264e-07,3.6258020318452216e-07,4.1647309850412186e-07,4.692118289771436e-07,5.195277886415687e-07,5.662396134576712e-07,6.083182454184474e-07,6.449629841065501e-07,6.756650342773365e-07,7.002414789512315e-07,7.188324842166397e-07,7.318641732497061e-07,7.399864467284893e-07,7.439980815184401e-07,7.44771046631875e-07,7.431832542985079e-07,7.400652354358545e-07,7.361625953783287e-07,7.321132549713767e-07,7.284366805462441e-07,7.255315061817796e-07,7.236779337066002e-07,7.230417937623558e-07
2026-03-30 14:29:43.406681,[67.07542885],1.865433542456928e-09,1.8699989982730343e-09,1.883769718024357e-09,1.9069643064045666e-09,1.939932538723922e-09,1.9831346727549034e-09,2.037115501101855e-09,2.1024776868348594e-09,2.179862096615539e-09,2.2699467207001673e-09,2.373479467877232e-09,2.4913619501828877e-09,2.6247987816365556e-09,2.775516853261508e-09,2.946038867103379e-09,3.1399644324507592e-09,3.3621734874836386e-09,3.6188295516415567e-09,3.917039086127516e-09,4.264036400326795e-09,4.665827461836504e-09,5.125346742273767e-09,5.640346174336132e-09,6.201408338409526e-09,6.790601359470443e-09,7.381309427886376e-09,7.93963632838566e-09,8.427486803592422e-09,8.807033940331778e-09,9.045881777427478e-09,9.121955068552814e-09,9.027096515145073e-09,8.768567903273187e-09,8.368093117411276e-09,7.858629664102741e-09,7.279555186143921e-09,6.671266612788569e-09,6.0702355971360225e-09,5.505353851036709e-09,4.99602037113425e-09,4.551993318907656e-09,4.1746710130078415e-09,3.859256273781376e-09,3.5972165414727694e-09,3.378548681453133e-09,3.1935328451695807e-09,3.0338504815461874e-09,2.8930988106314558e-09,2.766832830663148e-09,2.65230407188615e-09,2.548056137410234e-09,2.4535002372353267e-09,2.36854797628773e-09,2.293336822481924e-09,2.2280527810788763e-09,2.1728363316205685e-09,2.127749784961776e-09,2.092783616902056e-09,2.0678827416599173e-09,2.052978544450918e-09,2.0480171929254084e-09
2026-03-30 14:29:43.553302,[85.80777321],9.816858863923545e-07,9.83196554424239e-07,9.877000755572465e-07,9.951099916422252e-07,1.0052787977131907e-06,1.017992650248518e-06,1.032963515960116e-06,1.0498181656050568e-06,1.0680831429473947e-06,1.087164695020457e-06,1.10632289475373e-06,1.124640172687437e-06,1.140986567521251e-06,1.1539874251640033e-06,1.1620038561285864e-06,1.1631411891257335e-06,1.1553043166769163e-06,1.136318901322343e-06,1.1041314155672854e-06,1.057087259725699e-06,9.94265137517296e-07,9.158209654830506e-07,8.232726103577548e-07,7.196464534921689e-07,6.094161564894395e-07,4.981966162309253e-07,3.9220805369930947e-07,2.97584347439183e-07,2.196483699346248e-07,1.6229766648394893e-07,1.2762595059147335e-07,1.1585155658050842e-07,1.2554823644696114e-07,1.5409993237525005e-07,1.9825266844264572e-07,2.5462780342517784e-07,3.2009170180643554e-07,3.919339344376088e-07,4.678682755162197e-07,5.459176847110599e-07,6.242638567205385e-07,7.011327183545764e-07,7.747580682605521e-07,8.434298149695264e-07,9.056035818378845e-07,9.60032519754298e-07,1.0058814555483549e-06,1.0427943824280728e-06,1.0709026404569563e-06,1.0907769557721833e-06,1.1033377449538004e-06,1.1097431951927492e-06,1.1112741747341236e-06,1.109230817650475e-06,1.104849775900863e-06,1.0992453977439736e-06,1.0933735707609727e-06,1.0880140879885628e-06,1.083766087930965e-06,1.0810510428588312e-06,1.0801185088175501e-06
2026-03-30 14:29:43.606633,[69.55422914],3.4881690004992838e-09,3.498208001885827e-09,3.528439238780792e-09,3.5791952915150434e-09,3.6509977059988056e-09,3.744511480442833e-09,3.860489332344781e-09,3.999715325258566e-09,4.162961998748723e-09,4.350980144031387e-09,4.56454462384611e-09,4.804581024708097e-09,5.072393329873445e-09,5.3699984371268245e-09,5.700545795233334e-09,6.068758442064918e-09,6.481278669401813e-09,6.946747832729194e-09,7.475414004449827e-09,8.078067945315665e-09,8.764181831508214e-09,9.539280216360207e-09,1.0401799632513323e-08,1.1339950658178073e-08,1.2329311157551467e-08,1.3331962197494317e-08,1.4297851997699241e-08,1.516870964706599e-08,1.5884276534142627e-08,1.6390006653628067e-08,1.6644885680627003e-08,1.662780640666572e-08,1.634111790424721e-08,1.5810523166685362e-08,1.5081296564607456e-08,1.4211607092160863e-08,1.3264336560904862e-08,1.2299014152561916e-08,1.1365311327956247e-08,1.0499040419247138e-08,9.720947595571e-09,9.03797738061285e-09,8.44625995903639e-09,7.934902408987241e-09,7.489734955376085e-09,7.096397469455563e-09,6.742450752131233e-09,6.418473749711046e-09,6.118305972008491e-09,5.83869532349778e-09,5.578626344355178e-09,5.33855997547289e-09,5.119744343501179e-09,4.9236820760330865e-09,4.751779125979122e-09,4.605159417823062e-09,4.484608297941657e-09,4.390601440413363e-09,4.323379055374681e-09,4.2830330927362714e-09,4.269584155818428e-09
2026-03-30 14:29:43.756773,[86.35090707],1.1730491434743197e-06,1.174832038811502e-06,1.18014558868121e-06,1.1888831595855498e-06,1.2008628926582218e-06,1.2158212857838177e-06,1.2334036921231406e-06,1.2531510589102557e-06,1.274481943335857e-06,1.2966687282647404e-06,1.3188073215729491e-06,1.3397808625906972e-06,1.3582204868183475e-06,1.3724702395401435e-06,1.3805685411659135e-06,1.380264195712347e-06,1.3690888752634797e-06,1.3445076059210653e-06,1.3041611858966302e-06,1.246197870590544e-06,1.1696667185291196e-06,1.074915996097846e-06,9.639150381633773e-07,8.404072109682885e-07,7.098142700604076e-07,5.788522419285353e-07,4.548809323835858e-07,3.4507862966923186e-07,2.5558953729044806e-07,1.908134989201505e-07,1.5298396369102278e-07,1.4211389081249846e-07,1.5629874063224604e-07,1.9227877149138638e-07,2.4610693601810154e-07,3.1376023473622947e-07,3.9157101072912603e-07,4.764238916736139e-07,5.657385822023563e-07,6.573143636944542e-07,7.49134576022916e-07,8.392175430246428e-07,9.255648327552006e-07,1.006214524544968e-06,1.0793713344008522e-06,1.1435661919142668e-06,1.1977968694762588e-06,1.2416141971518404e-06,1.2751379353072406e-06,1.299005373562087e-06,1.3142693137263837e-06,1.3222683964718227e-06,1.3244923959377034e-06,1.3224602581182345e-06,1.317621800521283e-06,1.3112872143563729e-06,1.3045831305000825e-06,1.2984305512651623e-06,1.2935383453721004e-06,1.290405861386776e-06,1.2893290490526923e-06
2026-03-30 14:29:43.807192,[67.44229596],3.859475079671915e-09,3.870890064891098e-09,3.905431396106653e-09,3.96400145957706e-09,4.048147347301408e-09,4.16012137982991e-09,4.3029562987334515e-09,4.480542866431499e-09,4.697690702507923e-09,4.960144675662964e-09,5.274519920979876e-09,5.6481102737638716e-09,6.0885202598572765e-09,6.6030732590143346e-09,7.197961996363512e-09,7.877135669453244e-09,8.640962721767234e-09,9.484768310629584e-09,1.0397414976149794e-08,1.1360162268301444e-08,1.2346088969300424e-08,1.3320369467598943e-08,1.4241644227139146e-08,1.5064601136028176e-08,1.574369267607952e-08,1.6237676756464223e-08,1.6514431670391585e-08,1.655531814977271e-08,1.635830508990514e-08,1.593918289067594e-08,1.53304649661655e-08,1.4577981660803951e-08,1.3735616124017065e-08,1.2859010330858351e-08,1.1999281737712037e-08,1.1197777989079157e-08,1.0482660571971224e-08,9.867711675692634e-09,9.353306348877122e-09,8.929097040269021e-09,8.577706771814274e-09,8.278659385456732e-09,8.011876656199203e-09,7.760288373677454e-09,7.511360719320968e-09,7.257583798587081e-09,6.996126284794236e-09,6.727946967782142e-09,6.4566572155774325e-09,6.187377851248241e-09,5.925756423002609e-09,5.67723053524815e-09,5.4465560830899516e-09,5.237573373401964e-09,5.0531595804015504e-09,4.895308744237769e-09,4.765284818155686e-09,4.6638035486762975e-09,4.591210935503353e-09,4.5476369339252185e-09,4.533111616036098e-09
2026-03-30 14:29:43.966482,[80.63355966],3.518429454564853e-07,3.523658636243518e-07,3.539253139953846e-07,3.564930085864866e-07,3.60020512082794e-07,3.6443717386546535e-07,3.6964694454503093e-07,3.755237634898439e-07,3.8190512452050164e-07,3.885834356682969e-07,3.952949862068219e-07,4.017068438102112e-07,4.0740293778529983e-07,4.118719753309427e-07,4.1450155878760363e-07,4.145845502654349e-07,4.1134471586338283e-07,4.039881225037809e-07,3.9178382966453133e-07,3.741716919019592e-07,3.5088697858121324e-07,3.220825817984466e-07,2.884224744321929e-07,2.511179660981211e-07,2.1188378079419235e-07,1.7280476940025443e-07,1.361240617181522e-07,1.0398467598952702e-07,7.817240630156403e-08,5.99121714683132e-08,4.9760005830057065e-08,4.761030959539575e-08,5.28092641547028e-08,6.433939914633856e-08,8.102537175979698e-08,1.0171142884839317e-07,1.253756773220608e-07,1.5116928893445165e-07,1.7839190349159714e-07,2.0643045543576223e-07,2.34693532915239e-07,2.6256759089500095e-07,2.894087278794845e-07,3.145696090240272e-07,3.374501345285399e-07,3.575552036514907e-07,3.7454359012686925e-07,3.8825686136543003e-07,3.987239711906074e-07,4.0614335232898875e-07,4.1084856455202655e-07,4.1326533457849514e-07,4.1386746525167594e-07,4.1313733923024874e-07,4.115344229492908e-07,4.0947295546219486e-07,4.0730828489059313e-07,4.0533023710319154e-07,4.037614260661465e-07,4.027584046091382e-07,4.024138461887749e-07
2026-03-30 14:29:44.160994,[81.15070797],4.352458210351157e-07,4.3592647943412535e-07,4.379562234528261e-07,4.412977013635677e-07,4.458864320208484e-07,4.516273387568287e-07,4.583896411866357e-07,4.6599984884664876e-07,4.742325754988592e-07,4.82798987255727e-07,4.913330192318624e-07,4.993761702994978e-07,5.063628159854998e-07,5.116095718405667e-07,5.143141102945872e-07,5.135705244631493e-07,5.08409084025648e-07,4.978670831858277e-07,4.81093555041752e-07,4.5748354568392075e-07,4.2682802548169223e-07,3.894553032196721e-07,3.4633215617702204e-07,2.9909145224439176e-07,2.4996068762965915e-07,2.0158317930148965e-07,1.567478671209295e-07,1.1806871997690533e-07,8.76727238272585e-08,6.695936558914606e-08,5.6481230929441076e-08,5.596727980006208e-08,6.447543185272362e-08,8.063004324949018e-08,1.0288241037773778e-07,1.2973361627630387e-07,1.5987734262731495e-07,1.922484918883187e-07,2.2599168953898095e-07,2.603831826856643e-07,2.947456577475409e-07,3.2838857336281005e-07,3.605913773444244e-07,3.906298370977403e-07,4.1783227838678556e-07,4.416459494911203e-07,4.6169426816184404e-07,4.7781141285037e-07,4.900486464796235e-07,4.986541739506689e-07,5.040334569488822e-07,5.066991340250849e-07,5.072193640223833e-07,5.061713981379695e-07,5.041044691306604e-07,5.015134606646082e-07,4.988227700254976e-07,4.963784836646966e-07,4.944464054786894e-07,4.932134522261898e-07,4.927902685747902e-07
2026-03-30 14:29:44.260159,[65.03154272],1.6537067054840462e-09,1.6594861902662055e-09,1.6768961253619873e-09,1.7061460764571063e-09,1.747569067566659e-09,1.8015973198724673e-09,1.868728902290826e-09,1.9494867892203823e-09,2.044373432806282e-09,2.1538262308941055e-09,2.278181927182767e-09,2.4176603067700707e-09,2.5723783137067922e-09,2.7424032315141964e-09,2.9278460664812225e-09,3.12898266054523e-09,3.3463709786958262e-09,3.580911935285906e-09,3.833784880967135e-09,4.1061869517828055e-09,4.398827506933194e-09,4.711180404119664e-09,5.040574554841198e-09,5.381291559951534e-09,5.72391125125339e-09,6.055169489950055e-09,6.3585416344890685e-09,6.615632889700629e-09,6.808264550374402e-09,6.920941608598286e-09,6.943235736798701e-09,6.871574888710578e-09,6.7100238122328775e-09,6.4698525313489635e-09,6.167965151675507e-09,5.824519472860021e-09,5.460234505258986e-09,5.09391490152552e-09,4.74061976266684e-09,4.410710001281847e-09,4.10978753856678e-09,3.839353750831287e-09,3.5979053749950942e-09,3.382165138637707e-09,3.188196222903646e-09,3.0122428488488276e-09,2.8512398001881626e-09,2.703015523025984e-09,2.5662634381786622e-09,2.4403734893875157e-09,2.325208301450849e-09,2.2208865361400908e-09,2.127610243725051e-09,2.0455502877994627e-09,1.974787753537202e-09,1.9153001766813218e-09,1.866978193949486e-09,1.8296588514985093e-09,1.8031644220824973e-09,1.7873387465117045e-09,1.7820759722297428e-09
2026-03-30 14:29:44.401605,[81.83993628],5.057285502534013e-07,5.064792770352809e-07,5.087172777922108e-07,5.12399380585665e-07,5.17451478473688e-07,5.237651419446071e-07,5.311925466706326e-07,5.395393728817996e-07,5.485552727252083e-07,5.57921570960023e-07,5.672361896808424e-07,5.759965215479185e-07,5.835822472574462e-07,5.892419247177749e-07,5.920893776780187e-07,5.911179717214465e-07,5.852419251603472e-07,5.733727552171471e-07,5.545347575387583e-07,5.280155612136053e-07,4.935369046998042e-07,4.5141895428101855e-07,4.0270227131559707e-07,3.491891135686418e-07,2.9337353048471585e-07,2.3824859239799834e-07,1.8700623331004323e-07,1.4267393362864733e-07,1.0775395924618868e-07,8.393700278421668e-08,7.194881221172762e-08,7.15579917478678e-08,8.173405309390282e-08,1.0090892802285386e-07,1.2727367265248907e-07,1.590411731901693e-07,1.9462428208602964e-07,2.3270943262278894e-07,2.7223753188214034e-07,3.123268455277418e-07,3.5218101660086214e-07,3.9101932710737504e-07,4.2805053371363553e-07,4.6249298526252334e-07,4.93628547208156e-07,5.208698435845455e-07,5.438200652133504e-07,5.623101697807719e-07,5.764066046556368e-07,5.863907179170509e-07,5.927167638653308e-07,5.959580851355852e-07,5.967509450306718e-07,5.957434814176829e-07,5.935544022434561e-07,5.907432153669988e-07,5.877915317430156e-07,5.850935230402517e-07,5.829529288842113e-07,5.815839350949058e-07,5.811135821201688e-07
2026-03-30 14:29:44.450384,[65.79322376],2.1831336902412123e-09,2.1910673173603745e-09,2.2149614529553935e-09,2.2550826882848057e-09,2.3118316905996784e-09,2.3856788877235566e-09,2.4770777167093474e-09,2.5863608773899527e-09,2.7136293322830317e-09,2.858649442876314e-09,3.0207799059764994e-09,3.198955515425273e-09,3.3917567616572306e-09,3.597589672319403e-09,3.814985739621895e-09,4.043005010979467e-09,4.281687003075815e-09,4.532449284604437e-09,4.798293465663751e-09,5.083659299574193e-09,5.393787937868757e-09,5.7335289936696255e-09,6.105654395714802e-09,6.5089069505266194e-09,6.93617334899051e-09,7.373275081511012e-09,7.7988618368737e-09,8.185737964780644e-09,8.503662755366876e-09,8.723298927565391e-09,8.82063987751387e-09,8.781034864632907e-09,8.601934488236642e-09,8.293717133455011e-09,7.878376186060581e-09,7.386332719392349e-09,6.852051339758846e-09,6.3093645008092325e-09,5.787400915252831e-09,5.307789538747083e-09,4.883455432183319e-09,4.5189480619840014e-09,4.21194542858039e-09,3.955418382022161e-09,3.73992848486988e-09,3.5556380124794635e-09,3.393777830112019e-09,3.247492331689434e-09,3.1121191373026564e-09,2.985044781755456e-09,2.8653058506267864e-09,2.75309075540308e-09,2.6492586685362684e-09,2.55494598481306e-09,2.471289134569449e-09,2.3992619568230825e-09,2.3396075669895176e-09,2.29283699054832e-09,2.259266646521111e-09,2.2390708363590614e-09,2.2323311798254167e-09
2026-03-30 14:29:44.602455,[83.26558598],7.55870719372401e-07,7.569201048987919e-07,7.600467722487678e-07,7.651855118719981e-07,7.722250901640344e-07,7.810041370911121e-07,7.913047829216251e-07,8.028433960485853e-07,8.152576267116782e-07,8.280890110417962e-07,8.40760846026324e-07,8.52552161345128e-07,8.625706069885231e-07,8.697299965747513e-07,8.727418022149087e-07,8.701332866853591e-07,8.603068159054339e-07,8.416534533241443e-07,8.127275130403124e-07,7.724765168989576e-07,7.205038906689723e-07,6.573230482628499e-07,5.845468111335268e-07,5.049520045429733e-07,4.223709724794776e-07,3.413911757171239e-07,2.6688660107561985e-07,2.0345002419034733e-07,1.5482930481982745e-07,1.234810300859379e-07,1.1033444917708692e-07,1.1481107899249738e-07,1.3508367159328675e-07,1.685011372058868e-07,2.1207115825745525e-07,2.628896237461711e-07,3.184344570341019e-07,3.7668940228281903e-07,4.361139480269042e-07,4.95513009072358e-07,5.538750202361817e-07,6.102392645138087e-07,6.636295356924541e-07,7.130622074129605e-07,7.576123291056008e-07,7.965075808175031e-07,8.292180704007814e-07,8.555174029898094e-07,8.755025706445643e-07,8.895724024091957e-07,8.983733741323102e-07,9.027261633640032e-07,9.035467204356018e-07,9.017730563684765e-07,8.983049527189661e-07,8.939596941900835e-07,8.894435684305549e-07,8.853366425399223e-07,8.820872145268673e-07,8.800121387024921e-07,8.792996533797847e-07
2026-03-30 14:29:44.654803,[67.63656551],3.398718585638917e-09,3.412324566598438e-09,3.4532970078213582e-09,3.522069155459381e-09,3.619262768511101e-09,3.745540032841372e-09,3.901403129781188e-09,4.086953040450767e-09,4.301628494725198e-09,4.543958355372093e-09,4.811374790936152e-09,5.10014736634259e-09,5.405504885922455e-09,5.722006152366836e-09,6.0441960471532495e-09,6.3675345572198185e-09,6.689513520795061e-09,7.010787147940971e-09,7.3360565048093796e-09,7.674393674172226e-09,8.038701288922345e-09,8.444104837791357e-09,8.905276438577515e-09,9.43296588566039e-09,1.003030764003493e-08,1.0689693382632193e-08,1.1391057241433054e-08,1.2102253058507482e-08,1.2781809980945189e-08,1.338381110817336e-08,1.3864091358696063e-08,1.4186560332478167e-08,1.432835582460515e-08,1.4282771792987028e-08,1.4059421999110383e-08,1.3681748003602484e-08,1.3182569479232269e-08,1.2598743898837112e-08,1.1966068729174802e-08,1.1315339256045233e-08,1.0670068905516545e-08,1.004592541813169e-08,9.451563260503767e-09,8.890319253068571e-09,8.36220118218466e-09,7.865702200418727e-09,7.39915279192039e-09,6.961510886517627e-09,6.552640817305592e-09,6.173220297425829e-09,5.8244418699775764e-09,5.507656870838356e-09,5.224066828379735e-09,4.974518353498261e-09,4.759415825994005e-09,4.578737600648912e-09,4.4321265971558456e-09,4.319022270854863e-09,4.2388041347247025e-09,4.190923504344875e-09,4.1750072471157924e-09
2026-03-30 14:29:44.801661,[83.89727649],8.904763741265888e-07,8.917143214132783e-07,8.954028992034164e-07,9.014653836154354e-07,9.097706964180961e-07,9.201282371737799e-07,9.322798973814856e-07,9.458884804533344e-07,9.605216106837049e-07,9.756303327631961e-07,9.905222283778843e-07,1.0043302960864326e-06,1.015981288035505e-06,1.0241706904442072e-06,1.0273556750189557e-06,1.0237811390857559e-06,1.0115557549971869e-06,9.887927097027698e-07,9.538216524738413e-07,9.054634973712813e-07,8.433394723494375e-07,7.681642628942299e-07,6.819568887196066e-07,5.880997200276077e-07,4.911917621468066e-07,3.9667823191772194e-07,3.102887921388986e-07,2.3736904447555036e-07,1.8222772150131478e-07,1.4763097067644724e-07,1.3454846321359157e-07,1.4219863950500618e-07,1.6836818246363644e-07,2.0991577354534425e-07,2.633324134335177e-07,3.252307804310249e-07,3.926717741801172e-07,4.632933664811421e-07,5.35265217021435e-07,6.071341908139221e-07,6.776409428134481e-07,7.455764245184001e-07,8.097182454679875e-07,8.68852833716958e-07,9.218616231377674e-07,9.678347274258248e-07,1.0061747601278185e-06,1.0366631820272294e-06,1.0594762356077369e-06,1.0751518070114706e-06,1.0845188274325596e-06,1.0886057015425795e-06,1.0885442082354522e-06,1.085481917444047e-06,1.0805112404615105e-06,1.0746183157831526e-06,1.0686509983102575e-06,1.063302663156655e-06,1.0591073217473356e-06,1.0564414029359286e-06,1.055528128552209e-06
2026-03-30 14:29:44.851055,[67.7154904],6.609597792644362e-09,6.631352743682096e-09,6.696500659535249e-09,6.804628051542925e-09,6.9548405872373324e-09,7.145469656293526e-09,7.3736945130335174e-09,7.63512186804213e-09,7.92338674739598e-09,8.229862816574821e-09,8.543591994358004e-09,8.851553949496186e-09,9.13938576543629e-09,9.392620510847901e-09,9.598434142015278e-09,9.747774755828597e-09,9.837610807627633e-09,9.872903955319516e-09,9.86782787832783e-09,9.845760095288223e-09,9.83770196665827e-09,9.87903828621641e-09,1.0004898583117697e-08,1.0244753290213991e-08,1.0617168270440048e-08,1.1125751321297178e-08,1.1757191388397606e-08,1.2481918267988948e-08,1.3257375804370367e-08,1.4033341067575824e-08,1.475828855280593e-08,1.538561107890272e-08,1.5878612543698724e-08,1.6213538650020367e-08,1.6380396694066833e-08,1.638179287103496e-08,1.6230363600251635e-08,1.5945529896451005e-08,1.5550261492510997e-08,1.506835471867888e-08,1.4522485090218867e-08,1.3933067690275658e-08,1.3317795911366125e-08,1.2691649679628146e-08,1.2067158416550518e-08,1.1454746688761138e-08,1.0863053574093547e-08,1.029917761250949e-08,9.768844568427699e-09,9.276520915657454e-09,8.825504183059473e-09,8.418017469110514e-09,8.055325483462705e-09,7.737878250769987e-09,7.465479225794299e-09,7.237468431034254e-09,7.05290845896369e-09,6.910761122339792e-09,6.8100442141355475e-09,6.749960301853173e-09,6.729991999111835e-09
2026-03-30 14:29:44.997408,[78.35291658],2.623127783611325e-07,2.6265564850421223e-07,2.636769346317231e-07,2.653544213397983e-07,2.676502404006588e-07,2.7050948374390894e-07,2.7385800695698657e-07,2.775991637104165e-07,2.8160916709048444e-07,2.857308131797993e-07,2.8976550158311534e-07,2.934639336381021e-07,2.9651662865071915e-07,2.9854646951367666e-07,2.9910673959161923e-07,2.9768922953105204e-07,2.9374747308564963e-07,2.8673939853213836e-07,2.7619111080442215e-07,2.61778953625099e-07,2.4342089473880893e-07,2.2136191499492392e-07,1.9623347974357642e-07,1.690665967890015e-07,1.4124311917962567e-07,1.1438104984464399e-07,9.016476980199901e-08,7.01464663630988e-08,5.555570359930769e-08,4.715585695448369e-08,4.517727726582164e-08,4.933931008360641e-08,5.895167871706741e-08,7.306687746597971e-08,9.064496937556851e-08,1.1069342412436518e-07,1.3235625546093624e-07,1.5494419489400138e-07,1.7791490099941174e-07,2.0082396472390467e-07,2.2327099744059774e-07,2.448607791901445e-07,2.651901586887713e-07,2.83861007512635e-07,3.005114100857116e-07,3.148532902268549e-07,3.2670497018349683e-07,3.3601054658551917e-07,3.428426872526121e-07,3.4738987007473747e-07,3.499321422149922e-07,3.5081081277326076e-07,3.503973075883124e-07,3.49065226986555e-07,3.4716803621663977e-07,3.450232563761247e-07,3.4290279994694336e-07,3.4102831887639917e-07,3.3957008208437565e-07,3.3864788012660185e-07,3.3833265544904804e-07
2026-03-30 14:29:45.045664,[78.35291658],2.623127783611325e-07,2.6265564850421223e-07,2.636769346317231e-07,2.653544213397983e-07,2.676502404006588e-07,2.7050948374390894e-07,2.7385800695698657e-07,2.775991637104165e-07,2.8160916709048444e-07,2.857308131797993e-07,2.8976550158311534e-07,2.934639336381021e-07,2.9651662865071915e-07,2.9854646951367666e-07,2.9910673959161923e-07,2.9768922953105204e-07,2.9374747308564963e-07,2.8673939853213836e-07,2.7619111080442215e-07,2.61778953625099e-07,2.4342089473880893e-07,2.2136191499492392e-07,1.9623347974357642e-07,1.690665967890015e-07,1.4124311917962567e-07,1.1438104984464399e-07,9.016476980199901e-08,7.01464663630988e-08,5.555570359930769e-08,4.715585695448369e-08,4.517727726582164e-08,4.933931008360641e-08,5.895167871706741e-08,7.306687746597971e-08,9.064496937556851e-08,1.1069342412436518e-07,1.3235625546093624e-07,1.5494419489400138e-07,1.7791490099941174e-07,2.0082396472390467e-07,2.2327099744059774e-07,2.448607791901445e-07,2.651901586887713e-07,2.83861007512635e-07,3.005114100857116e-07,3.148532902268549e-07,3.2670497018349683e-07,3.3601054658551917e-07,3.428426872526121e-07,3.4738987007473747e-07,3.499321422149922e-07,3.5081081277326076e-07,3.503973075883124e-07,3.49065226986555e-07,3.4716803621663977e-07,3.450232563761247e-07,3.4290279994694336e-07,3.4102831887639917e-07,3.3957008208437565e-07,3.3864788012660185e-07,3.3833265544904804e-07
2026-03-30 14:29:45.194589,[79.14649969],3.2305214885193667e-07,3.234735022621535e-07,3.2472750948258166e-07,3.267837333411359e-07,3.2959049147351165e-07,3.3307332661575663e-07,3.3713264960502513e-07,3.4164031538937624e-07,3.4643483042043794e-07,3.5131490372334934e-07,3.5603123075338653e-07,3.6027684437280417e-07,3.63677172790378e-07,3.657821325196663e-07,3.6606403516984547e-07,3.639264692665547e-07,3.587300670471363e-07,3.4984045154782614e-07,3.3670098717186317e-07,3.1892789222688417e-07,2.9641820607836924e-07,2.6945340916960935e-07,2.3877547254293405e-07,2.0561049251514388e-07,1.7162006775324038e-07,1.3877280920281613e-07,1.0914601332665371e-07,8.468628043384663e-08,6.697198001570163e-08,5.702467665026514e-08,5.5208259125488335e-08,6.123492562961012e-08,7.427173433031107e-08,9.311781218788552e-08,1.1640777021610134e-07,1.427955243595733e-07,1.710841076215095e-07,2.0028651120152933e-07,2.2962321843847276e-07,2.584774558369604e-07,2.863354999430336e-07,3.127364368462514e-07,3.37246379533621e-07,3.5946058416278747e-07,3.790271631418605e-07,3.956806271586999e-07,4.0927280908789363e-07,4.1979175408524464e-07,4.273640305852461e-07,4.322407723623886e-07,4.347713170492264e-07,4.3537003623206345e-07,4.344819844643244e-07,4.3255184743343726e-07,4.299989724577442e-07,4.2719955402566524e-07,4.244756684277034e-07,4.2208995068704327e-07,4.202442778046724e-07,4.1908077208470034e-07,4.1868364649357164e-07
2026-03-30 14:29:45.246833,[66.10825815],2.8650050958873245e-09,2.874759026817898e-09,2.904151617868632e-09,2.953566616798252e-09,3.02361465203547e-09,3.1150895159921087e-09,3.228906926442742e-09,3.3660269131368222e-09,3.527362737271883e-09,3.7136815744574535e-09,3.925504558047708e-09,4.163015286324161e-09,4.42598535004205e-09,4.713721657905513e-09,5.02503271895486e-09,5.358200273439469e-09,5.710931393436145e-09,6.080259177265628e-09,6.462363568088872e-09,6.8523031075674285e-09,7.243685356433569e-09,7.628353202104312e-09,7.996212797947625e-09,8.33535608932692e-09,8.63261542803636e-09,8.87461641584652e-09,9.049271991867196e-09,9.147512280450827e-09,9.164915865305245e-09,9.102849387955237e-09,8.968770249648122e-09,8.775506598148224e-09,8.539565122858687e-09,8.278764051057293e-09,8.009669644060618e-09,7.74537064153777e-09,7.494037618865997e-09,7.2585112176670744e-09,7.03690876780098e-09,6.824008966030267e-09,6.613030343118851e-09,6.397389283897746e-09,6.172097716672502e-09,5.93460121750985e-09,5.685015926424592e-09,5.425854186329357e-09,5.161408456087011e-09,4.8969854518932e-09,4.638158489248289e-09,4.3901548793572145e-09,4.1574367855971435e-09,3.943483139641598e-09,3.7507450397819824e-09,3.5807290576780067e-09,3.434159240761587e-09,3.311174502162915e-09,3.2115286487346523e-09,3.134771670043109e-09,3.08040068984832e-09,3.0479760710455457e-09,3.037202420312714e-09
2026-03-30 14:29:45.407425,[79.77311925],3.7757420550729324e-07,3.781134589227119e-07,3.797193233114479e-07,3.823554905211777e-07,3.8595935455122907e-07,3.9043879076384436e-07,3.9566749079678885e-07,4.0147873152455027e-07,4.0765750755641837e-07,4.1393113130830615e-07,4.199587796089432e-07,4.253211166447176e-07,4.2951208660743235e-07,4.319361882865149e-07,4.3191580403063844e-07,4.2871404289003144e-07,4.2157847287203943e-07,4.098093895372551e-07,3.9285239037483274e-07,3.7040897782363884e-07,3.425514842295397e-07,3.0982153265617313e-07,2.732869939689539e-07,2.345335453794128e-07,1.955751505242378e-07,1.586828060612604e-07,1.261499552310506e-07,1.0003105757974249e-07,8.190105679660222e-08,7.268323503298216e-08,7.257973868693731e-08,8.111574664147843e-08,9.72813909492621e-08,1.197332772931306e-07,1.47006570818823e-07,1.7769201043799622e-07,2.1054789907281047e-07,2.445391368131636e-07,2.78816223838355e-07,3.126606358331817e-07,3.454261442413848e-07,3.764994264466439e-07,4.052914633808597e-07,4.312585663174573e-07,4.539424267316201e-07,4.730144188512775e-07,4.883104428844171e-07,4.998472599419634e-07,5.078172993753092e-07,5.125643211778116e-07,5.145458585633365e-07,5.142896941074537e-07,5.123510694239114e-07,5.092755873942609e-07,5.055705824602746e-07,5.016856960687466e-07,4.980018462675209e-07,4.948268380049424e-07,4.92395475421093e-07,4.908720764916835e-07,4.903536028475874e-07
2026-03-30 14:29:45.461249,[67.18367776],2.9136064580753523e-09,2.922055584348761e-09,2.9475499611478033e-09,2.9905254756483762e-09,3.0516906062711458e-09,3.131996093670179e-09,3.2325861898738885e-09,3.354726158338602e-09,3.4997007851231605e-09,3.668680255376743e-09,3.862553300054434e-09,4.081733259648777e-09,4.325950424103222e-09,4.594052781032422e-09,4.883845411599196e-09,5.1920037762477716e-09,5.514095315484337e-09,5.8447349385436125e-09,6.177882345343684e-09,6.507264322934646e-09,6.8268774463061525e-09,7.131502381850405e-09,7.41714721251321e-09,7.681339259731147e-09,7.923204486305836e-09,8.143307700683141e-09,8.34326822803281e-09,8.52520520456342e-09,8.69109582937455e-09,8.842143802294617e-09,8.978253142012681e-09,9.097687386215144e-09,9.196969938184462e-09,9.271051566889163e-09,9.31373804893436e-09,9.318336478322747e-09,9.278445774122977e-09,9.18879032283128e-09,9.04598182221692e-09,8.849098760179097e-09,8.59999757313501e-09,8.303311142374469e-09,7.966140659915304e-09,7.597495055351362e-09,7.20756778020555e-09,6.806957138888979e-09,6.405932168762306e-09,6.013824973238286e-09,5.638599352568246e-09,5.286612402516203e-09,4.962557068953373e-09,4.6695535411285415e-09,4.409347116785366e-09,4.182568760969962e-09,3.989019609495685e-09,3.827949303590636e-09,3.698307733375921e-09,3.598958644104329e-09,3.528850532961546e-09,3.4871449321215316e-09,3.4733046228670865e-09
2026-03-30 14:29:45.613651,[81.38977999],5.620785369495406e-07,5.628205813046253e-07,5.650272780846594e-07,5.686396111814428e-07,5.735568363612447e-07,5.796328088165139e-07,5.866706428808532e-07,5.944155139851518e-07,6.025454301509322e-07,6.106599680218117e-07,6.182674077039686e-07,6.247715421798596e-07,6.294607673967591e-07,6.315038367466856e-07,6.299586185615407e-07,6.238017501381464e-07,6.119873541745053e-07,5.935409351619827e-07,5.676893465601045e-07,5.340191270593824e-07,4.926445311561567e-07,4.443556551235042e-07,3.9070982556633474e-07,3.3402982624498854e-07,2.7728338342263746e-07,2.2383965528390908e-07,1.771265711796161e-07,1.4024056810952902e-07,1.1557879425278432e-07,1.0456583678077267e-07,1.0752965716434354e-07,1.2374816674213914e-07,1.516479797515144e-07,1.8910234324697611e-07,2.3375652432317953e-07,2.8331108695592357e-07,3.3571440342705195e-07,3.8924723767117314e-07,4.4251343775027313e-07,4.943722458024356e-07,5.438546048517673e-07,5.900988055872232e-07,6.323249189956402e-07,6.698495329906906e-07,7.021282876792048e-07,7.288068664114957e-07,7.497616718300614e-07,7.651173073677679e-07,7.752361000201864e-07,7.806823900093777e-07,7.821693541938489e-07,7.804981315619611e-07,7.764983806793266e-07,7.70977060771786e-07,7.646792283583818e-07,7.582618126685683e-07,7.522791730184203e-07,7.471779231879332e-07,7.432979708533108e-07,7.40876780898486e-07,7.400543183777277e-07
2026-03-30 14:29:45.665914,[68.02335007],2.744998430639435e-09,2.7466532420429403e-09,2.751472401013282e-09,2.7590209261889465e-09,2.768578214304285e-09,2.7791498999767974e-09,2.789494614343251e-09,2.798174560179903e-09,2.803639280637525e-09,2.8043504809117774e-09,2.7989516626110135e-09,2.7864793161654586e-09,2.7666027174161165e-09,2.7398680509916603e-09,2.7079116443353875e-09,2.6735993368894815e-09,2.6410474843246632e-09,2.6154882796130137e-09,2.6029588929042105e-09,2.609819058447566e-09,2.642131444553376e-09,2.7049679768160306e-09,2.8017273834441835e-09,2.9335598371122236e-09,3.0989911045487508e-09,3.2938209032841527e-09,3.5113398418302175e-09,3.742869059439364e-09,3.978579965397169e-09,4.208503232751027e-09,4.4235937885561796e-09,4.616691875400532e-09,4.783219913211752e-09,4.921488126518232e-09,5.032548060354922e-09,5.119620881048144e-09,5.187216126653864e-09,5.2401222060819416e-09,5.282473131504248e-09,5.31706953204661e-09,5.345063893088729e-09,5.3660305154317695e-09,5.378355286790426e-09,5.379820820823113e-09,5.368240562768173e-09,5.342010514547984e-09,5.3004887139672265e-09,5.2441650224331185e-09,5.174632288538966e-09,5.094404374119802e-09,5.0066428761580625e-09,4.914854166483333e-09,4.822606541659451e-09,4.733299841475353e-09,4.650002102135084e-09,4.5753531571719335e-09,4.511525168384285e-09,4.4602249075165915e-09,4.422721331326669e-09,4.39988336064e-09,4.392215620935228e-09
