timestamp,dB_SPL,-90.0,-87.0,-84.0,-81.0,-78.0,-75.0,-72.0,-69.0,-66.0,-63.0,-60.0,-57.0,-54.0,-51.0,-48.0,-45.0,-42.0,-39.0,-36.0,-33.0,-30.0,-27.0,-24.0,-21.0,-18.0,-15.0,-12.0,-9.0,-6.0,-3.0,0.0,3.0,6.0,9.0,12.0,15.0,18.0,21.0,24.0,27.0,30.0,33.0,36.0,39.0,42.0,45.0,48.0,51.0,54.0,57.0,60.0,63.0,66.0,69.0,72.0,75.0,78.0,81.0,84.0,87.0,90.0
2026-05-22 13:36:09.601412,[71.97685012],4.340788075303034e-09,4.356014947117398e-09,4.4017970421588995e-09,4.478424907106271e-09,4.586336224525498e-09,4.726044535964101e-09,4.898035029119842e-09,5.102620916971425e-09,5.339753609106044e-09,5.608788906380225e-09,5.9082403165912715e-09,6.235610586029178e-09,6.587488204773121e-09,6.960212111147507e-09,7.351496698359452e-09,7.76338233238184e-09,8.206621789762886e-09,8.706044517943585e-09,9.305581549491002e-09,1.007070121560473e-08,1.1085437139346497e-08,1.24415441055532e-08,1.4219020291824876e-08,1.6460237980073692e-08,1.914345627433471e-08,2.216411321964129e-08,2.533241481081429e-08,2.839241764673785e-08,3.106150721872337e-08,3.3081947910421734e-08,3.4270960855574504e-08,3.455506590605051e-08,3.397892849361211e-08,3.268709908628669e-08,3.0885578758703307e-08,2.8795717283929283e-08,2.661363612650251e-08,2.448448788863421e-08,2.249457741498245e-08,2.0678447507331818e-08,1.9034531734831705e-08,1.7542516392731e-08,1.6177410916792203e-08,1.4918113593101818e-08,1.3750696903710259e-08,1.2668029487570267e-08,1.1667652246568021e-08,1.0749401488788162e-08,9.913590714634735e-09,9.159971967837194e-09,8.487347863530444e-09,7.893587460952569e-09,7.375827134899211e-09,6.930720001537526e-09,6.5546739377026236e-09,6.2440649140236615e-09,5.995430235514172e-09,5.8056465863713555e-09,5.672091760603843e-09,5.5927835802694665e-09,5.566487299488348e-09
2026-05-22 13:36:09.752226,[90.54413376],1.2653836120791618e-07,1.2673826484577106e-07,1.273468185141491e-07,1.2839605164537744e-07,1.299589571811919e-07,1.3218310157675372e-07,1.353450308199163e-07,1.3993011794422988e-07,1.4673939655531798e-07,1.570180245127161e-07,1.7258893776825785e-07,1.9596109883637362e-07,2.303679946084111e-07,2.796848333962346e-07,3.481799885839783e-07,4.4008404484455915e-07,5.590087530168785e-07,7.07308181439995e-07,8.855234215456173e-07,1.0920619786994138e-06,1.3232117614692707e-06,1.5734792321453556e-06,1.836108214764313e-06,2.103544935850532e-06,2.3676312254457296e-06,2.619455606883004e-06,2.849023531012675e-06,3.045109097278321e-06,3.19569216426739e-06,3.289199671224213e-06,3.3164097520547517e-06,3.272504906249832e-06,3.158572019073827e-06,2.981960948117462e-06,2.755296630258852e-06,2.4944189378694596e-06,2.215879585672414e-06,1.9347072330388968e-06,1.6629545533265765e-06,1.409188738685421e-06,1.1787537233616725e-06,9.744488296779702e-07,7.972687333196384e-07,6.46978984086073e-07,5.224657825185256e-07,4.219194415511612e-07,3.429548434697399e-07,2.827508893921372e-07,2.3823949875006094e-07,2.0632747683453603e-07,1.8411058418398008e-07,1.6904019214556475e-07,1.5901979249066688e-07,1.5242945286890317e-07,1.4809232529927322e-07,1.452049346048322e-07,1.4325288908368592e-07,1.4192875423990655e-07,1.4106228249749492e-07,1.4056733421279454e-07,1.4040584635917198e-07
2026-05-22 13:36:09.803583,[85.90646562],7.525246864148383e-08,7.53669927479476e-08,7.571612791870031e-08,7.631782592912329e-08,7.72062130079816e-08,7.843777910346396e-08,8.009942520578418e-08,8.231690953060829e-08,8.526076105573743e-08,8.914484790617863e-08,9.421102280998454e-08,1.0069262506783236e-07,1.0875151861051278e-07,1.183892187511354e-07,1.293431179355955e-07,1.4099253851818963e-07,1.523121401305519e-07,1.619151703892349e-07,1.6821847916487782e-07,1.6973065348214691e-07,1.6541764647798765e-07,1.550513573166608e-07,1.394188265556901e-07,1.20285525782691e-07,1.0007407343361487e-07,8.132317023998974e-08,6.608972409017011e-08,5.550055541353407e-08,4.961696583346112e-08,4.765416647822617e-08,4.844940697260758e-08,5.0969016973815565e-08,5.463866921509769e-08,5.93767169268552e-08,6.535779102429091e-08,7.265729427295328e-08,8.09676074592108e-08,8.952185867693637e-08,9.724878199914667e-08,1.0307419664718713e-07,1.0623112995817611e-07,1.0645661813544827e-07,1.0401796105971536e-07,9.958600838775833e-08,9.402406552352418e-08,8.817363144709201e-08,8.269816763940294e-08,7.801079884372022e-08,7.427903588852981e-08,7.147999454536934e-08,6.947509103453747e-08,6.807959025623903e-08,6.711333473954421e-08,6.64292488513382e-08,6.59230283618121e-08,6.553034389770698e-08,6.521786183169606e-08,6.49728010786913e-08,6.47937714614256e-08,6.468399081077888e-08,6.464693137748735e-08
2026-05-22 13:36:09.852481,[66.2595314],2.919737376145625e-09,2.9311766285643225e-09,2.9654665182437594e-09,3.0225055832384054e-09,3.102068186780737e-09,3.2037303825374763e-09,3.3267878476152168e-09,3.4701876605045677e-09,3.632499934914089e-09,3.8119549172264095e-09,4.0065627836081484e-09,4.214314349212428e-09,4.433431282151819e-09,4.662599452963988e-09,4.901090827440958e-09,5.148675682359614e-09,5.405265993953926e-09,5.670320681680795e-09,5.9421698364116815e-09,6.2175344429862184e-09,6.49156346092427e-09,6.758616578263419e-09,7.013765842977425e-09,7.254629164874535e-09,7.482825745257242e-09,7.70424211611825e-09,7.927553621145848e-09,8.161050323676707e-09,8.408570027218953e-09,8.665913634499315e-09,8.919196929263543e-09,9.146057328637795e-09,9.31965029970939e-09,9.414337535298954e-09,9.411333784834629e-09,9.302612445209491e-09,9.092035857236373e-09,8.79366274820942e-09,8.428072325407315e-09,8.018008175429715e-09,7.584587200625205e-09,7.144868115046722e-09,6.710982806927798e-09,6.290543288158145e-09,5.887782718629912e-09,5.504879654555416e-09,5.143069708954685e-09,4.80335990309019e-09,4.4868418425729355e-09,4.194708242465532e-09,3.928111564641237e-09,3.6879856419050096e-09,3.4749091152442787e-09,3.2890455899618475e-09,3.130162038212479e-09,2.9977077452395566e-09,2.890929107650102e-09,2.8089967107180645e-09,2.7511262107555295e-09,2.7166805703337244e-09,2.7052463711674886e-09
2026-05-22 13:36:10.010641,[74.516084],7.175847167625896e-09,7.1972612082539725e-09,7.2621533776393675e-09,7.37250839445353e-09,7.531735158072136e-09,7.744765164994513e-09,8.018074291809607e-09,8.35949831095133e-09,8.777679634639348e-09,9.280993120488347e-09,9.875898074132998e-09,1.0564897141695122e-08,1.1344664872820909e-08,1.2205378418664266e-08,1.3132662863327441e-08,1.4113556138914967e-08,1.51471588442382e-08,1.6258948136242642e-08,1.7515265019364103e-08,1.9031972802305143e-08,2.0970027099994927e-08,2.3512135153557547e-08,2.681962065652983e-08,3.097637103553287e-08,3.5934782507440644e-08,4.1483124005983575e-08,4.7251296156888626e-08,5.276161679981622e-08,5.751584315505016e-08,6.109517926349973e-08,6.324318687993939e-08,6.390617368533245e-08,6.322045121922094e-08,6.145462711287224e-08,5.892972921151749e-08,5.594455233191965e-08,5.272727379835002e-08,4.942121399042614e-08,4.609916167593286e-08,4.279243478702499e-08,3.951989080641503e-08,3.6306903732879906e-08,3.319132908255277e-08,3.021925063770977e-08,2.7436007803405927e-08,2.487768099861029e-08,2.2566110917837576e-08,2.050812844421249e-08,1.869798784526687e-08,1.712134654911592e-08,1.5759311936183405e-08,1.4591655734044688e-08,1.3598901683878285e-08,1.2763411025687603e-08,1.2069776961964846e-08,1.1504848319282243e-08,1.1057619798915075e-08,1.0719122772643992e-08,1.0482367025231413e-08,1.0342333042756575e-08,1.0295992634999113e-08
2026-05-22 13:36:10.062201,[67.73792328],4.7289766353558506e-09,4.745828143203346e-09,4.796240204149124e-09,4.879769998405485e-09,4.995634815817862e-09,5.142668392634106e-09,5.319304799465286e-09,5.523629092215687e-09,5.753532645877696e-09,6.006994938016472e-09,6.2824773130404126e-09,6.579357716517522e-09,6.898268779214506e-09,7.2411499547528755e-09,7.610826213500526e-09,8.010021495158119e-09,8.439923017144734e-09,8.898698263815013e-09,9.380622707806724e-09,9.876536611408312e-09,1.0376053943447419e-08,1.0871251646382233e-08,1.1360647984373505e-08,1.185154491704307e-08,1.235877284437517e-08,1.2898873863204167e-08,1.3480662330422925e-08,1.409520124015919e-08,1.4709466108600264e-08,1.5267442375807104e-08,1.5699970413529467e-08,1.5941165259012223e-08,1.594624334806947e-08,1.5704564778213612e-08,1.5243248283515046e-08,1.4620196671674088e-08,1.3909219805589127e-08,1.3182492458363912e-08,1.249589382118492e-08,1.1881006657061262e-08,1.1344743240777618e-08,1.087499526755117e-08,1.0449281087379414e-08,1.0043308613668644e-08,9.637314238177422e-09,9.219340958039205e-09,8.785724819638477e-09,8.339680376185902e-09,7.889005132473334e-09,7.4437226481958335e-09,7.014156000845902e-09,6.609619460061877e-09,6.237708901137265e-09,5.904067979103296e-09,5.6124803585744105e-09,5.365153919559075e-09,5.16309392880385e-09,5.006493236122763e-09,4.8950924217253345e-09,4.828480586353081e-09,4.806319383107051e-09
2026-05-22 13:36:10.214433,[70.27502814],2.208001005909999e-09,2.214502989349345e-09,2.2343747686548186e-09,2.268733708989095e-09,2.3195025486777337e-09,2.3894787113368526e-09,2.482385393559824e-09,2.6028538370762347e-09,2.75627235121773e-09,2.948436526263744e-09,3.1849606782225277e-09,3.4704772956858794e-09,3.807765355681914e-09,4.197095347819652e-09,4.636211355741102e-09,5.12140577286744e-09,5.6499802178288735e-09,6.2239563528227135e-09,6.854228707383648e-09,7.563619893143528e-09,8.38684620461477e-09,9.365628008790147e-09,1.0538344334701921e-08,1.1925624387677351e-08,1.3515485880866702e-08,1.5253092780351e-08,1.7039961311317996e-08,1.874510452007195e-08,2.022672896297563e-08,2.135912107976446e-08,2.2057023104936693e-08,2.2290276598282775e-08,2.2084759460058026e-08,2.151033421953506e-08,2.0660686712755267e-08,1.9631916275924675e-08,1.85059887613737e-08,1.734237779685177e-08,1.617785014977276e-08,1.5031815390956844e-08,1.3913711890979199e-08,1.2829453868101579e-08,1.17853521264372e-08,1.0789355517182843e-08,9.850401611288861e-09,8.976961173617014e-09,8.175665054510904e-09,7.450490702917346e-09,6.802597388328244e-09,6.2306581631058e-09,5.731455803212106e-09,5.300539164910966e-09,4.93281161125379e-09,4.62299714811461e-09,4.365980562585345e-09,4.1570426711312485e-09,3.992017992177863e-09,3.867398751690137e-09,3.7804027804135716e-09,3.729017033717072e-09,3.7120242071308377e-09
2026-05-22 13:36:10.262704,[66.5860713],2.5297189718598056e-09,2.540256668168909e-09,2.571845549329081e-09,2.624388997192352e-09,2.6976475800948595e-09,2.7911275059197595e-09,2.9039382796975377e-09,3.034636783777749e-09,3.1810831907167316e-09,3.3403420257257495e-09,3.508666500398898e-09,3.681602326127386e-09,3.854235240736637e-09,4.021583059130185e-09,4.1791005580229666e-09,4.3232309895495714e-09,4.451912175211034e-09,4.5649386079015395e-09,4.664098997096779e-09,4.753046548204216e-09,4.836902478655885e-09,4.921624348530385e-09,5.013180821230179e-09,5.116572608714656e-09,5.2347512828460264e-09,5.3675390730750965e-09,5.510744603482672e-09,5.6557614576828655e-09,5.789956620887429e-09,5.898039644262228e-09,5.964342903654512e-09,5.975614154648571e-09,5.923662407661007e-09,5.807140764650229e-09,5.6319501078766415e-09,5.410143604961744e-09,5.1576509450229926e-09,4.8914539902671304e-09,4.62692739256574e-09,4.375909291596865e-09,4.145778621671858e-09,3.939511205474414e-09,3.756466458856232e-09,3.593562540537632e-09,3.446516841476629e-09,3.310916205015642e-09,3.182989203453764e-09,3.0600474985099686e-09,2.9406296702497717e-09,2.824417665599251e-09,2.7120087416268473e-09,2.6046216187234765e-09,2.50380097804677e-09,2.411164766522682e-09,2.328218322957165e-09,2.2562413817871295e-09,2.1962405975183002e-09,2.1489521036764302e-09,2.114875377694134e-09,2.094320199899761e-09,2.0874514023291887e-09
2026-05-22 13:36:10.367027,[88.51296813],7.453020460116686e-08,7.459159383588706e-08,7.477945515574609e-08,7.51082146525454e-08,7.561375065438257e-08,7.637337969794942e-08,7.75376801715219e-08,7.937639626270781e-08,8.23387510332914e-08,8.712448430932079e-08,9.475569841484972e-08,1.0663188699179221e-07,1.245433928551156e-07,1.5061545002375673e-07,1.871601163438344e-07,2.3643003769731914e-07,3.002958331060695e-07,3.799017858241372e-07,4.7537994886312195e-07,5.857051209551302e-07,7.087411510681874e-07,8.414649367943405e-07,9.80279690318227e-07,1.121280115453933e-06,1.2603448099858132e-06,1.3930176939787084e-06,1.514272726678329e-06,1.618370446738634e-06,1.699039303801212e-06,1.7501124749158145e-06,1.7665505108234933e-06,1.7455716726632037e-06,1.6875032230688114e-06,1.596024166620345e-06,1.4776762555031691e-06,1.3407819450922878e-06,1.1941053216853954e-06,1.0456423209483785e-06,9.018243641864174e-07,7.67230495389446e-07,6.447211091227e-07,5.358032038363225e-07,4.410332523983402e-07,3.603314672140887e-07,2.931703153454283e-07,2.386674591002894e-07,1.956396950990095e-07,1.626649645810333e-07,1.3817235583669903e-07,1.2055379678344566e-07,1.082766958219032e-07,9.99758005775053e-08,9.451056830217417e-08,9.098516702643049e-08,8.873705082593159e-08,8.730470099707464e-08,8.6385710646557e-08,8.579428046664076e-08,8.542400716376783e-08,8.521883603457589e-08,8.515289776592265e-08
2026-05-22 13:36:10.414553,[71.33690255],2.4830308618356415e-09,2.490347104683945e-09,2.512728169197328e-09,2.5515014817210333e-09,2.6089751533541842e-09,2.688560141751544e-09,2.794893288546373e-09,2.933904183191925e-09,3.1127472984301365e-09,3.3395093151547007e-09,3.62261648789097e-09,3.96992811318445e-09,4.387624312557423e-09,4.879174423700505e-09,5.444864462626332e-09,6.082479055741139e-09,6.78964830546161e-09,7.567963509548546e-09,8.428203612937573e-09,9.395037677923824e-09,1.0508738850377597e-08,1.1821281407890138e-08,1.3385166310059746e-08,1.5235553863378047e-08,1.7369288763510116e-08,1.9727072014618516e-08,2.2185982029207514e-08,2.4567773811119937e-08,2.6663940694078584e-08,2.8272771029750058e-08,2.9238835685482914e-08,2.9483665616226988e-08,2.9018786043935484e-08,2.7937948371566512e-08,2.639206507866322e-08,2.4555349386069378e-08,2.2592708474211712e-08,2.063637522046836e-08,1.877543005070731e-08,1.7057283119430924e-08,1.5497056491337936e-08,1.408985196886245e-08,1.2821808524864487e-08,1.1677726399660901e-08,1.0644893437105456e-08,9.713974583388869e-09,8.878263956735747e-09,8.132440220708302e-09,7.471529788083877e-09,6.890341971940412e-09,6.383342247195252e-09,5.944800301482802e-09,5.5690435200670575e-09,5.2507000165976855e-09,4.9848780572715906e-09,4.76727465906838e-09,4.59422933523974e-09,4.462744491323539e-09,4.370489973432406e-09,4.3158024086982155e-09,4.297684070729094e-09
2026-05-22 13:36:10.464331,[66.66230672],3.018433893128661e-09,3.0304466241067e-09,3.066502518869276e-09,3.126632466489553e-09,3.2108140554146933e-09,3.318861707963611e-09,3.4502763071601174e-09,3.6040612538627085e-09,3.778518820283772e-09,3.9710508795451975e-09,4.17800117466857e-09,4.394590261945933e-09,4.6150047973712235e-09,4.832702900005765e-09,5.040977999914653e-09,5.233776856647443e-09,5.406691331137059e-09,5.5579483335631694e-09,5.689135181362339e-09,5.805360001438421e-09,5.9146024812851844e-09,6.026182571556228e-09,6.1485424785378295e-09,6.28682344587327e-09,6.440906799102698e-09,6.604569163898214e-09,6.766133303420802e-09,6.9105463232408345e-09,7.022351787757759e-09,7.0887353416657895e-09,7.101838648086538e-09,7.059838524672758e-09,6.9667279160250376e-09,6.831111698674827e-09,6.664500042689509e-09,6.479529160742031e-09,6.288363229501287e-09,6.101368532010822e-09,5.926086776367146e-09,5.766562614878828e-09,5.623127423966037e-09,5.492730856176009e-09,5.369817574436711e-09,5.247605417013799e-09,5.119502440772673e-09,4.9803615768390786e-09,4.827328795673365e-09,4.660165597963576e-09,4.481067908573825e-09,4.294113175085882e-09,4.104519611575968e-09,3.917895757672282e-09,3.739612688253767e-09,3.574369423952271e-09,3.4259648147292295e-09,3.2972482656994184e-09,3.190200259167478e-09,3.1060887165129246e-09,3.0456531238850092e-09,3.0092792531278275e-09,2.9971389325425686e-09
2026-05-22 13:36:10.567232,[89.60567826],9.390051074772422e-08,9.397923890285852e-08,9.422014860475925e-08,9.464172924534218e-08,9.52900525864267e-08,9.626451915413487e-08,9.77588179494893e-08,1.0011993526814178e-07,1.0392553657016301e-07,1.1007480133632796e-07,1.198796654186335e-07,1.3513341157960363e-07,1.5812436973303426e-07,1.9155872171450127e-07,2.3836359488652082e-07,3.013640016772612e-07,3.8286424323083163e-07,4.842077495957885e-07,6.05422108801642e-07,7.450573567112368e-07,9.002805917729552e-07,1.0672021889576898e-06,1.2413077923205803e-06,1.4178057268412859e-06,1.5917198870041934e-06,1.757679547859162e-06,1.909541119247656e-06,2.0401343270751884e-06,2.1414584282747687e-06,2.2055125627162595e-06,2.2256678802126477e-06,2.1982014064790765e-06,2.1234612231796063e-06,2.0062100778574447e-06,1.8549770583475643e-06,1.6806059521588954e-06,1.4944593258681615e-06,1.306805756854579e-06,1.1257765432291792e-06,9.570179449611636e-07,8.039148801172478e-07,6.681209201876003e-07,5.501256069059995e-07,4.4968515804234896e-07,3.6606719831091276e-07,2.9815442995979953e-07,2.444894172275871e-07,2.0332966256282404e-07,1.7274409654650124e-07,1.5074482546304493e-07,1.354267563247739e-07,1.2508514660136267e-07,1.1829129119927482e-07,1.1392098234425206e-07,1.1114241336967838e-07,1.0937675222639186e-07,1.0824572121274206e-07,1.0751796152134301e-07,1.0706188698701506e-07,1.0680882371391682e-07,1.0672741750883768e-07
2026-05-22 13:36:10.618785,[72.4176335],3.3592729365505936e-09,3.3723210577999944e-09,3.4120467686037976e-09,3.4802272948689474e-09,3.579929174369168e-09,3.715641300187138e-09,3.893406438137621e-09,4.120882683392977e-09,4.407236413524188e-09,4.762748245789648e-09,5.1980249142116405e-09,5.7227806809843665e-09,6.3443054054088515e-09,7.065972205280201e-09,7.88640601639368e-09,8.80011786958709e-09,9.800332349009776e-09,1.088422075712991e-08,1.2059734104236174e-08,1.3351886117110062e-08,1.4805165869105571e-08,1.647850357455682e-08,1.843056140472801e-08,2.069626200648949e-08,2.3259693723406612e-08,2.6032206196384705e-08,2.884559802922747e-08,3.146737395747366e-08,3.3638312588438196e-08,3.512423605899784e-08,3.576740487395466e-08,3.5521553924734124e-08,3.445938337348861e-08,3.275062192255689e-08,3.061873067307103e-08,2.829076926769831e-08,2.5955502284566166e-08,2.3739871819137844e-08,2.1706223683027448e-08,1.9865634893980463e-08,1.8198888721661235e-08,1.6676733424096263e-08,1.5273960558666733e-08,1.3975651427205287e-08,1.2776991201203885e-08,1.1679513002064836e-08,1.0686579227817053e-08,9.799947790012299e-09,9.018110752582777e-09,8.336216409083028e-09,7.746965402614315e-09,7.241840291317095e-09,6.812214212795315e-09,6.450123321178764e-09,6.148677306932157e-09,5.9021876721278655e-09,5.70612470109139e-09,5.556999706177766e-09,5.452236903470684e-09,5.3900677310341e-09,5.3694581288365075e-09
2026-05-22 13:36:10.671986,[66.61609629],3.808181786175573e-09,3.823088945938205e-09,3.8677713852335805e-09,3.942084274402923e-09,4.045696689329821e-09,4.177967509761504e-09,4.33779305622246e-09,4.523449333762696e-09,4.732458634026815e-09,4.961514736571485e-09,5.206500573992766e-09,5.462624815624306e-09,5.724688662615775e-09,5.987472951712087e-09,6.24621269795314e-09,6.4971068669671605e-09,6.7377991592988685e-09,6.967760018916891e-09,7.1884949989253636e-09,7.403493355327403e-09,7.617814775973761e-09,7.837209776472856e-09,8.0667154096091e-09,8.308797611790123e-09,8.561328972692083e-09,8.815939545510043e-09,9.057438315822091e-09,9.26493261834993e-09,9.414890351359275e-09,9.485752309658494e-09,9.463025859445123e-09,9.34337990616646e-09,9.136358997369162e-09,8.862982924082964e-09,8.551483627845715e-09,8.23136762704665e-09,7.927502547332878e-09,7.655822944457441e-09,7.42161480703437e-09,7.220461887267293e-09,7.041169300933453e-09,6.869568527265651e-09,6.692116291764952e-09,6.4985228044533775e-09,6.283093960672803e-09,6.044871531315089e-09,5.786902988143089e-09,5.515051240467018e-09,5.2367061726248835e-09,4.959647757386479e-09,4.691189508620664e-09,4.437633925021949e-09,4.204009492122814e-09,3.994028630354514e-09,3.810198542672288e-09,3.654022706495672e-09,3.5262424872522145e-09,3.427081407691976e-09,3.356466483056517e-09,3.3142106022805354e-09,3.3001468989711282e-09
2026-05-22 13:36:10.778168,[91.61680988],1.5068204741860152e-07,1.5079838029017072e-07,1.5115589390716582e-07,1.5178744780745932e-07,1.527736075702116e-07,1.5428594428693672e-07,1.566554496145707e-07,1.604702871594026e-07,1.6670266343952564e-07,1.7685563197952747e-07,1.9310702323671772e-07,2.1841127023264415e-07,2.565054328445847e-07,3.1176099311480185e-07,3.8883717364479774e-07,4.921312272094626e-07,6.250846443604998e-07,7.894763244484069e-07,9.84885225562336e-07,1.2085006773804294e-06,1.455374668926143e-06,1.7190555773139425e-06,1.9923697771295805e-06,2.2680126432193434e-06,2.5386551407497354e-06,2.796490503457775e-06,3.032467082112232e-06,3.235724760812332e-06,3.3938058973090994e-06,3.4939648395887493e-06,3.5254244779319593e-06,3.481937434941501e-06,3.36375546197027e-06,3.178243964845172e-06,2.9388561700330487e-06,2.6627832408413713e-06,2.3680446803864777e-06,2.0708902353820874e-06,1.784142647005481e-06,1.5166752541762909e-06,1.273806763098826e-06,1.0581700796046876e-06,8.706155500623526e-07,7.108732717494022e-07,5.779070669188943e-07,4.700455688396283e-07,3.850316945434139e-07,3.2010451618341634e-07,2.721607989383655e-07,2.3798057130211537e-07,2.1446677415495164e-07,1.9884656629679248e-07,1.8880050882962646e-07,1.825110117415761e-07,1.7864195820514751e-07,1.7627233934339144e-07,1.7480833282334474e-07,1.7389369733967132e-07,1.7333133093570992e-07,1.7302219509929054e-07,1.7292307206681932e-07
2026-05-22 13:36:10.831924,[74.68294742],6.422636408618588e-09,6.4529436082932055e-09,6.544634753476044e-09,6.7000393495011925e-09,6.923104133910045e-09,7.219467618230697e-09,7.596510540129944e-09,8.06330860289488e-09,8.630377165849597e-09,9.309073308956342e-09,1.0110539395329757e-08,1.1044173805103175e-08,1.211583247235946e-08,1.33262961939837e-08,1.467090472901942e-08,1.614147701801489e-08,1.7731437535038038e-08,1.9444189796192355e-08,2.1303146124004647e-08,2.3359764890904214e-08,2.5694301680990122e-08,2.8403947957144713e-08,3.157566055302698e-08,3.524642943700068e-08,3.936062380992942e-08,4.373953778822e-08,4.807896714168757e-08,5.198448512070447e-08,5.5041872761519025e-08,5.690610446437089e-08,5.738254299184899e-08,5.647372081058518e-08,5.437552684448368e-08,5.142398940659737e-08,4.801088232646549e-08,4.449589108575137e-08,4.1141499715231366e-08,3.808572430285767e-08,3.535292124611367e-08,3.2890607889206066e-08,3.061479517497584e-08,2.8448280908664528e-08,2.634309361625521e-08,2.428598992811039e-08,2.2291505970528193e-08,2.0389252451202562e-08,1.861136143491927e-08,1.6983622233842606e-08,1.552131413884736e-08,1.4228963045168094e-08,1.3102477784934338e-08,1.2132157486140554e-08,1.1305520258371967e-08,1.0609442911511467e-08,1.0031518746108338e-08,9.560773291620175e-09,9.187953456635433e-09,8.905585106342123e-09,8.707935002916118e-09,8.590952952025375e-09,8.552226119852644e-09
2026-05-22 13:36:10.890638,[66.92212632],6.003320111586589e-09,6.029147622415115e-09,6.106757180413469e-09,6.236478118248193e-09,6.418686857253037e-09,6.653548274728242e-09,6.940653990805482e-09,7.278559234997903e-09,7.664224536823646e-09,8.092380810646307e-09,8.554863583387258e-09,9.040012366281934e-09,9.532308880336765e-09,1.0012524496948541e-08,1.0458730377599434e-08,1.084853049624168e-08,1.1162723635213446e-08,1.1390214312437996e-08,1.1533376501632787e-08,1.1612367954871108e-08,1.1666398940761657e-08,1.1750072743569736e-08,1.192394269423121e-08,1.2240343955354762e-08,1.2727822974850672e-08,1.3379126101459534e-08,1.414768309836295e-08,1.4955318062587227e-08,1.5710029115437987e-08,1.63286023686957e-08,1.6756475221249036e-08,1.697796655626078e-08,1.701367254886116e-08,1.690690483536462e-08,1.6705190764800498e-08,1.6444202191700672e-08,1.613960607157021e-08,1.578839402910574e-08,1.537726101376342e-08,1.4893321941877241e-08,1.4332553976828969e-08,1.3703290565894765e-08,1.3024627121968433e-08,1.2321526342533555e-08,1.1619116533635785e-08,1.0938238694410191e-08,1.029324653302319e-08,9.692001620497506e-09,9.137331160543947e-09,8.629030967755772e-09,8.165679972272195e-09,7.745876424643028e-09,7.36882999985156e-09,7.034451584294851e-09,6.743158676291457e-09,6.495593935546355e-09,6.292387121481226e-09,6.134017342350833e-09,6.02077641617832e-09,5.952802339004185e-09,5.930141471003171e-09
2026-05-22 13:36:10.996880,[92.21675026],1.996341181098233e-07,1.9979914812371754e-07,2.0030488424127537e-07,2.0119261469244692e-07,2.0256414563549508e-07,2.046372183948521e-07,2.0783316047091898e-07,2.1290226659545285e-07,2.2108673124763803e-07,2.343094091733419e-07,2.5535904663523766e-07,2.8802120097073e-07,3.370849144881724e-07,4.0814838543514817e-07,5.071644282299449e-07,6.397174398411684e-07,8.101063961942513e-07,1.0204041923125536e-06,1.2697349273897167e-06,1.554011274236366e-06,1.866270892492549e-06,2.1975514861041757e-06,2.538013302237499e-06,2.877865807917172e-06,3.2076902410172357e-06,3.5180105401212715e-06,3.798371432745439e-06,4.036544396095081e-06,4.21858470884861e-06,4.330190224155578e-06,4.359240690856206e-06,4.298783233933216e-06,4.149390328032229e-06,3.919948710361874e-06,3.6265007802879114e-06,3.289490498151173e-06,2.9303208321596055e-06,2.568272563042685e-06,2.2185482866104656e-06,1.8916777177752223e-06,1.5940179129302572e-06,1.3288069920818128e-06,1.0972366264528735e-06,8.992134983506447e-07,7.337376843747722e-07,5.990136922197819e-07,4.924757299457596e-07,4.108707425406326e-07,3.504560412670611e-07,3.072876938422203e-07,2.775323470285282e-07,2.5773266900525056e-07,2.4498120490535687e-07,2.3699034695992769e-07,2.3207299653758976e-07,2.2906291650973424e-07,2.2720611108946183e-07,2.2604888275615048e-07,2.253392720609497e-07,2.2495006154802364e-07,2.2482541555897377e-07
2026-05-22 13:36:11.052896,[69.66666256],9.832132010916212e-09,9.876487307174953e-09,1.0009904386913148e-08,1.0233371398701162e-08,1.0548312851525489e-08,1.0956240404483352e-08,1.1458231967244925e-08,1.205420857695132e-08,1.2741980596218074e-08,1.3516059574672209e-08,1.436629725060003e-08,1.5276534291359047e-08,1.6223618958384465e-08,1.717735667006666e-08,1.8102092129467608e-08,1.8960573839422816e-08,1.9720360762429625e-08,2.0362223574974004e-08,2.0888863077068542e-08,2.1331164362418257e-08,2.174870258543992e-08,2.222191889714717e-08,2.2835577964976655e-08,2.3656414094414782e-08,2.4711100896411137e-08,2.5972223322526844e-08,2.735849953552662e-08,2.875099526945779e-08,3.002100696206429e-08,3.106032542532134e-08,3.1803267877110623e-08,3.2233144785205406e-08,3.237236740711909e-08,3.2262117563498835e-08,3.194118838952883e-08,3.143267961042769e-08,3.07425289485801e-08,2.9868033363314984e-08,2.8810454500554673e-08,2.7585116055126336e-08,2.6224779728147076e-08,2.4775816873899357e-08,2.3289797118406852e-08,2.1814378279290275e-08,2.0386739470765092e-08,1.9031050571124216e-08,1.7759656754656356e-08,1.6576516038270406e-08,1.5481176795505916e-08,1.4472005907153015e-08,1.3548078759316826e-08,1.270976966884502e-08,1.1958451208761307e-08,1.129580595769249e-08,1.0723158769001342e-08,1.0241062677839352e-08,9.849203942499754e-09,9.546576222087033e-09,9.331818580460664e-09,9.203603537799527e-09,9.160979881044991e-09
2026-05-22 13:36:11.106537,[65.8977384],2.6792672559928135e-09,2.6915043442888404e-09,2.7283857419385565e-09,2.79039835940474e-09,2.8782733789201893e-09,2.9928591696407627e-09,3.1349323408782265e-09,3.304941187740775e-09,3.50268224088074e-09,3.726923525756264e-09,3.975008085599851e-09,4.2424968886973045e-09,4.522936627670083e-09,4.807856164461305e-09,5.087093054363671e-09,5.349516056769205e-09,5.584134086997373e-09,5.781473535289551e-09,5.934990262619826e-09,6.042203265362918e-09,6.105241638289457e-09,6.130613461409821e-09,6.128218944405898e-09,6.1098705524347e-09,6.087744025871555e-09,6.073173052273698e-09,6.075995222643126e-09,6.104340835784565e-09,6.164493049641435e-09,6.260400733444224e-09,6.392655565953307e-09,6.557156417402029e-09,6.744057693846922e-09,6.937708160617609e-09,7.1180331147823655e-09,7.263288954168831e-09,7.3535669638112735e-09,7.374102397234813e-09,7.317496687068863e-09,7.184343055057937e-09,6.982272755830252e-09,6.723887405092928e-09,6.424259953384482e-09,6.098644301005292e-09,5.7608098340868e-09,5.422137237751158e-09,5.0913835527819306e-09,4.7749017898988805e-09,4.47708228632621e-09,4.2008338120801596e-09,3.9479985905825e-09,3.719663801247135e-09,3.5163768829549824e-09,3.338291790073548e-09,3.185275102609902e-09,3.0569933417421137e-09,2.9529929905805162e-09,2.872776561442216e-09,2.8158729664191206e-09,2.781898214548364e-09,2.770602204771751e-09
2026-05-22 13:36:11.210425,[87.68247485],6.2967682301611e-08,6.303431447590333e-08,6.323993993061198e-08,6.360485490809664e-08,6.417378640847885e-08,6.503395302317904e-08,6.634315339170287e-08,6.836913831910167e-08,7.153950396628575e-08,7.649751973588992e-08,8.415375416299182e-08,9.571701740520828e-08,1.1268312103629099e-07,1.3675952063625107e-07,1.697116373378489e-07,2.1313471473887465e-07,2.681818364035161e-07,3.3530689941127974e-07,4.1409818336239046e-07,5.032694757060941e-07,6.008334496638615e-07,7.044126566060703e-07,8.115720977545229e-07,9.200213046082181e-07,1.0275657325797037e-06,1.1317926536130833e-06,1.2296205474955856e-06,1.3169550301533521e-06,1.3887086437977473e-06,1.439326170922779e-06,1.4637478055525432e-06,1.4585330909013742e-06,1.4227641048970216e-06,1.3584053724948146e-06,1.2699970561682701e-06,1.1638031324672747e-06,1.0467143885973323e-06,9.252451916362419e-07,8.048652968978385e-07,6.897390798938299e-07,5.827905778219575e-07,4.859341215419847e-07,4.0031872731941693e-07,3.2649941349900263e-07,2.6452387294851015e-07,2.13972562833999e-07,1.7400195332168338e-07,1.4342323791153762e-07,1.2082070704762746e-07,1.0469154167538152e-07,9.357984310205963e-08,8.618157262670895e-08,8.140812782831666e-08,7.840825397954104e-08,7.655663722581957e-08,7.542138369324906e-08,7.472231837340327e-08,7.428929736691449e-08,7.402620520414894e-08,7.38831995930923e-08,7.383765126007004e-08
2026-05-22 13:36:11.258661,[70.55336613],3.3683149531823427e-09,3.384667622218617e-09,3.433954591044474e-09,3.516850644801757e-09,3.6344406082248073e-09,3.788160669608242e-09,3.9797157105621305e-09,4.210966557650408e-09,4.483773448962396e-09,4.799774934086444e-09,5.160082203615765e-09,5.564889012125946e-09,6.013049674678175e-09,6.501768198010668e-09,7.026657397478129e-09,7.582522717377539e-09,8.165220586846101e-09,8.774737482599738e-09,9.419167361007004e-09,1.0118569964358992e-08,1.0906975951542746e-08,1.1830438603512988e-08,1.2939441651157424e-08,1.4275413086614863e-08,1.5853394903213846e-08,1.7645356206786092e-08,1.9570093184791668e-08,2.1495086939061624e-08,2.3252722487879467e-08,2.46686339459314e-08,2.5595341293781455e-08,2.5941783904052176e-08,2.569014351634308e-08,2.4895364223106668e-08,2.3668437319916583e-08,2.2149518753790646e-08,2.0479369636480805e-08,1.8776798470932936e-08,1.7126512564081606e-08,1.557771649475867e-08,1.4150587497278362e-08,1.2846351891860117e-08,1.165707752331117e-08,1.0572791341926337e-08,9.585239119545768e-09,8.688863502103322e-09,7.880135021163706e-09,7.156329880111414e-09,6.5144823841317885e-09,5.9508182060190175e-09,5.4606630641920356e-09,5.038668589452037e-09,4.67917327095211e-09,4.376562669381482e-09,4.125557668715708e-09,3.921412006802356e-09,3.760030772667245e-09,3.638032712154507e-09,3.55277841689068e-09,3.5023807112788565e-09,3.4857072708568694e-09
2026-05-22 13:36:11.408486,[88.70192414],8.260054759843253e-08,8.266257391078903e-08,8.285372025152514e-08,8.319338992317359e-08,8.37287052451862e-08,8.455919685156719e-08,8.587556733906627e-08,8.801462969449906e-08,9.152984095777795e-08,9.727158841592742e-08,1.0646353432176824e-07,1.2075204240050427e-07,1.4219783997439177e-07,1.7317717499682258e-07,2.1616908928665632e-07,2.734296999660942e-07,3.465922231432773e-07,4.3627359882609377e-07,5.41797549554591e-07,6.611390166100097e-07,7.911424470210073e-07,9.279718327854721e-07,1.0676452778501837e-06,1.20644237182519e-06,1.3409971475176274e-06,1.468017653972974e-06,1.5837648520805477e-06,1.6835896060854428e-06,1.7618692251452235e-06,1.8125546889768613e-06,1.8302750833055229e-06,1.811666792053056e-06,1.7564442360757751e-06,1.6677922114109621e-06,1.5519142484103787e-06,1.4168951849664087e-06,1.271276010850808e-06,1.1227930919299995e-06,9.7760037514511e-07,8.400594959817222e-07,7.129680129330846e-07,5.979866859431233e-07,4.960416129406898e-07,4.075746991307473e-07,3.326301811065919e-07,2.7084261409984233e-07,2.2141286212164505e-07,1.831343376989594e-07,1.5448850117645294e-07,1.3379119840158829e-07,1.1935292045240982e-07,1.0961706263660422e-07,1.0325350048311875e-07,9.920127881097886e-08,9.666731796700238e-08,9.509498197392567e-08,9.411748389914506e-08,9.350843112888371e-08,9.313761146453255e-08,9.2936113474242e-08,9.287198612430067e-08
2026-05-22 13:36:11.461078,[70.63869473],3.843978919277761e-09,3.861997356797869e-09,3.916368304883442e-09,4.008032190587136e-09,4.1385331852251166e-09,4.309977193144499e-09,4.5249533832245464e-09,4.786389124006262e-09,5.097290074290956e-09,5.460303452290074e-09,5.877048715573719e-09,6.347208458815214e-09,6.867485742895656e-09,7.430719548846389e-09,8.025677282109357e-09,8.63822364838323e-09,9.254550220481526e-09,9.86676948467218e-09,1.0480329074574054e-08,1.1121475263885377e-08,1.184176566902124e-08,1.2716041627985603e-08,1.3831018312433657e-08,1.5264104030728642e-08,1.705585701790952e-08,1.9183376129619408e-08,2.1544075446589974e-08,2.3958112694087716e-08,2.6192816756053022e-08,2.8005135361660743e-08,2.9191202586849044e-08,2.9628674177756712e-08,2.9299287357200238e-08,2.8285657831136547e-08,2.67449511465973e-08,2.4869200806236016e-08,2.28449853313141e-08,2.0823272633386523e-08,1.890497088008889e-08,1.714171117183443e-08,1.5547018677356124e-08,1.4111472367841512e-08,1.2816457440960469e-08,1.1643510702104924e-08,1.05787290617145e-08,9.613373871071366e-09,8.742410787860562e-09,7.962514555603947e-09,7.27047343141913e-09,6.662326345647897e-09,6.1331610498620936e-09,5.677329266690015e-09,5.288831901736264e-09,4.961704679841036e-09,4.690323030240325e-09,4.469609581108533e-09,4.295160893788188e-09,4.163319433192963e-09,4.071213275375962e-09,4.016778443986426e-09,3.99877187136265e-09
2026-05-22 13:36:11.614960,[89.76426151],1.0476733805926583e-07,1.0484439140190371e-07,1.05081251249848e-07,1.0550037363939224e-07,1.0615805143122417e-07,1.0717597310820953e-07,1.0879084999426075e-07,1.114248341396648e-07,1.1577596032383273e-07,1.2292098640148975e-07,1.3441276987522314e-07,1.5234222931831576e-07,1.79324750049518e-07,2.1836862446943916e-07,2.7259573076726226e-07,3.448169261491692e-07,4.370146810192978e-07,5.498408351352496e-07,6.822747255039468e-07,8.315787735733419e-07,9.936169085038576e-07,1.163473797179306e-06,1.3361725672418753e-06,1.5072044857037554e-06,1.6726205605307876e-06,1.828611180951655e-06,1.9707601346431672e-06,2.0933826870601327e-06,2.189411953321663e-06,2.25111767545005e-06,2.271580885123445e-06,2.2464705152602482e-06,2.17546710432897e-06,2.0627692171882683e-06,1.916466727203843e-06,1.7470045632424044e-06,1.5652822416588e-06,1.3810012923826832e-06,1.2016845752084289e-06,1.0324696633784906e-06,8.76486297128424e-07,7.354826968565623e-07,6.103914108249408e-07,5.016640305638846e-07,4.0936387685569766e-07,3.331135223667417e-07,2.720226441301564e-07,2.2468700618271954e-07,1.8928825462696642e-07,1.6377106569031837e-07,1.4604731839090753e-07,1.3417725586332713e-07,1.2649513484146535e-07,1.2166922617848448e-07,1.1870406165997988e-07,1.169025817674706e-07,1.1580771764019905e-07,1.1513961222393091e-07,1.1473921553174523e-07,1.1452371173390995e-07,1.1445541184230641e-07
2026-05-22 13:36:11.665874,[70.13337625],5.0925203632043145e-09,5.11418418935187e-09,5.179465630106789e-09,5.289233023261573e-09,5.444928425439447e-09,5.648557119564052e-09,5.902658161417697e-09,6.210221561418172e-09,6.574486712162816e-09,6.998525390494078e-09,7.484502387196418e-09,8.032550845488717e-09,8.639334706043365e-09,9.296617068759454e-09,9.9904809994689e-09,1.0702146489949005e-08,1.141139198133425e-08,1.2103176378176286e-08,1.2777001343848224e-08,1.3456938130217504e-08,1.4198545217965753e-08,1.5087977162767514e-08,1.6229386389240968e-08,1.7719782976697597e-08,1.9615403143045634e-08,2.1898706012534746e-08,2.4457954300522116e-08,2.7089826615325355e-08,2.9529144249193763e-08,3.150040127107339e-08,3.2777089501210645e-08,3.3230795499668884e-08,3.285490006003263e-08,3.1756514553958676e-08,3.0121329516918067e-08,2.816464681144891e-08,2.6084690993413567e-08,2.4030881697760943e-08,2.2092400286332148e-08,2.0304703307036738e-08,1.866664743938336e-08,1.7159807747615986e-08,1.5763697960223655e-08,1.4464156562209819e-08,1.3255364803690532e-08,1.2137780395234558e-08,1.111458450949296e-08,1.0188549512841224e-08,9.360212700524109e-09,8.627393382204393e-09,7.985631951215324e-09,7.429033398702945e-09,6.951119735615701e-09,6.545485248376379e-09,6.206207295971652e-09,5.92805673466776e-09,5.706581750584865e-09,5.53813035990103e-09,5.419853516351116e-09,5.349708050141844e-09,5.326463294601519e-09
2026-05-22 13:36:11.715226,[65.22821196],2.313889215224272e-09,2.3268675199937816e-09,2.366073300476848e-09,2.432293694436342e-09,2.526752239585102e-09,2.650964809360575e-09,2.8065175548145464e-09,2.9947534541787313e-09,3.216361702339925e-09,3.4708820964473004e-09,3.756166985489294e-09,4.067885576842338e-09,4.3992032597052e-09,4.7408080740210215e-09,5.0814652071856604e-09,5.409231624766129e-09,5.7133350118685865e-09,5.986512754542145e-09,6.227352477031524e-09,6.441954106453687e-09,6.64415506280443e-09,6.853730339014859e-09,7.0924414543713245e-09,7.378490717557516e-09,7.72063663923327e-09,8.113657164980864e-09,8.536755846858012e-09,8.955806438799235e-09,9.329192613439824e-09,9.615817226884428e-09,9.783098705785686e-09,9.812766829072257e-09,9.703033369786697e-09,9.466932716446589e-09,9.127808444987911e-09,8.713620218528633e-09,8.251765871724543e-09,7.765566477487458e-09,7.272767471761778e-09,6.785716386428658e-09,6.312509579661178e-09,5.858388835508696e-09,5.426896892419483e-09,5.020598670670124e-09,4.641407692321075e-09,4.290668412202965e-09,3.969148887622075e-09,3.677043812828731e-09,3.4140246009758204e-09,3.1793299111105022e-09,2.971873375800923e-09,2.790347775516114e-09,2.633315130248066e-09,2.4992815717247963e-09,2.386760766900111e-09,2.294330271192498e-09,2.2206834086490084e-09,2.1646770307863003e-09,2.1253739316906716e-09,2.1020780885284285e-09,2.094361026321992e-09
2026-05-22 13:36:11.811759,[91.86315474],1.6561617933695305e-07,1.6573320176308789e-07,1.660932167699968e-07,1.6673179606024147e-07,1.6773897430200566e-07,1.693106942054729e-07,1.7182968281460766e-07,1.7598007663896807e-07,1.8289425240140085e-07,1.9431888186455014e-07,2.127702474458134e-07,2.4162893866995757e-07,2.8510753713480567e-07,3.480218973230657e-07,4.353187564837798e-07,5.513674900285132e-07,6.991083826303698e-07,8.792424153327719e-07,1.089708683085065e-06,1.3256785562537742e-06,1.5801703684200593e-06,1.8451686159345424e-06,2.112890738840598e-06,2.376700353845248e-06,2.631229083225859e-06,2.871572999588148e-06,3.091880472564378e-06,3.2840400046967618e-06,3.437283125927374e-06,3.539222481923091e-06,3.5782357936765867e-06,3.546456808631022e-06,3.442273140069836e-06,3.2713582109190243e-06,3.045832364071058e-06,2.781881506534792e-06,2.4967108401613963e-06,2.205841901357062e-06,1.9214663390640633e-06,1.6520461713022539e-06,1.4028676916478213e-06,1.1770112507126358e-06,9.762350249218296e-07,8.014937896147298e-07,6.530734210386586e-07,5.304976796424448e-07,4.324104909720221e-07,3.565799783652618e-07,3.000703768366304e-07,2.595411631444521e-07,2.3158927974009483e-07,2.130515466468996e-07,2.012138014796751e-07,1.9391047937852427e-07,1.895281637240696e-07,1.8694266841640478e-07,1.8542217426408222e-07,1.8452330708207553e-07,1.8399790625043557e-07,1.8371945474287197e-07,1.8363180197160087e-07
2026-05-22 13:36:11.858398,[71.53358101],7.48797787580527e-09,7.516065559859417e-09,7.600702758692244e-09,7.743032444342467e-09,7.945028933359275e-09,8.209600107860683e-09,8.540709368279386e-09,8.943458697986333e-09,9.424015531461607e-09,9.989202471963364e-09,1.0645536131535701e-08,1.1397556783258164e-08,1.2245499490523035e-08,1.3182758506859626e-08,1.4194147079832913e-08,1.5256474366466618e-08,1.6343117809680303e-08,1.7433655943032804e-08,1.8527961475813776e-08,1.966156718227941e-08,2.0916382240137933e-08,2.2419345344416564e-08,2.4322898433495974e-08,2.676609132162027e-08,2.982291968572815e-08,3.3452453185236e-08,3.746952135622861e-08,4.1551885303258515e-08,4.5289315764995934e-08,4.8265010977091705e-08,5.014645170414893e-08,5.0757401451636506e-08,5.010843786597583e-08,4.837814870394017e-08,4.5854588746647026e-08,4.285924148478983e-08,3.967864407430312e-08,3.65219435741841e-08,3.351025062118728e-08,3.069174956060311e-08,2.8069727458018284e-08,2.5630391794129815e-08,2.3361863685351537e-08,2.1261853582809633e-08,1.9336380104719276e-08,1.7594080842667883e-08,1.604035206186419e-08,1.4673834543068153e-08,1.3485847451684091e-08,1.2462050708351726e-08,1.1585116089334778e-08,1.0837327472734984e-08,1.0202475526086605e-08,9.666870197790451e-09,9.219606203476335e-09,8.852349366739993e-09,8.558908271160971e-09,8.334782363680625e-09,8.176789696986316e-09,8.082806979321333e-09,8.051612526736417e-09
2026-05-22 13:36:11.907941,[65.73905112],4.517920629401592e-09,4.538351352716704e-09,4.599546801845876e-09,4.7011626770622195e-09,4.842449048087596e-09,5.0220024239898e-09,5.237454154368511e-09,5.48513648988319e-09,5.759784383289786e-09,6.054346031638289e-09,6.3599827933449836e-09,6.666333122006958e-09,6.962090469329933e-09,7.235900708914036e-09,7.477525848844607e-09,7.67915939293965e-09,7.836729423241726e-09,7.950999432332036e-09,8.028275009916528e-09,8.08053605899201e-09,8.124825761959142e-09,8.181739800998164e-09,8.272902782875223e-09,8.417450452427132e-09,8.627806461483474e-09,8.9054389242158e-09,9.237684196910628e-09,9.596914177607419e-09,9.943071309434014e-09,1.0229809989436593e-08,1.0413324327200166e-08,1.0461821610162975e-08,1.0363024354115702e-08,1.012740017224145e-08,9.786010808741924e-09,9.383523539683353e-09,8.968403099998495e-09,8.583041231818748e-09,8.25635600315834e-09,8.000383592451046e-09,7.81105275299187e-09,7.67218326006501e-09,7.561121938683978e-09,7.454397740843688e-09,7.332191918714463e-09,7.181028080984354e-09,6.994656444907198e-09,6.773496015775103e-09,6.5231713778623555e-09,6.252675584846254e-09,5.972577545490278e-09,5.6935393234140826e-09,5.425264121058279e-09,5.175884611896665e-09,4.951730732895741e-09,4.757381925613714e-09,4.595901949711464e-09,4.469164664610847e-09,4.378197773882135e-09,4.3234919364058794e-09,4.305240833855883e-09
2026-05-22 13:36:12.010596,[92.82882531],2.1152265210600746e-07,2.1167258094576848e-07,2.1213546042493064e-07,2.129622480212786e-07,2.1427891805538018e-07,2.1635480976513402e-07,2.1970946402529064e-07,2.2526302081079525e-07,2.345272550570321e-07,2.498190085523195e-07,2.7445529612635923e-07,3.128633464879755e-07,3.705178516251299e-07,4.5361523596387975e-07,5.684261224252842e-07,7.20342361789834e-07,9.127486563484376e-07,1.145971629880035e-06,1.4166378117946282e-06,1.7177443245659137e-06,2.039572741682334e-06,2.37127787060367e-06,2.7026589429415533e-06,3.0254293603135242e-06,3.3333903095844024e-06,3.6213256093974643e-06,3.883042483428071e-06,4.10950913532626e-06,4.288183271117768e-06,4.4042334275651365e-06,4.443545673876145e-06,4.396548742036143e-06,4.261416368968661e-06,4.045378473188304e-06,3.763623921529766e-06,3.4362392015270116e-06,3.0843373852717907e-06,2.726685830168347e-06,2.377737803236939e-06,2.0472786422868957e-06,1.741269284135143e-06,1.4631645256793422e-06,1.2150501634366965e-06,9.982515891439965e-07,8.134146581849269e-07,6.602888073439189e-07,5.374959297141477e-07,4.4248412469439386e-07,3.717259802926156e-07,3.211024049807545e-07,2.8635460595768154e-07,2.634893274901272e-07,2.490630411361828e-07,2.403215022789313e-07,2.352116430971301e-07,2.3230460682070575e-07,2.306729207546895e-07,2.2975742826808418e-07,2.2924750865393138e-07,2.2898648512964458e-07,2.2890572417907063e-07
2026-05-22 13:36:12.061642,[73.54735987],8.38521610426831e-09,8.415017028173785e-09,8.504698538722153e-09,8.655105502626132e-09,8.867676219852545e-09,9.144488359022881e-09,9.488310429957274e-09,9.902615837532974e-09,1.0391471112657412e-08,1.095916217082075e-08,1.160940335666647e-08,1.2344032600483747e-08,1.3161287156104638e-08,1.4054107865388987e-08,1.500939161771249e-08,1.6009534727274423e-08,1.703768240553043e-08,1.8087456352494182e-08,1.9176329799954904e-08,2.035939662698261e-08,2.173777589665629e-08,2.3454612601542983e-08,2.567302555143787e-08,2.8535195104835706e-08,3.2109345928273234e-08,3.633909161040997e-08,4.101373510536586e-08,4.577545674820011e-08,5.0169187561377353e-08,5.3726306918579967e-08,5.605994857118964e-08,5.694376943731772e-08,5.635075985853444e-08,5.444244631169168e-08,5.151580472138712e-08,4.792817579429034e-08,4.4024517072374605e-08,4.008597160960554e-08,3.630768540234206e-08,3.2802566912163474e-08,2.962066765036846e-08,2.677262505103735e-08,2.4248858179966167e-08,2.2031187322909418e-08,2.0097708547820827e-08,1.842379525442747e-08,1.6982089621639503e-08,1.574317463174802e-08,1.4677278995314286e-08,1.3756497978102115e-08,1.2956771833429136e-08,1.2259076295035434e-08,1.164966224840482e-08,1.1119507646023449e-08,1.0663310228446748e-08,1.0278357835520276e-08,9.963523073619597e-09,9.718507804883702e-09,9.543357928220611e-09,9.438201830112752e-09,9.403138207553664e-09
2026-05-22 13:36:12.114005,[67.67244459],4.735132949079665e-09,4.751301687467751e-09,4.799973480495765e-09,4.881629254419111e-09,4.997019865730837e-09,5.147096866705094e-09,5.332928277451186e-09,5.555609663583482e-09,5.816179829071529e-09,6.115546411742873e-09,6.454420151484092e-09,6.833249925220347e-09,7.252147917780428e-09,7.710799894158023e-09,8.208370805464179e-09,8.743435184283964e-09,9.313970205415146e-09,9.917427092219181e-09,1.0550831270363254e-08,1.1210766071418508e-08,1.189301946563382e-08,1.259169826894423e-08,1.3297809086085703e-08,1.3997666676151273e-08,1.4671892780165335e-08,1.5295975565392704e-08,1.5843127201966522e-08,1.6289415670838022e-08,1.6620055983947433e-08,1.6834803148453246e-08,1.6950148866064974e-08,1.6996801548161722e-08,1.7012554588953147e-08,1.703246866176328e-08,1.7079472290002017e-08,1.7158438497601318e-08,1.725552075855119e-08,1.7342611548443702e-08,1.7385075369264196e-08,1.735008783074069e-08,1.721318421803748e-08,1.69616807126356e-08,1.6594902076934467e-08,1.612210055747501e-08,1.555932096194666e-08,1.4926303725450736e-08,1.4244063368117186e-08,1.35333051952244e-08,1.2813526278537764e-08,1.2102534713186693e-08,1.1416162815555601e-08,1.0768057177854234e-08,1.0169527067671872e-08,9.629485437093707e-09,9.154521694718956e-09,8.749120195828238e-09,8.416004851386472e-09,8.156563991742084e-09,7.971297222045112e-09,7.860226777287429e-09,7.823225456208985e-09
2026-05-22 13:36:12.164417,[66.17595874],3.026986537497436e-09,3.039756771517952e-09,3.078149662355848e-09,3.142383346839191e-09,3.2327279102508296e-09,3.3493701870912825e-09,3.4922360721084945e-09,3.660784671829524e-09,3.8537944732259494e-09,4.069165639623953e-09,4.3037619632723266e-09,4.5533092935550475e-09,4.812355857362904e-09,5.0742900263453115e-09,5.331413471769476e-09,5.5750931844128735e-09,5.7960668551603316e-09,5.985035893282121e-09,6.133707960570697e-09,6.236390418435739e-09,6.292045506974381e-09,6.306410810357622e-09,6.293464861170246e-09,6.275354659278986e-09,6.280082557736449e-09,6.336848829272646e-09,6.469830389487662e-09,6.692001017298699e-09,7.000939633843672e-09,7.378153101173826e-09,7.792323986933905e-09,8.20551843092021e-09,8.580369881338599e-09,8.886061640762077e-09,9.101627789731532e-09,9.21629852202617e-09,9.227729545740824e-09,9.139485980505493e-09,8.958966413541387e-09,8.696294729471554e-09,8.364002334038406e-09,7.976924824796794e-09,7.55176013747959e-09,7.106055702552624e-09,6.656771946027331e-09,6.218806410747666e-09,5.803879506562493e-09,5.420026400040396e-09,5.071720329809458e-09,4.7604742078559674e-09,4.485683688377932e-09,4.2454853282803706e-09,4.037473170743957e-09,3.859203460338903e-09,3.7084886447470973e-09,3.5835242982268335e-09,3.482906840576865e-09,3.4055946195235782e-09,3.350850382462057e-09,3.3181874544176835e-09,3.3073296372633524e-09
2026-05-22 13:36:12.219335,[87.8201132],6.85872165148274e-08,6.865675674269256e-08,6.887206619918743e-08,6.925696411391182e-08,6.986426987673841e-08,7.079741264898147e-08,7.22437455175856e-08,7.452064986159788e-08,7.813283356720181e-08,8.383434792614979e-08,9.268197565839418e-08,1.0605909461970183e-07,1.2564372397683634e-07,1.5329540618209103e-07,1.908473034299602e-07,2.3981473968628273e-07,3.0106660705184245e-07,3.7454132558964394e-07,4.5910732808450084e-07,5.526509625542477e-07,6.524127647534413e-07,7.554965870610211e-07,8.593798559282574e-07,9.622077018012484e-07,1.0627015434869686e-06,1.1596597028485426e-06,1.2512253144307e-06,1.3342535567735735e-06,1.4041335030777232e-06,1.4552708206380897e-06,1.4821650335016052e-06,1.480742126597801e-06,1.4494661418225962e-06,1.3898258744568708e-06,1.306042155988266e-06,1.2041451707883156e-06,1.0907860024431876e-06,9.72184295852042e-07,8.534828746095683e-07,7.385679270806267e-07,6.302296292027493e-07,5.304557592079934e-07,4.406785711898804e-07,3.6188892707058224e-07,2.946301227291384e-07,2.3894232897800565e-07,1.9433467832299558e-07,1.598306617209542e-07,1.3408976912489343e-07,1.1557600448154418e-07,1.0273168511153779e-07,9.41208580976141e-08,8.85224966112025e-08,8.497059255367455e-08,8.275055566938868e-08,8.136703176581356e-08,8.049831245237007e-08,7.994918356866993e-08,7.960961793650191e-08,7.942275178465878e-08,7.936286608061844e-08
2026-05-22 13:36:12.270949,[66.40893741],3.857932942139469e-09,3.872720181291956e-09,3.917409903206892e-09,3.992971429684823e-09,4.100966759111026e-09,4.2434540987465496e-09,4.422820165221952e-09,4.641509136184822e-09,4.901611293236749e-09,5.204279558932432e-09,5.5489671035472516e-09,5.932536371715727e-09,6.348389751792311e-09,6.785913905871537e-09,7.230687598552395e-09,7.666012089535343e-09,8.076277721851394e-09,8.452355638568351e-09,8.798516137019404e-09,9.139373094207623e-09,9.524301600991128e-09,1.0026167572468442e-08,1.0731640949251973e-08,1.1722254353828989e-08,1.3048596263703176e-08,1.4703704454765975e-08,1.6604317388501024e-08,1.858853758222182e-08,2.0434828888446776e-08,2.1900761089434634e-08,2.2772736040524518e-08,2.2913046156342102e-08,2.2290377966940404e-08,2.098475872998741e-08,1.916616860740121e-08,1.7054328234717313e-08,1.4872301656073028e-08,1.2806846896740691e-08,1.098438850043881e-08,9.46525247104259e-09,8.253044925512266e-09,7.312680869024088e-09,6.590120531397013e-09,6.028653165263917e-09,5.5792841649398524e-09,5.205228059585564e-09,4.88200857159538e-09,4.5951248095098085e-09,4.336956824057107e-09,4.103970890980803e-09,3.8946804409598764e-09,3.7083966617678394e-09,3.5445937139781186e-09,3.4026651848645204e-09,3.2818865333202175e-09,3.1814627595526526e-09,3.1005973250050927e-09,3.0385557109310795e-09,2.9947162686982645e-09,2.9686083202562177e-09,2.9599388233625683e-09
2026-05-22 13:36:12.318712,[67.04058962],2.9754530263188276e-09,2.9872736777629293e-09,3.022918646412865e-09,3.0829424025362165e-09,3.1682867413890252e-09,3.280304888227817e-09,3.420787034689946e-09,3.591971673079487e-09,3.7965136910888e-09,4.037364010661801e-09,4.3175017711895286e-09,4.639457900433265e-09,5.004590702762466e-09,5.412131346177051e-09,5.858113303684224e-09,6.33442108220357e-09,6.828302058044043e-09,7.322721324608422e-09,7.797839563520314e-09,8.233623962275252e-09,8.613195866779375e-09,8.92609886331868e-09,9.170427709457268e-09,9.352875948421622e-09,9.486309684259975e-09,9.585332201127399e-09,9.661150266074877e-09,9.717494204290494e-09,9.749107806757288e-09,9.743431557451486e-09,9.684901098777307e-09,9.560297547057947e-09,9.363255897800123e-09,9.096484837828907e-09,8.771225533682034e-09,8.404504506703803e-09,8.01537830851837e-09,7.621434172731723e-09,7.236406427288645e-09,6.869180564563126e-09,6.523971892691307e-09,6.201233608855846e-09,5.898856863941503e-09,5.613361604800582e-09,5.340924014833202e-09,5.078180206960759e-09,4.822783623524979e-09,4.573705348282994e-09,4.33128114255685e-09,4.097036191980813e-09,3.8733500521213685e-09,3.6630456607455873e-09,3.468988085570571e-09,3.293761004631446e-09,3.1394594336659755e-09,3.0076060610265427e-09,2.8991737985827588e-09,2.8146826490468506e-09,2.754334541237974e-09,2.7181527303703752e-09,2.7060993282008343e-09
2026-05-22 13:36:12.415538,[88.7003916],8.788955663775131e-08,8.797724007438354e-08,8.824685338422053e-08,8.872293007189228e-08,8.946335834208057e-08,9.058759574247534e-08,9.232060138467889e-08,9.505440681810789e-08,9.942591826086397e-08,1.064032407247684e-07,1.1736363874797953e-07,1.3413570919273862e-07,1.589699508282894e-07,1.9440115517211543e-07,2.4297908687059956e-07,3.068747478194496e-07,3.874158743864469e-07,4.846552782151142e-07,5.971076355002544e-07,7.217793275519578e-07,8.545460774258428e-07,9.908124517211235e-07,1.1262556787618658e-06,1.257377022433371e-06,1.3816162766723373e-06,1.4969463296485857e-06,1.6011054264353872e-06,1.6908359983709567e-06,1.761561642301148e-06,1.8077871109239238e-06,1.8241951037702765e-06,1.8070802557656111e-06,1.7555738763046626e-06,1.6721742417006084e-06,1.562380249450234e-06,1.4335896995087887e-06,1.293690815857399e-06,1.1498318167201061e-06,1.0076999201520232e-06,8.713809920872287e-07,7.436400961994022e-07,6.263562495192663e-07,5.208772222459349e-07,4.2817984580183673e-07,3.4885060766442877e-07,2.829814761616196e-07,2.3008824540567013e-07,1.8912026592526615e-07,1.5857428064317047e-07,1.366801688926043e-07,1.2160670487784917e-07,1.1163983612126998e-07,1.053045771716328e-07,1.0142308208128753e-07,9.911791802126203e-08,9.777796478011615e-08,9.700548414856829e-08,9.655940034269597e-08,9.6304566383768e-08,9.61718627699151e-08,9.613047348406432e-08
2026-05-22 13:36:12.464405,[69.84389666],1.2751286852647468e-09,1.2780545307665064e-09,1.28693987501214e-09,1.3021160365113986e-09,1.324162583091898e-09,1.353952023682094e-09,1.3927193879777772e-09,1.4421627554053767e-09,1.5045802575754907e-09,1.5830452112483644e-09,1.6816114524503366e-09,1.8055229624517492e-09,1.9613738083214115e-09,2.1571278816644463e-09,2.4018709568769265e-09,2.705147311370682e-09,3.075755348254884e-09,3.5199692988376396e-09,4.039332708757211e-09,4.628416779719256e-09,5.2731853839561685e-09,5.950741676491178e-09,6.6311143483508335e-09,7.2812889318946206e-09,7.870942262932486e-09,8.37851037953646e-09,8.795664701748738e-09,9.128345944150512e-09,9.393378489446545e-09,9.611183653833606e-09,9.796699336816694e-09,9.951603715881156e-09,1.0060800514333246e-08,1.0094778170123038e-08,1.0017379033629863e-08,9.796542607619931e-09,9.414529701040255e-09,8.874398338256228e-09,8.200915122144126e-09,7.436012272789709e-09,6.630566469647828e-09,5.835116436127402e-09,5.0919984827882125e-09,4.430504652303824e-09,3.865511910065295e-09,3.3990345168072903e-09,3.0235815819706408e-09,2.7261033439500405e-09,2.491561369933913e-09,2.305569195625721e-09,2.1559500701665064e-09,2.0333443818850805e-09,1.9311416145103697e-09,1.8450332819145128e-09,1.7724302578736722e-09,1.7119057570630575e-09,1.662746253921766e-09,1.6246332797175788e-09,1.5974431350969518e-09,1.5811355758387237e-09,1.5757002842852347e-09
2026-05-22 13:36:12.521112,[66.94954239],4.117523610138407e-09,4.1332643904904955e-09,4.180600283056263e-09,4.2598551246868736e-09,4.371511344315257e-09,4.5161197816557966e-09,4.694165647617814e-09,4.905885415489663e-09,5.151033839567933e-09,5.428611945735217e-09,5.7365880275261535e-09,6.071673517857246e-09,6.429246862595776e-09,6.803535516019549e-09,7.1881464551497866e-09,7.57695821998888e-09,7.965248265256357e-09,8.3507583383508e-09,8.734269848233432e-09,9.119269593663122e-09,9.510512806719496e-09,9.911728785016061e-09,1.0323223684181047e-08,1.074045629257052e-08,1.1154526963685214e-08,1.1554820790334983e-08,1.1932980778141753e-08,1.228644941869007e-08,1.2619586999349987e-08,1.2941174917622353e-08,1.325873500114369e-08,1.3571808021334536e-08,1.3867220085126161e-08,1.4118843718381204e-08,1.4292564751949576e-08,1.4354924308201986e-08,1.4282305435340181e-08,1.406733258824969e-08,1.3720381372691293e-08,1.3266093861145288e-08,1.2736607484904661e-08,1.2164093853208643e-08,1.157496237622235e-08,1.0987034636145492e-08,1.040972826588703e-08,9.846335144649339e-09,9.297099987405786e-09,8.76196461346451e-09,8.242313513168941e-09,7.741574465448104e-09,7.26490756534699e-09,6.818387909071743e-09,6.408078221484281e-09,6.039272238569373e-09,5.716044265885083e-09,5.441117762263974e-09,5.215988866111558e-09,5.041209106892301e-09,4.916732539873585e-09,4.842250894166071e-09,4.817463652714521e-09
2026-05-22 13:36:12.668043,[89.82143818],1.1742735153369301e-07,1.1753852915266385e-07,1.1787879513328576e-07,1.1847462875070555e-07,1.1939221206616253e-07,1.207740691756694e-07,1.2289616978863193e-07,1.2624799526157414e-07,1.316336727705226e-07,1.4028398802815728e-07,1.539570429603294e-07,1.7499155452803397e-07,2.0626595628584572e-07,2.5101580282260113e-07,3.1247958206115437e-07,3.933840183842914e-07,4.953410913535953e-07,6.182942923178578e-07,7.601924532986038e-07,9.170529004988035e-07,1.0834813517129128e-06,1.2535554927512639e-06,1.4218062301472779e-06,1.5839293685133884e-06,1.7369083211401495e-06,1.8784465842095025e-06,2.0059287011966077e-06,2.1154047287969385e-06,2.201168690432047e-06,2.2562986424279548e-06,2.274109007529943e-06,2.250026390712653e-06,2.1831621155070797e-06,2.0769489813557455e-06,1.9385951908718113e-06,1.7775923930746636e-06,1.6038616595026556e-06,1.426181454260099e-06,1.2513233857925442e-06,1.0839671353027821e-06,9.271589037764681e-07,7.829428602461399e-07,6.528491989496987e-07,5.380914883384129e-07,4.395040880496885e-07,3.573584494740001e-07,2.912113005851338e-07,2.3988261136606307e-07,2.015825729379068e-07,1.7414418292345493e-07,1.552903174195972e-07,1.4286964467155976e-07,1.350207654891497e-07,1.3025308403337366e-07,1.2745535811104853e-07,1.2585448086576903e-07,1.249488200777849e-07,1.2443595770265964e-07,1.2414777096775142e-07,1.2399929951161848e-07,1.2395321555233535e-07
2026-05-22 13:36:12.719538,[71.27727437],4.438817816865175e-09,4.45747280906536e-09,4.513709193498955e-09,4.6083269048097225e-09,4.742609027162608e-09,4.918236734724098e-09,5.137147154982547e-09,5.4013051968997316e-09,5.712349253829752e-09,6.071068290123505e-09,6.476688590982132e-09,6.92601108540709e-09,7.4125601213551866e-09,7.926079526229533e-09,8.452901950914307e-09,8.977830136458943e-09,9.488063044248866e-09,9.979230521374523e-09,1.0462707104952274e-08,1.0972196568418604e-08,1.1566525412852978e-08,1.2325293258493301e-08,1.3335132304926379e-08,1.4667066412775473e-08,1.6349309671724873e-08,1.834342334664351e-08,2.0533213735145875e-08,2.2733649792326048e-08,2.4721306654211335e-08,2.628012629217057e-08,2.7249728561366118e-08,2.756121735671478e-08,2.7248904541304836e-08,2.6434533632421584e-08,2.5290107218700424e-08,2.3992323592241203e-08,2.268320669408646e-08,2.1447583995077032e-08,2.0310843774294058e-08,1.92532002994731e-08,1.8232263372914013e-08,1.72051196727168e-08,1.614367380495863e-08,1.5040905201802544e-08,1.3909181332738458e-08,1.2773747742392904e-08,1.1664825813771346e-08,1.061088866570477e-08,9.634381900319776e-09,8.750003469441162e-09,7.964952906900955e-09,7.280324563044072e-09,6.692911283383261e-09,6.196924955086482e-09,5.785389501169748e-09,5.451147309208255e-09,5.187524800756357e-09,4.98874206460002e-09,4.850150646408538e-09,4.768365128562025e-09,4.741332484226192e-09
2026-05-22 13:36:12.910065,[72.85684346],7.173204546038675e-09,7.20280610453932e-09,7.292309116113354e-09,7.443814235585995e-09,7.660833093933133e-09,7.948272392970975e-09,8.312339747312692e-09,8.760284990540275e-09,9.299860247536515e-09,9.938374573248161e-09,1.0681268132994674e-08,1.1530276982631964e-08,1.248153005401206e-08,1.3524296543833372e-08,1.4641480584139913e-08,1.581312791430739e-08,1.7023872299712477e-08,1.827414471749291e-08,1.9593060679819685e-08,2.104859930716047e-08,2.2748941035272886e-08,2.4828938757094e-08,2.7418752694449398e-08,3.059777845889739e-08,3.434461381166562e-08,3.8499852808513925e-08,4.275937916382791e-08,4.670930782451445e-08,4.990062549736429e-08,5.1946297330267245e-08,5.261262494117461e-08,5.187553440876046e-08,4.9922848816073504e-08,4.710181642764499e-08,4.3829780977446844e-08,4.049720466411632e-08,3.7392066208846815e-08,3.466403330354636e-08,3.23311706520628e-08,3.031805900545682e-08,2.850695486282388e-08,2.6784240382179966e-08,2.5070737465759217e-08,2.33326859653706e-08,2.1576881906706333e-08,1.983684484327023e-08,1.8156950939195683e-08,1.6579417692271772e-08,1.513633281567281e-08,1.3846690004350294e-08,1.2717118237415636e-08,1.174463502766223e-08,1.092000585107158e-08,1.0230796094531757e-08,9.663696688189163e-09,9.206060500188269e-09,8.846779805164902e-09,8.576700194062491e-09,8.388754705753234e-09,8.27795799362613e-09,8.241352288211206e-09
2026-05-22 13:36:13.090650,[92.86958298],2.4009532935591444e-07,2.403175740474265e-07,2.41000580696746e-07,2.4220698472249487e-07,2.440895249050673e-07,2.469707884532677e-07,2.5146633586398044e-07,2.586553046617716e-07,2.7029252566477445e-07,2.890377800355336e-07,3.186517320522734e-07,3.6407912826554793e-07,4.3131864707907316e-07,5.269812800389623e-07,6.574825868499335e-07,8.279084502033141e-07,1.0407298288364366e-06,1.2946818058028005e-06,1.5842013368604053e-06,1.8997647778868486e-06,2.22923969013585e-06,2.5599981161491473e-06,2.8811564527209238e-06,3.185100150743179e-06,3.4675880810970097e-06,3.7262479978221166e-06,3.958005625005251e-06,4.156602215020945e-06,4.311499991607935e-06,4.408990813453041e-06,4.435370795394752e-06,4.381062151473189e-06,4.244052627544985e-06,4.031261529366421e-06,3.757319891651691e-06,3.441328509708763e-06,3.1029059792158153e-06,2.7589386981177566e-06,2.421931224801485e-06,2.100058123488289e-06,1.7983479084581941e-06,1.5201558238090346e-06,1.26822993940258e-06,1.0450695459131114e-06,8.52676498500007e-07,6.920353173342412e-07,5.62679048936766e-07,4.6256511844191775e-07,3.883034878436512e-07,3.3563697721161805e-07,3.0001157407464493e-07,2.7708755845349624e-07,2.630988584321317e-07,2.550333409625117e-07,2.5065681445251674e-07,2.4842932466837574e-07,2.4736632528140407e-07,2.4688752739077705e-07,2.466811951670344e-07,2.465975538307288e-07,2.4657498853069923e-07
2026-05-22 13:36:13.148359,[67.67017846],4.57107957125512e-09,4.592844563533857e-09,4.6582481308896975e-09,4.767563890597958e-09,4.921074947706463e-09,5.118819046009045e-09,5.360245424490984e-09,5.643807150589029e-09,5.966532206842209e-09,6.3236417144639545e-09,6.708309932151747e-09,7.111679316743199e-09,7.523242012248214e-09,7.93166177632197e-09,8.326026195209608e-09,8.697388570268013e-09,9.040303444972937e-09,9.35392648861192e-09,9.64220558691527e-09,9.912802018881303e-09,1.0174679932738934e-08,1.0434749165954318e-08,1.0694412805172311e-08,1.0947164045561604e-08,1.117831013299881e-08,1.1367391225302251e-08,1.1493006636140594e-08,1.1538843007589302e-08,1.1499091727610239e-08,1.1381444665693376e-08,1.1206534667605425e-08,1.100381675780665e-08,1.0805038550211128e-08,1.0637181572445887e-08,1.0516813860793908e-08,1.0447213133021618e-08,1.0418681297268783e-08,1.0411551854549243e-08,1.0400791561586965e-08,1.0360935072956625e-08,1.027030248815058e-08,1.0113865143704553e-08,9.884565353810543e-09,9.583239031197332e-09,9.217490066731393e-09,8.799933785866095e-09,8.346202435376406e-09,7.873029273893645e-09,7.396630634952169e-09,6.931507600784286e-09,6.48970307158736e-09,6.080483348927476e-09,5.7103693206035435e-09,5.383420823251674e-09,5.101675507259047e-09,4.865655128138318e-09,4.674871480495181e-09,4.528285586431474e-09,4.424693099715573e-09,4.363023778461025e-09,4.342552479386872e-09
2026-05-22 13:36:13.203746,[65.29299068],2.5365996963764617e-09,2.547392268500433e-09,2.579791809711622e-09,2.6338313174528804e-09,2.7094580706344332e-09,2.8063749077630793e-09,2.9238270827658104e-09,3.0603511423826054e-09,3.2135160920668113e-09,3.3797047922726484e-09,3.5540018708251976e-09,3.730267542824735e-09,3.901476264484153e-09,4.0603759869932156e-09,4.2004712695414745e-09,4.317251976288821e-09,4.409490310241967e-09,4.4803371010520035e-09,4.537897690424006e-09,4.594992333098642e-09,4.667924970590368e-09,4.77428834344361e-09,4.930079425070045e-09,5.146618039381197e-09,5.4278806200777785e-09,5.768832353416635e-09,6.155162174363387e-09,6.564542581591762e-09,6.9692269961546845e-09,7.339539604222879e-09,7.647659922753825e-09,7.871075456959901e-09,7.995160648633874e-09,8.014512953121249e-09,7.93290494561979e-09,7.761957440483923e-09,7.518859108838527e-09,7.223607549108201e-09,6.8962905431754425e-09,6.554855437654526e-09,6.2136532768029735e-09,5.882842496700766e-09,5.568552082954829e-09,5.273580219863364e-09,4.998359589109941e-09,4.7419459164274e-09,4.502856204512179e-09,4.279667183960936e-09,4.071358852587209e-09,3.877439438547819e-09,3.6979140055004456e-09,3.53316349124226e-09,3.3837915198286583e-09,3.2504801294897905e-09,3.1338782562683443e-09,3.034531932189529e-09,2.9528543226483453e-09,2.889127176071724e-09,2.8435223886225944e-09,2.816132231755528e-09,2.8069983625302347e-09
2026-05-22 13:36:13.259307,[87.93285729],7.882217355306387e-08,7.892181345185321e-08,7.92283956755707e-08,7.976931439019207e-08,8.060557668128691e-08,8.185688719676136e-08,8.373992172211112e-08,8.662058154738181e-08,9.107772890537324e-08,9.797013045216258e-08,1.084904378280442e-07,1.2418169280742816e-07,1.46886465658899e-07,1.7860119580769093e-07,2.2122353035551133e-07,2.762106542422857e-07,3.442077710148387e-07,4.247453675300483e-07,5.161215494128682e-07,6.155608230229698e-07,7.196638494206035e-07,8.250482082272037e-07,9.289703235987239e-07,1.02967205976452e-06,1.1262591859916996e-06,1.2180953265296544e-06,1.3039239161539273e-06,1.3811049335573883e-06,1.4453693006269865e-06,1.4913141294246086e-06,1.5135499263482689e-06,1.5081104382417156e-06,1.4735987175378518e-06,1.4116432105063751e-06,1.3265268474610974e-06,1.2241853420910504e-06,1.1109883604992033e-06,9.927306273024093e-07,8.740921836642533e-07,7.585854355188479e-07,6.488149356874616e-07,5.468082726352363e-07,4.542315660601683e-07,3.7242268355368007e-07,3.022874654425726e-07,2.441614636047599e-07,1.9773374156271006e-07,1.620824770397333e-07,1.3581709400684517e-07,1.1728345543998131e-07,1.0477672288164262e-07,9.671658727779384e-08,9.176071154931812e-08,8.885358613148412e-08,8.722289728811239e-08,8.63420497914549e-08,8.587716483973439e-08,8.56325977299899e-08,8.550356375854457e-08,8.54397026005008e-08,8.542021801280273e-08
2026-05-22 13:36:13.324100,[66.30421649],4.875226417106317e-09,4.891524187383116e-09,4.94032371418015e-09,5.021310151139093e-09,5.133848898315597e-09,5.27682761201035e-09,5.448450562509272e-09,5.646005732083696e-09,5.865638556439006e-09,6.102186695082968e-09,6.349159768096768e-09,6.598986845500649e-09,6.8436973951129295e-09,7.076232457716355e-09,7.29257043464456e-09,7.494748741063138e-09,7.694617298517093e-09,7.917745769819098e-09,8.206365780186399e-09,8.619715859832307e-09,9.229944236270496e-09,1.0112143189352807e-08,1.1328373680452937e-08,1.2907627552916176e-08,1.4826053423137933e-08,1.6993509615050927e-08,1.925255390510828e-08,2.139368193401007e-08,2.318622216804798e-08,2.441908057202299e-08,2.4941480408732323e-08,2.4692782891278628e-08,2.3713151690060924e-08,2.2132434383699015e-08,2.014109440297969e-08,1.795190930582997e-08,1.5762783736333163e-08,1.3729181625056121e-08,1.195052397126067e-08,1.0470280654853035e-08,9.286056801640171e-09,8.364554016537348e-09,7.656745234838187e-09,7.1101860942328995e-09,6.6772077373641784e-09,6.319155459899714e-09,6.007604954383805e-09,5.723674732497766e-09,5.456385469231171e-09,5.200721878819814e-09,4.9557783001569016e-09,4.723174082397675e-09,4.505807925905597e-09,4.30695669287744e-09,4.12968963596091e-09,3.9765490099650845e-09,3.84943690165488e-09,3.749644443346127e-09,3.677962674285797e-09,3.634822668491119e-09,3.620423960809169e-09
2026-05-22 13:36:13.480164,[88.95511522],1.0415346026379759e-07,1.0427311451733632e-07,1.0463953815997563e-07,1.0528102634469846e-07,1.0626539366063206e-07,1.0773393580443047e-07,1.0995364771944874e-07,1.1338919947075017e-07,1.187918226103989e-07,1.2729443943444712e-07,1.4049143113707845e-07,1.6046951629305736e-07,1.89747810174881e-07,2.3108692585872545e-07,2.871459981297511e-07,3.6000650251006696e-07,4.5063833966546257e-07,5.584407219794825e-07,6.810209836011167e-07,8.143493482192559e-07,9.533313654568634e-07,1.0926873829458128e-06,1.2278734052133533e-06,1.3556981491929422e-06,1.4743540334604283e-06,1.5827962381043795e-06,1.679702060289283e-06,1.7624847525126275e-06,1.8268822108261408e-06,1.8674325440919848e-06,1.8787586691328177e-06,1.8571954845127845e-06,1.8021057350007562e-06,1.7163479550671447e-06,1.6057258989608145e-06,1.477677562514572e-06,1.3397426347514558e-06,1.1983604283314845e-06,1.0583232637606747e-06,9.228849804004473e-07,7.94266962896012e-07,6.742164458001782e-07,5.643533653781074e-07,4.6621366609060373e-07,3.810591717117915e-07,3.0960950183889573e-07,2.518466324261294e-07,2.0697736856651993e-07,1.7355882270506304e-07,1.497332252745122e-07,1.3349606220316753e-07,1.2293122097059984e-07,1.1637392914344359e-07,1.124916250853319e-07,1.102945979316496e-07,1.0909890446502316e-07,1.0846520011593684e-07,1.0813240946422766e-07,1.0795835828628306e-07,1.0787324883261685e-07,1.0784749970824789e-07
2026-05-22 13:36:13.532087,[65.04030576],1.910080862586746e-09,1.918336606452418e-09,1.9432729948895696e-09,1.9853922129363225e-09,2.04551140849939e-09,2.1247251586006266e-09,2.22433729593981e-09,2.3457470394655257e-09,2.49027253698488e-09,2.6588975825269247e-09,2.851937593060987e-09,3.0686419135439626e-09,3.3067822159944718e-09,3.562317815247528e-09,3.829268002147231e-09,4.099941251138365e-09,4.365648730162347e-09,4.61794497908684e-09,4.850286820755019e-09,5.059805159895966e-09,5.248700322232948e-09,5.424683611983611e-09,5.599979312904549e-09,5.7887144389468286e-09,6.003018536890292e-09,6.24869586784043e-09,6.521711732113862e-09,6.806753793787722e-09,7.078690288373433e-09,7.306926755238626e-09,7.461716225762793e-09,7.520754011636113e-09,7.47418775550105e-09,7.326608437206217e-09,7.095519159838926e-09,6.8068649457187035e-09,6.489050428565092e-09,6.167186951055768e-09,5.85903363919225e-09,5.573395122019442e-09,5.310913096525756e-09,5.066537184629967e-09,4.832661285896557e-09,4.60198149739495e-09,4.369456313447572e-09,4.133159285066363e-09,3.894159533675674e-09,3.655764287088445e-09,3.422501178109061e-09,3.199148693425094e-09,2.990001695571877e-09,2.798438095605295e-09,2.626763898436406e-09,2.476266308903051e-09,2.347392423470212e-09,2.239981565862154e-09,2.153499832946807e-09,2.0872466415119084e-09,2.0405199922950458e-09,2.012738201239998e-09,2.0035214671558526e-09
2026-05-22 13:36:13.684690,[89.9445945],1.3304953877135286e-07,1.3319575928164613e-07,1.3364291242147692e-07,1.34424205119028e-07,1.3562199892725828e-07,1.3741223605943574e-07,1.401327359272177e-07,1.4437725682441934e-07,1.5111142078414112e-07,1.6179620169353797e-07,1.784901679753093e-07,2.03885917397689e-07,2.4122520180995154e-07,2.940400512199591e-07,3.6569317135356384e-07,4.5874492292905184e-07,5.742502423143965e-07,7.1116499093847e-07,8.660809546104832e-07,1.0334727295618317e-06,1.2065073810466762e-06,1.3782602857159502e-06,1.5429709240966379e-06,1.696866895385915e-06,1.838173714899325e-06,1.9662259744630533e-06,2.080003255971815e-06,2.176743245384006e-06,2.2513445673673132e-06,2.2969840002359094e-06,2.3068381984959797e-06,2.27626982732169e-06,2.204585289758946e-06,2.09563633252195e-06,1.957042130082217e-06,1.798395509753103e-06,1.6291977145238903e-06,1.4572775609757772e-06,1.2881323067246876e-06,1.1251759715585892e-06,9.705258878259112e-07,8.258398374021263e-07,6.928328727654089e-07,5.733448949975453e-07,4.6905884401514594e-07,3.8109098640283046e-07,3.0967008973119605e-07,2.5403219783861914e-07,2.1254550990122545e-07,1.829961987779279e-07,1.6293237272608606e-07,1.499743331112827e-07,1.4203502956504582e-07,1.37434331358041e-07,1.3492061344051814e-07,1.336283070070397e-07,1.3300227973958665e-07,1.3271408629322968e-07,1.3258630732675913e-07,1.3253297954448476e-07,1.3251832312058716e-07
2026-05-22 13:36:13.884604,[91.26097728],2.4407121016662163e-07,2.4431579613949087e-07,2.450591906195451e-07,2.463407191213882e-07,2.4826230015438177e-07,2.5104824625585224e-07,2.5513732937495125e-07,2.6131016628701846e-07,2.708478143148408e-07,2.8570432845234344e-07,3.0865733192806675e-07,3.4337973284904267e-07,3.9435996449305086e-07,4.6659875747147474e-07,5.650397509062935e-07,6.93756558038671e-07,8.550144422730682e-07,1.0484249453356344e-06,1.2704718830042018e-06,1.5146564875721361e-06,1.7723578815682909e-06,2.034252396442501e-06,2.2918665236275267e-06,2.5386847452293557e-06,2.7703144326466616e-06,2.9835560980074275e-06,3.1747298552338093e-06,3.3380402395131245e-06,3.464877360719379e-06,3.5446333617563167e-06,3.5669605102660353e-06,3.524709679100778e-06,3.416413796853459e-06,3.2473236399502385e-06,3.028600174521001e-06,2.7750204438928018e-06,2.5020972445206304e-06,2.2236134889968138e-06,1.950240472521827e-06,1.6893635351384296e-06,1.4457618719735486e-06,1.222575488744593e-06,1.0220696251375257e-06,8.459632375907607e-07,6.953610837386145e-07,5.704965431405839e-07,4.7051682514931315e-07,3.934602220365912e-07,3.3645605134137567e-07,2.960824822009989e-07,2.687748096352879e-07,2.511846536140327e-07,2.4042844507648465e-07,2.3420787788104366e-07,2.308192782250606e-07,2.2908661612481875e-07,2.2825563064780723e-07,2.2787967846792262e-07,2.2771731129244254e-07,2.2765157727507507e-07,2.2763389155893596e-07
2026-05-22 13:36:13.934882,[69.335169],7.184737441318235e-09,7.215829747058907e-09,7.309537142180345e-09,7.467084157046185e-09,7.690280329136213e-09,7.981145835010418e-09,8.341340030586144e-09,8.771365280677046e-09,9.26954415942155e-09,9.830824878743633e-09,1.0445563430079461e-08,1.109855585171834e-08,1.1768724149725014e-08,1.2429941559115146e-08,1.3053440495591183e-08,1.3612001524624413e-08,1.4085636869630548e-08,1.4467815431453498e-08,1.4770619395182915e-08,1.5026883441400018e-08,1.5287669630447468e-08,1.5614535175998182e-08,1.6067774048587123e-08,1.669356701849986e-08,1.7513923590874834e-08,1.852275332859213e-08,1.9689274022938767e-08,2.0967001571004476e-08,2.230414906614516e-08,2.3650727132075035e-08,2.495948113807629e-08,2.6181250116706593e-08,2.725863012316328e-08,2.812315882185953e-08,2.8699785862700893e-08,2.8918835891461522e-08,2.8731830849170227e-08,2.8125360038130582e-08,2.7127683884090756e-08,2.5805547811021723e-08,2.4252322452809508e-08,2.2571421855009274e-08,2.0859944070813068e-08,1.919657229089269e-08,1.7635709600938013e-08,1.6207619716066413e-08,1.492281023851129e-08,1.3778342244496316e-08,1.276404391047611e-08,1.1867362196382684e-08,1.1076405016408986e-08,1.038134019020125e-08,9.774632889146214e-09,9.25065833505154e-09,8.805120997242503e-09,8.434547131816229e-09,8.135965149460993e-09,7.906781403576885e-09,7.74480206268046e-09,7.648333696086009e-09,7.616300689804228e-09
2026-05-22 13:36:13.985110,[65.78468224],2.7412505371694237e-09,2.7518514241797386e-09,2.783622797388054e-09,2.8364527337984523e-09,2.9101005277877334e-09,3.004136729949342e-09,3.1179018740388574e-09,3.2505248206300515e-09,3.4010461995617225e-09,3.5686848215360174e-09,3.753258064943976e-09,3.955716503809628e-09,4.1786812038682786e-09,4.426794520683358e-09,4.706642115030848e-09,5.026015736798196e-09,5.392399253755836e-09,5.810783047006166e-09,6.281202372245923e-09,6.796653746398982e-09,7.34213575078287e-09,7.895377036144884e-09,8.429343576610835e-09,8.915995108970953e-09,9.330247034244833e-09,9.652962809266053e-09,9.872184247563184e-09,9.982577574281734e-09,9.983867982813365e-09,9.87942783685192e-09,9.675931197282915e-09,9.384201731219497e-09,9.020494220503736e-09,8.606975643541874e-09,8.17040184965819e-09,7.738812946166421e-09,7.33705313670651e-09,6.982544620997218e-09,6.682712084659698e-09,6.434822975078674e-09,6.228121873297912e-09,6.047406958861203e-09,5.876891881427583e-09,5.703347289338473e-09,5.517957614610287e-09,5.316824901047888e-09,5.100416991272665e-09,4.872416202089157e-09,4.638401433352257e-09,4.404669211488688e-09,4.177347872373228e-09,3.961836894464669e-09,3.762529734443219e-09,3.5827487145396244e-09,3.4248194325427692e-09,3.290224637256459e-09,3.1797931573325897e-09,3.0938931767902378e-09,3.032609451151798e-09,2.99589126299178e-09,2.9836628326819247e-09
2026-05-22 13:36:14.131200,[73.53517331],7.885123191467052e-09,7.912641670687627e-09,7.995827589441669e-09,8.136613083421622e-09,8.338347286229808e-09,8.60596142015225e-09,8.946127920351353e-09,9.367311531439673e-09,9.879555636850357e-09,1.0493807225265133e-08,1.122060143608514e-08,1.2068058615715331e-08,1.3039444074166792e-08,1.413100707400835e-08,1.5331353653445523e-08,1.66239767390286e-08,1.799439582559437e-08,1.944226422328123e-08,2.0996625638449812e-08,2.272960099164733e-08,2.476121819112179e-08,2.7247475447164686e-08,3.034660600015924e-08,3.416539800766728e-08,3.869687723022573e-08,4.3769129632276655e-08,4.902794363630784e-08,5.396987008273511e-08,5.8027319708720983e-08,6.068807261267242e-08,6.161590444182458e-08,6.073450605653618e-08,5.8246787899457385e-08,5.4582862739176704e-08,5.029398577546807e-08,4.5926652741846516e-08,4.191447525742277e-08,3.851519929379256e-08,3.580193566441936e-08,3.369949349555188e-08,3.204533128316211e-08,3.065265830829628e-08,2.9358952742942666e-08,2.805244568731305e-08,2.667769900486511e-08,2.5226659210887552e-08,2.3722984540499792e-08,2.2206041685742674e-08,2.0718338424693554e-08,1.9297634662916507e-08,1.7973270248509188e-08,1.6765482049859294e-08,1.5686417836992877e-08,1.474185187384605e-08,1.3932991629473698e-08,1.3258082348369545e-08,1.2713717676461055e-08,1.2295863713885202e-08,1.2000636510717868e-08,1.1824872627417996e-08,1.1766520985614527e-08
2026-05-22 13:36:14.183742,[69.0785878],3.589983392053306e-09,3.6015271724951064e-09,3.6361014286661757e-09,3.693523717660535e-09,3.773458486960439e-09,3.8753899289612345e-09,3.998622731330912e-09,4.142344650688512e-09,4.305784120942532e-09,4.488482993884334e-09,4.6906745564332335e-09,4.913709627415963e-09,5.160416410182738e-09,5.43523199472683e-09,5.743934866884033e-09,6.092870678310617e-09,6.48771463598513e-09,6.932031793862091e-09,7.426105831720365e-09,7.966586421829104e-09,8.547333950353274e-09,9.161375412839083e-09,9.803238768914796e-09,1.0470389796289412e-08,1.1162423839471931e-08,1.1877322796271008e-08,1.2605408273330205e-08,1.3323118656291384e-08,1.3989647022020994e-08,1.4549127489333315e-08,1.4939296773297678e-08,1.5104964685597167e-08,1.501232964385426e-08,1.4659307895435832e-08,1.4078137598168946e-08,1.3329174834751165e-08,1.2487874951571277e-08,1.1629141355723875e-08,1.0813697979947236e-08,1.0079903623764539e-08,9.44220266038768e-09,8.895204544670402e-09,8.420997529098914e-09,7.997019965867138e-09,7.602430861620839e-09,7.221964058735093e-09,6.847241934347287e-09,6.4761711492064785e-09,6.111276140681002e-09,5.7577400188847385e-09,5.42167462912687e-09,5.1088711421028115e-09,4.824072656225885e-09,4.570687194711058e-09,4.350812046733118e-09,4.165442421019743e-09,4.014763157191935e-09,3.898453677468632e-09,3.815963771235795e-09,3.766737739516895e-09,3.750376971203899e-09
2026-05-22 13:36:14.286445,[88.01512694],9.103500947280715e-08,9.115470320524056e-08,9.152145903937858e-08,9.21635590031401e-08,9.314640810555859e-08,9.460221214206017e-08,9.677488439316069e-08,1.0008064229805917e-07,1.0518064308804972e-07,1.130550144081769e-07,1.2505832695100902e-07,1.429271089563956e-07,1.6870462216278034e-07,2.0455262187831408e-07,2.5243981084504496e-07,3.137341646331845e-07,3.8877556010576525e-07,4.765501960992539e-07,5.746048440379678e-07,6.79303109775318e-07,7.864286312240096e-07,8.920014739838849e-07,9.930465280392427e-07,1.0880061275869793e-06,1.1765758483685239e-06,1.2589591159669158e-06,1.3348055745284397e-06,1.4022916782200755e-06,1.4578026944584181e-06,1.496449932697443e-06,1.5132918848807368e-06,1.5047971951726241e-06,1.4699621604687231e-06,1.4106456022236812e-06,1.3310338952287144e-06,1.2365190266887269e-06,1.1324811681898142e-06,1.0234300194004585e-06,9.127255738589954e-07,8.028098244946735e-07,6.956813555160774e-07,5.933087756162899e-07,4.97786376337305e-07,4.112030706928829e-07,3.353334256103145e-07,2.7131518917016166e-07,2.1945030942036284e-07,1.7919140520338166e-07,1.4929724129907684e-07,1.2809008288754003e-07,1.1373445199233698e-07,1.0447288434074975e-07,9.878414906990389e-08,9.545860323288065e-08,9.360540379508005e-08,9.261508661033849e-08,9.210076878829083e-08,9.183584824342073e-08,9.169918368401244e-08,9.163273907224912e-08,9.161265136200532e-08
2026-05-22 13:36:14.334433,[68.76738781],2.789285390814291e-09,2.7994483109468985e-09,2.8301345805883303e-09,2.8819524672223796e-09,2.955966109301381e-09,3.053761673846641e-09,3.1775145220533344e-09,3.33001856187837e-09,3.514615402694144e-09,3.7349411833237745e-09,3.994409584087581e-09,4.2953936481839485e-09,4.638178763864717e-09,5.019940252113551e-09,5.43421960191604e-09,5.871546160452093e-09,6.321835486731297e-09,6.7788389485671724e-09,7.246143596622722e-09,7.743134736124673e-09,8.308304868977908e-09,8.99690949810382e-09,9.87082268165943e-09,1.0980768351880432e-08,1.2344439413547697e-08,1.3927137600093234e-08,1.5632845080765295e-08,1.731182207279148e-08,1.8785875587062952e-08,1.9885920342892262e-08,2.0491049450095256e-08,2.0556662093468496e-08,2.0122394657120686e-08,1.9297580203337916e-08,1.8229810326008566e-08,1.7067576499389147e-08,1.5928834872583643e-08,1.4883745278898556e-08,1.3953791054336735e-08,1.312375671940749e-08,1.2359768739946809e-08,1.1626474701682656e-08,1.0898699798516538e-08,1.0166077822798406e-08,9.431798630392376e-09,8.707981220554965e-09,8.010247498747238e-09,7.35330064912864e-09,6.748291745379399e-09,6.2019269688491025e-09,5.7168124040223136e-09,5.292429990699012e-09,4.926256068328098e-09,4.614731524920784e-09,4.35397170201455e-09,4.140221815652522e-09,3.970117896584137e-09,3.840822556202048e-09,3.750091199997933e-09,3.6963043081123628e-09,3.678484284337163e-09
2026-05-22 13:36:14.527619,[69.7665212],3.3801562950008865e-09,3.392144080340158e-09,3.4284155913291043e-09,3.4899341035998104e-09,3.578429554438776e-09,3.696564221489962e-09,3.848109613079195e-09,4.03805384022199e-09,4.27251237666998e-09,4.5582773189266676e-09,4.901843045367251e-09,5.307832824771363e-09,5.776960757088787e-09,6.3040021790195006e-09,6.876646873418304e-09,7.476405520108055e-09,8.082674434778358e-09,8.680376768588638e-09,9.270190168878224e-09,9.87849366011873e-09,1.0562527977929726e-08,1.1405898957597867e-08,1.2501390728524175e-08,1.3922278862890347e-08,1.5688871314020052e-08,1.7741563989386513e-08,1.9932598904311603e-08,2.2044317005243406e-08,2.383270401843269e-08,2.5084741737922987e-08,2.5671171341480062e-08,2.5576461704937107e-08,2.4895641430134324e-08,2.3800024552448274e-08,2.2485248720503757e-08,2.1120450507528246e-08,1.9814853977550582e-08,1.860942077559619e-08,1.7490945426704285e-08,1.641861248876923e-08,1.5351017205284753e-08,1.4264611271200401e-08,1.3160055459274937e-08,1.205817971432384e-08,1.0990247907196512e-08,9.98757122977266e-09,9.073979274785074e-09,8.262474280855845e-09,7.555586954588018e-09,6.948008238434475e-09,6.429963679896274e-09,5.990210388235004e-09,5.618110237834394e-09,5.3047131748292056e-09,5.0430655289941515e-09,4.8280490718591404e-09,4.656021945001126e-09,4.524443882060013e-09,4.431577053225527e-09,4.3762864659394644e-09,4.357926337589239e-09
2026-05-22 13:36:14.575012,[65.66914307],1.622132511098417e-09,1.6272758290805979e-09,1.6427302422649061e-09,1.6685647609675823e-09,1.7048793873700014e-09,1.7517807552596825e-09,1.8093436034633639e-09,1.8775523619278976e-09,1.9562148859804054e-09,2.0448400186511813e-09,2.142475176407589e-09,2.2475132605912388e-09,2.3575027994232068e-09,2.4690305636966616e-09,2.577783952128655e-09,2.6789233537852777e-09,2.767876181370345e-09,2.84157802696687e-09,2.9000221895916827e-09,2.9477617854138994e-09,2.9948109133144453e-09,3.0563221350151425e-09,3.150583037607102e-09,3.29531511997964e-09,3.502890682714056e-09,3.775690719172156e-09,4.1031228167948955e-09,4.461578773683566e-09,4.8178142231818666e-09,5.135118050936856e-09,5.3806401993904545e-09,5.5317940915581645e-09,5.579957609468929e-09,5.530641205174561e-09,5.400469691458326e-09,5.212253656012376e-09,4.989779949389303e-09,4.753689609661086e-09,4.519158955933644e-09,4.295389576611554e-09,4.08641734721066e-09,3.892576730524518e-09,3.7120504889047646e-09,3.5421585483745616e-09,3.3802605809925565e-09,3.2242916626118875e-09,3.0730102566653403e-09,2.9260418206089317e-09,2.7837847230590636e-09,2.6472300036717437e-09,2.5177386500321087e-09,2.3968156917073504e-09,2.285914172240582e-09,2.1862917401176844e-09,2.0989296116843213e-09,2.0245111609785173e-09,1.963448162293912e-09,1.915937989898251e-09,1.8820345206134556e-09,1.8617177830306896e-09,1.8549510383419433e-09
2026-05-22 13:36:14.727455,[68.70524431],7.2269862080469235e-09,7.250631027150676e-09,7.321586859601549e-09,7.439870900384719e-09,7.605353783223511e-09,7.817518119055966e-09,8.075115990995714e-09,8.375732146460873e-09,8.715279579185722e-09,9.08748982652037e-09,9.483514278722282e-09,9.891822182714443e-09,1.0298651850302299e-08,1.0689313307426134e-08,1.1050604355687473e-08,1.1374428322988531e-08,1.1662343785598032e-08,1.1930239227904663e-08,1.2211711019675594e-08,1.255825648336183e-08,1.303439576325009e-08,1.3706613956993304e-08,1.4626682311049775e-08,1.5812209675595113e-08,1.722947712799245e-08,1.8784704905623345e-08,2.032897903805141e-08,2.167883491610948e-08,2.264965777771323e-08,2.309425084621791e-08,2.29361258331693e-08,2.2187717780103268e-08,2.094791620846701e-08,1.9379616373248005e-08,1.7674052288095698e-08,1.601221070345249e-08,1.4533495358641498e-08,1.331841888889071e-08,1.2387074971862708e-08,1.17104891784984e-08,1.1229155965088734e-08,1.0872629028837437e-08,1.0575472409448579e-08,1.0287207279488098e-08,9.97611424168509e-09,9.628245934387e-09,9.243601789490456e-09,8.831293536829872e-09,8.405012469182436e-09,7.979502444074753e-09,7.568241643057019e-09,7.182216947319122e-09,6.829527783569065e-09,6.51553158232616e-09,6.243285180793184e-09,6.014102733417818e-09,5.828115169528676e-09,5.6847673530174635e-09,5.583224288479939e-09,5.522678907425324e-09,5.502564580382529e-09
2026-05-22 13:36:14.780507,[66.5380316],2.4796228927652234e-09,2.4904323364147227e-09,2.522925571875683e-09,2.577277778116194e-09,2.6537170751614228e-09,2.752433643786505e-09,2.873463747379053e-09,3.016562946425308e-09,3.181090071927474e-09,3.3659310591896835e-09,3.5694971349216282e-09,3.78983146229955e-09,4.0248478185943675e-09,4.272700370403924e-09,4.53224383937051e-09,4.8034920550696044e-09,5.087930878560011e-09,5.388506957338585e-09,5.709119607228548e-09,6.053510269730603e-09,6.423581748333668e-09,6.8173749369707774e-09,7.227142229423175e-09,7.638115484490146e-09,8.028591360568743e-09,8.371782643631654e-09,8.639495789937123e-09,8.807155988866239e-09,8.859159000651141e-09,8.79318237614428e-09,8.622117436924398e-09,8.372763869607888e-09,8.081272260266168e-09,7.786275068968878e-09,7.52138071691164e-09,7.308938362678798e-09,7.156610405275563e-09,7.057444189802485e-09,6.993121218684773e-09,6.9392356688062176e-09,6.871068700995335e-09,6.7684451414849575e-09,6.61876034614889e-09,6.417914904981375e-09,6.169461545925571e-09,5.8826053958535094e-09,5.5697734873097335e-09,5.244341987369987e-09,4.918882281715804e-09,4.604055867868993e-09,4.308114230399984e-09,4.036864242897254e-09,3.793932785380529e-09,3.5811825149029684e-09,3.3991694734037774e-09,3.247574316933475e-09,3.1255725546912713e-09,3.0321321687496506e-09,2.9662402280708447e-09,2.927066106144821e-09,2.9140702470191795e-09
2026-05-22 13:36:14.832359,[65.15829322],1.4621263385058037e-09,1.466646783468979e-09,1.4802688702611443e-09,1.50317292651678e-09,1.5356527539601518e-09,1.5781043564694305e-09,1.6310077144331387e-09,1.6948989503909507e-09,1.7703294574058316e-09,1.8578083084598357e-09,1.957725233088578e-09,2.070254535840687e-09,2.1952463458644604e-09,2.3321206820409178e-09,2.479790747099674e-09,2.636651334333086e-09,2.800670880564562e-09,2.9696152840374706e-09,3.1414036620808664e-09,3.314551698859543e-09,3.488606520287135e-09,3.6644361267879925e-09,3.844228356593847e-09,4.031096115719531e-09,4.228278613327582e-09,4.438052122959125e-09,4.66057902278023e-09,4.892985889518692e-09,5.128939450009481e-09,5.358881895250363e-09,5.5709256769905206e-09,5.7522443164786795e-09,5.890681141620991e-09,5.976262830519823e-09,6.0023502017191565e-09,5.966260865103385e-09,5.869321475758115e-09,5.716418181063501e-09,5.515190397052078e-09,5.2750466370222195e-09,5.0061742375807264e-09,4.718677494128024e-09,4.42192493490764e-09,4.124130937821839e-09,3.832151849336458e-09,3.5514493629493785e-09,3.2861652098423055e-09,3.0392571039251792e-09,2.812659592809465e-09,2.607448383015447e-09,2.4239983926150223e-09,2.262132599447892e-09,2.1212612934870447e-09,2.0005113024033606e-09,1.8988438726700874e-09,1.8151593043340804e-09,1.7483865833310235e-09,1.6975570166025546e-09,1.6618618848218976e-09,1.6406950084284952e-09,1.6336816246902616e-09
2026-05-22 13:36:14.936662,[72.57251173],6.662616424268194e-09,6.683356779297676e-09,6.745810580395702e-09,6.850745108752087e-09,6.9996705200929465e-09,7.195182464185273e-09,7.441404393674358e-09,7.74443179198265e-09,8.112586359447194e-09,8.556188198766208e-09,9.08650523924297e-09,9.713629195140535e-09,1.0443350644887579e-08,1.127370707637655e-08,1.219266867825008e-08,1.3179109529040785e-08,1.4209276229780797e-08,1.526983587751433e-08,1.6375949055687977e-08,1.75890539817971e-08,1.902553291405766e-08,2.084633695167792e-08,2.3221089698428334e-08,2.6268843344548818e-08,2.9989491009553386e-08,3.420998186694939e-08,3.8571911647977456e-08,4.257773955781759e-08,4.569289836167035e-08,4.747757679792044e-08,4.7705678249772077e-08,4.6428387401203487e-08,4.395790389977041e-08,4.077628520990607e-08,3.740208921611904e-08,3.426130685936133e-08,3.160351119370483e-08,2.9483148942486858e-08,2.7800062983676068e-08,2.6374038985537903e-08,2.5022058475641038e-08,2.3613676321487224e-08,2.2093825590964603e-08,2.0476158798000465e-08,1.8818578204031525e-08,1.7194378580476582e-08,1.56690575462712e-08,1.4287377187602973e-08,1.3070391559366504e-08,1.2019319828854752e-08,1.1122459717194904e-08,1.0362107598345976e-08,9.719787931116853e-09,9.17931748055954e-09,8.728015514342561e-09,8.356692979816624e-09,8.05904453690538e-09,7.83089564566767e-09,7.669554094761403e-09,7.573354065452798e-09,7.541384295216629e-09
2026-05-22 13:36:15.005482,[66.82861733],4.54675743894293e-09,4.5651105830457e-09,4.620538301988995e-09,4.714144005595253e-09,4.847758547779013e-09,5.023915396488857e-09,5.24578761218546e-09,5.5170523269454994e-09,5.841633329805626e-09,6.223259972484991e-09,6.664779619415876e-09,7.167183961145743e-09,7.728370507365908e-09,8.341767735692728e-09,8.995098058466489e-09,9.66970256270029e-09,1.0340939592098854e-08,1.098010941272866e-08,1.155807565263323e-08,1.2050241005096148e-08,1.2441893396759565e-08,1.2732399639805739e-08,1.2936586412097519e-08,1.3082150169110423e-08,1.3203088799003907e-08,1.3330630258849058e-08,1.3484353958684528e-08,1.3666530108847944e-08,1.3861811642613526e-08,1.4042523447848536e-08,1.417765821581892e-08,1.4242265154863144e-08,1.4223879651343107e-08,1.4124004108189264e-08,1.3954749579054562e-08,1.3732597105642163e-08,1.3472046380702301e-08,1.318147431776688e-08,1.2862226120771371e-08,1.2510526440134775e-08,1.2120861362021209e-08,1.1689307249259735e-08,1.1215731614690977e-08,1.070449758148246e-08,1.0163906886605436e-08,9.604921847002848e-09,9.039712240038211e-09,8.480398155677855e-09,7.938146112589456e-09,7.422617621090313e-09,6.941695650501476e-09,6.5014065816734326e-09,6.105977988866964e-09,5.757997279111163e-09,5.458649481933837e-09,5.208014055387724e-09,5.0053963968070925e-09,4.8496659246673065e-09,4.73957240209929e-09,4.674015831815996e-09,4.652251211872904e-09
2026-05-22 13:36:15.111748,[92.97206666],3.188709032812264e-07,3.192178900857498e-07,3.2027484014070464e-07,3.2210901210840956e-07,3.248997224626984e-07,3.290481983020529e-07,3.353449364365349e-07,3.4519717778972653e-07,3.6090364195100834e-07,3.859369461218788e-07,4.2515804630014976e-07,4.848496691151957e-07,5.724331024023335e-07,6.957475681415715e-07,8.618462444847772e-07,1.0754071912799806e-06,1.3370509667700144e-06,1.6420392443102607e-06,1.979905689417845e-06,2.335445617034788e-06,2.6911228615962428e-06,3.030410236370682e-06,3.3410624031658353e-06,3.6170987743509758e-06,3.858563854490852e-06,4.0689387196743615e-06,4.251118679768841e-06,4.4036589401382345e-06,4.519060764483964e-06,4.5850734290552405e-06,4.588629502718176e-06,4.520768588411801e-06,4.380399077784053e-06,4.175282929401605e-06,3.919932124458232e-06,3.631496044901956e-06,3.3254972769795136e-06,3.0131089774405815e-06,2.700747325079361e-06,2.391623959926246e-06,2.0881328287049945e-06,1.7938249776783692e-06,1.5141746502123412e-06,1.2560305244419192e-06,1.026216201125999e-06,8.299816783498189e-07,6.699051635104796e-07,5.45541669717355e-07,4.5378986803751725e-07,3.8972999683149865e-07,3.4761629009411264e-07,3.217593590722124e-07,3.0714630347126873e-07,2.9976104339764184e-07,2.9664906364552475e-07,2.9580932186516287e-07,2.959989333652136e-07,2.9651810876671377e-07,2.9701774670314394e-07,2.973496175739372e-07,2.9746370050717283e-07
2026-05-22 13:36:15.158882,[76.47502807],3.759283836649379e-09,3.764760283306912e-09,3.781338783117278e-09,3.80947501264436e-09,3.849955267162839e-09,3.903933521471924e-09,3.9729718496227506e-09,4.059061971303549e-09,4.164587485832591e-09,4.292166943022732e-09,4.4443072743651255e-09,4.622810934237852e-09,4.827936079813534e-09,5.057417919947858e-09,5.30561067153909e-09,5.563158248236493e-09,5.817664586582401e-09,6.05570982176228e-09,6.2661764496098814e-09,6.444241405668968e-09,6.594742148500382e-09,6.733266268731725e-09,6.883597810187658e-09,7.071247864735088e-09,7.314481968877937e-09,7.615871695046008e-09,7.958055631197964e-09,8.30643564093745e-09,8.619002046075686e-09,8.86030958817648e-09,9.01431475539066e-09,9.090649439217787e-09,9.121291055368684e-09,9.148549153021376e-09,9.208992470340394e-09,9.319622341865363e-09,9.471500277852658e-09,9.632785303279586e-09,9.759343882669943e-09,9.808468541718768e-09,9.75073432082173e-09,9.576494217296995e-09,9.295994142912981e-09,8.934387342303095e-09,8.524221224552062e-09,8.098052014956755e-09,7.683039521290295e-09,7.298242462843915e-09,6.954364411706752e-09,6.655149276454493e-09,6.399509231975033e-09,6.183650540540918e-09,6.002766292472355e-09,5.8521501242166595e-09,5.72777977023016e-09,5.626512245181485e-09,5.546047150274158e-09,5.484785429013443e-09,5.441667303294343e-09,5.416033543247638e-09,5.407526624851899e-09
2026-05-22 13:36:15.206747,[65.91872754],3.23555550773621e-09,3.249937119219135e-09,3.2931776203064408e-09,3.365531112012255e-09,3.467309725330527e-09,3.5987114305529783e-09,3.759571863903102e-09,3.949040829519546e-09,4.165196039017427e-09,4.4046274092639025e-09,4.662054870444011e-09,4.930077474537408e-09,5.199182356898551e-09,5.458153152088625e-09,5.6949889980345185e-09,5.898359975778145e-09,6.059478960751148e-09,6.1740853426438864e-09,6.244066884528043e-09,6.278170137556508e-09,6.291342026436689e-09,6.302535597276473e-09,6.331250196470686e-09,6.393521756524338e-09,6.498349141244348e-09,6.645494476317073e-09,6.82521220569527e-09,7.01988498518604e-09,7.207018061580883e-09,7.362786066200316e-09,7.465406247924654e-09,7.497911551844849e-09,7.450191438539685e-09,7.320280596815984e-09,7.114793603992602e-09,6.848279447006126e-09,6.541300287989725e-09,6.217312616366843e-09,5.898851925287628e-09,5.603871622442676e-09,5.343153187344759e-09,5.119420722603021e-09,4.928271596304701e-09,4.760497917371547e-09,4.6050309360485125e-09,4.451692348322291e-09,4.2931479846174e-09,4.125803831907776e-09,3.949717362479765e-09,3.767817821116708e-09,3.5848048262094635e-09,3.406050494543669e-09,3.2367202227009537e-09,3.0812051634326617e-09,2.9428617649006306e-09,2.8239952172322255e-09,2.726002083378283e-09,2.649591778024118e-09,2.59502419995321e-09,2.5623215837165104e-09,2.551430410483821e-09
2026-05-22 13:36:15.355742,[88.26618573],1.0433713909576824e-07,1.0446738782363497e-07,1.0486722092455772e-07,1.0557039439619933e-07,1.0665566283190195e-07,1.0828306240367081e-07,1.1074825787101819e-07,1.1455482151450685e-07,1.2049896617994146e-07,1.2975245933640213e-07,1.4391809912764661e-07,1.650211911129119e-07,1.9539535950527904e-07,2.3742899099980579e-07,2.9316619518151036e-07,3.638048889284144e-07,4.4919594624523063e-07,5.474999609175839e-07,6.551711764665711e-07,7.673829820935152e-07,8.788782869116425e-07,9.850509250254333e-07,1.0829108512976786e-06,1.171543784542042e-06,1.2518055608110788e-06,1.3252788074515102e-06,1.3928580237676062e-06,1.4535542605246705e-06,1.5040825226055606e-06,1.539487614999134e-06,1.5546021449436627e-06,1.545739055395636e-06,1.5119062685428206e-06,1.4550586545926768e-06,1.379354878064743e-06,1.2898275839989158e-06,1.191085497602767e-06,1.0865630412115492e-06,9.785048833269404e-07,8.685107079146756e-07,7.582483251275325e-07,6.499466470810783e-07,5.464575780495466e-07,4.5090843131985423e-07,3.6613776044246396e-07,2.9415874231331963e-07,2.358357068921018e-07,1.9084525295405786e-07,1.5788415502920159e-07,1.3502096766809145e-07,1.2007578688616917e-07,1.1093927595063608e-07,1.0578527396885348e-07,1.0317159303500263e-07,1.0205023642308742e-07,1.0171923521625113e-07,1.0174718543978773e-07,1.0189388990403152e-07,1.0204114359834478e-07,1.0213975480451273e-07,1.0217368363318769e-07
2026-05-22 13:36:15.562738,[89.29710026],1.397807422922237e-07,1.399217829028015e-07,1.4035177553397792e-07,1.4110003488735045e-07,1.4224567199845873e-07,1.4396678281897348e-07,1.466148727436656e-07,1.5081509009971388e-07,1.5758571824900265e-07,1.6845834561929474e-07,1.8556422595969066e-07,2.116363884023978e-07,2.4986838861944475e-07,3.0357928378845926e-07,3.756700753569455e-07,4.6792273072358216e-07,5.802787403313717e-07,7.103118702223446e-07,8.531368615515535e-07,1.0019308510128396e-06,1.149072046944778e-06,1.2876561402484063e-06,1.4129271040372687e-06,1.5230766554233873e-06,1.6190163056960665e-06,1.703100945930256e-06,1.7772488190731697e-06,1.8412378717756159e-06,1.891962956931972e-06,1.9240580345347628e-06,1.931673768566889e-06,1.9106525446752246e-06,1.8601482233891522e-06,1.7830066790113988e-06,1.6848159474195338e-06,1.5721399611838461e-06,1.4507624749512648e-06,1.3246583144347432e-06,1.1959793475195933e-06,1.0658450022769838e-06,9.354102384332695e-07,8.066637680334546e-07,6.826358193850709e-07,5.670118288693103e-07,4.6339527883912076e-07,3.745515484811804e-07,3.019006337814093e-07,2.4537868979846074e-07,2.0363852672185873e-07,1.7446344275587027e-07,1.552432044860916e-07,1.433900327026397e-07,1.3662698820122938e-07,1.331346693916843e-07,1.3157914348581424e-07,1.3106071478087042e-07,1.3102348399233753e-07,1.3115668368546946e-07,1.3130696431845207e-07,1.314104376833931e-07,1.3144629698029872e-07
2026-05-22 13:36:15.755986,[90.36195822],1.7890568314204204e-07,1.7907893934837346e-07,1.7960616401020957e-07,1.8052093138378652e-07,1.8191819133608852e-07,1.8401778099622546e-07,1.8726071337649692e-07,1.9243911983811187e-07,2.0085144977444854e-07,2.1445879645680792e-07,2.3599733157684341e-07,2.689807882721571e-07,3.1751536783474343e-07,3.8586067795324724e-07,4.777171356113234e-07,5.953071401418132e-07,7.384309030021905e-07,9.03780971934786e-07,1.0848357954011274e-06,1.2725667356794708e-06,1.4569639852668062e-06,1.6290614747732905e-06,1.7828415140390227e-06,1.916288748167183e-06,2.0310622381116414e-06,2.1307567608628765e-06,2.2183508689025016e-06,2.293892560467979e-06,2.353483309172399e-06,2.3901116297436534e-06,2.396058885919691e-06,2.3658542763687556e-06,2.298484200473049e-06,2.19791715640789e-06,2.071806269368006e-06,1.929058487169745e-06,1.7773969550011016e-06,1.621908509570522e-06,1.4649918597545083e-06,1.3074420044630325e-06,1.1499616856572402e-06,9.943454823475691e-07,8.43876275911626e-07,7.029006137764856e-07,5.758909601699542e-07,4.664357800535466e-07,3.765248576464817e-07,3.0630600730408045e-07,2.5428961355712365e-07,2.178457480143583e-07,1.9379889965534026e-07,1.7895892751895293e-07,1.7049599127574148e-07,1.6613683037675347e-07,1.6420885080282772e-07,1.6358137218672607e-07,1.6355487587712107e-07,1.6373814493434457e-07,1.639382356713975e-07,1.6407491840516933e-07,1.641221783792377e-07
2026-05-22 13:36:15.805385,[70.7593728],5.0543849597428935e-09,5.071694608437921e-09,5.123819746325099e-09,5.211386522026771e-09,5.3355621213943855e-09,5.4982300992706934e-09,5.702200963751446e-09,5.951392623869343e-09,6.2508648587411335e-09,6.606542168360296e-09,7.024441087221668e-09,7.50927672854846e-09,8.062505848971986e-09,8.680189414923513e-09,9.351477000493238e-09,1.0058873663157995e-08,1.0781488430355013e-08,1.1501894291741796e-08,1.2215898693914129e-08,1.2942619796543996e-08,1.37304576413781e-08,1.4653905261683804e-08,1.579770431625414e-08,1.7228964034419945e-08,1.8963591120525865e-08,2.0938419900120115e-08,2.3001902806822667e-08,2.4932144737432923e-08,2.648185077084252e-08,2.743868158094994e-08,2.7681574243369386e-08,2.7213063024858723e-08,2.615560244511116e-08,2.47132762662085e-08,2.311316957334373e-08,2.154735316213615e-08,2.013425749115709e-08,1.8908870788750005e-08,1.7839478236258978e-08,1.685979636201174e-08,1.5902456439090364e-08,1.492276628915299e-08,1.3907959338024672e-08,1.287341268497209e-08,1.1851188349898628e-08,1.0877015061926323e-08,9.980230101231016e-09,9.178646932796461e-09,8.478061504432536e-09,7.874822949453454e-09,7.359621408970045e-09,6.9210547366293555e-09,6.548201113184263e-09,6.232022680513153e-09,5.965802971909129e-09,5.744967942876227e-09,5.566623946895194e-09,5.429050306558114e-09,5.331275049238371e-09,5.272776450830826e-09,5.2533019443684976e-09
2026-05-22 13:36:15.956626,[92.51401364],2.8645574937739693e-07,2.8672524237267515e-07,2.875472826132961e-07,2.889807678239281e-07,2.911871364034411e-07,2.9453307702096054e-07,2.997455406284716e-07,3.081196853583864e-07,3.217651437819362e-07,3.438504797799508e-07,3.7877224027138647e-07,4.3214195257006545e-07,5.104675503586594e-07,6.204265028038141e-07,7.677065020640808e-07,9.555319386219158e-07,1.1831772940602437e-06,1.4449303433851105e-06,1.730016973528247e-06,2.0238476531097856e-06,2.3105640209283133e-06,2.5763343152517537e-06,2.81237178074756e-06,3.016493829392186e-06,3.192392917940598e-06,3.346628330078456e-06,3.484368103149983e-06,3.605624020574166e-06,3.7036979253850152e-06,3.7666890702350714e-06,3.7815460292359246e-06,3.738946483851959e-06,3.6368842752397617e-06,3.481465079196125e-06,3.284739623900661e-06,3.0607424614741436e-06,2.8215842018581413e-06,2.5751877825421365e-06,2.3252977813084867e-06,2.073287394710743e-06,1.8205882761876178e-06,1.5705267732192139e-06,1.3288521404795688e-06,1.102942603195945e-06,9.002197357944787e-07,7.264981653019325e-07,5.848592050807094e-07,4.7531493344357875e-07,3.952028842989057e-07,3.400429619748987e-07,3.0453217320872986e-07,2.834151258101527e-07,2.720855592648628e-07,2.6688902474471363e-07,2.651758944897805e-07,2.6518914100659083e-07,2.6587160517723305e-07,2.6665797207658484e-07,2.672913245273181e-07,2.676820789166457e-07,2.678123864829568e-07
2026-05-22 13:36:16.008332,[65.4407303],4.254906886523511e-09,4.272375938055253e-09,4.324781256661589e-09,4.412069202771113e-09,4.5339912438212586e-09,4.689870746710576e-09,4.8782906788344416e-09,5.096723456359237e-09,5.341139180182371e-09,5.605648184797926e-09,5.88225690335586e-09,6.1608396004439676e-09,6.429447251917967e-09,6.675080038210289e-09,6.885028419068348e-09,7.0488223323069545e-09,7.160701238318991e-09,7.222321556059545e-09,7.24516985896124e-09,7.251909601052264e-09,7.2757641900886245e-09,7.357166565693192e-09,7.537394701204888e-09,7.849764767147406e-09,8.309991514742533e-09,8.90818835680234e-09,9.605227714020487e-09,1.0335495258682779e-08,1.10164610317057e-08,1.1563396349481767e-08,1.190574432022191e-08,1.2000864655237992e-08,1.1841517211174784e-08,1.1455332919189817e-08,1.0896930156177795e-08,1.0235357501547895e-08,9.540490129538817e-09,8.871690771876072e-09,8.270797157422069e-09,7.759932202033208e-09,7.343337682774617e-09,7.01173516205282e-09,6.747636339771909e-09,6.530361135781534e-09,6.340017615373822e-09,6.160154948159373e-09,5.9791248884317354e-09,5.7903707125482215e-09,5.591939089336986e-09,5.38551914577106e-09,5.175281866440699e-09,4.9667383660781636e-09,4.765768577619053e-09,4.577902656437362e-09,4.4078756480465135e-09,4.2594291568368006e-09,4.135305290624645e-09,4.037367108832481e-09,3.966782109085117e-09,3.9242156380649346e-09,3.909994653671638e-09
2026-05-22 13:36:16.160604,[93.46543223],3.713297716274064e-07,3.716932751979803e-07,3.727995231056374e-07,3.747191979348108e-07,3.776516295543486e-07,3.820570739995191e-07,3.8885621423405265e-07,3.9969748417793806e-07,4.1727306546946487e-07,4.456314405638644e-07,4.903913055410221e-07,5.587193056595862e-07,6.589128582110715e-07,7.994569111973272e-07,9.875255970545873e-07,1.2270837383484011e-06,1.5169786041955745e-06,1.8496194372774498e-06,2.2109030592704573e-06,2.5818459682581387e-06,2.941890606063823e-06,3.2731722620408548e-06,3.564425439904493e-06,3.8130115451166826e-06,4.024006495957666e-06,4.206362404030293e-06,4.3674605699692315e-06,4.508278838724931e-06,4.621356518601925e-06,4.692627026910722e-06,4.7064512116853715e-06,4.651671558031088e-06,4.526016764956665e-06,4.33699723711562e-06,4.099123672687547e-06,3.828963691818206e-06,3.5403780271072827e-06,3.2419107088516964e-06,2.9370613835126536e-06,2.6267668508686465e-06,2.312557374584022e-06,1.9988397355212904e-06,1.6934318165471595e-06,1.406381610275033e-06,1.147793926502549e-06,9.256215125956194e-07,7.4417977877466e-07,6.03716672976871e-07,5.009442577555466e-07,4.3017169833242926e-07,3.8461226245583475e-07,3.575226524243863e-07,3.429881030702675e-07,3.363167080346946e-07,3.3410877471218553e-07,3.341119860115379e-07,3.349727335974514e-07,3.359681590715076e-07,3.3677030836278773e-07,3.3726514346059805e-07,3.374301311373579e-07
2026-05-22 13:36:16.211253,[67.45168618],5.339286076316891e-09,5.360357107671386e-09,5.423695439064243e-09,5.529632365758633e-09,5.6785706026928e-09,5.870756965020804e-09,6.105963969981193e-09,6.383094400286031e-09,6.699745839836707e-09,7.051804954836125e-09,7.433177735505133e-09,7.835788508849984e-09,8.249976766440987e-09,8.665364625417057e-09,9.072147199690794e-09,9.462587866950896e-09,9.832334209950315e-09,1.0181098190696286e-08,1.051236067747249e-08,1.0832106171397752e-08,1.114708952412569e-08,1.146355912141035e-08,1.1787404836422974e-08,1.2126137992210778e-08,1.2491998885413337e-08,1.2904270970020647e-08,1.3388287162903751e-08,1.3969292753492074e-08,1.4661393611093525e-08,1.5454571926994053e-08,1.630486499285581e-08,1.7132949502335462e-08,1.7834023991721574e-08,1.8297758701241297e-08,1.8432937082721906e-08,1.818917264792275e-08,1.7568837803135803e-08,1.6625765401812526e-08,1.545184079519482e-08,1.4156361009203177e-08,1.2844622717868837e-08,1.1601344672753445e-08,1.0482003693419183e-08,9.51223130612186e-09,8.693194390102327e-09,8.009916520926682e-09,7.439718320387707e-09,6.958901562065597e-09,6.546923841040974e-09,6.18820500451242e-09,5.872202305191001e-09,5.592513726967072e-09,5.3456470606392396e-09,5.129869982977694e-09,4.944339583338399e-09,4.788551754903606e-09,4.662062122339922e-09,4.5643971079281155e-09,4.495075133265239e-09,4.453675033327686e-09,4.439909048074258e-09
2026-05-22 13:36:16.358413,[88.50888137],1.211040870446441e-07,1.2125614777860694e-07,1.2172008472635044e-07,1.2252659438571075e-07,1.2375256955348974e-07,1.2556255459171257e-07,1.2827066590645718e-07,1.3242248167894277e-07,1.3889001714322864e-07,1.4896257149323251e-07,1.64403162525454e-07,1.8742809832693784e-07,2.205624723389233e-07,2.663354312557638e-07,3.2681323494956155e-07,4.030263464586027e-07,4.944179134637947e-07,5.984989928944418e-07,7.109043686285923e-07,8.259697450045794e-07,9.377905505528301e-07,1.0415136663547208e-06,1.1344409892383712e-06,1.2164899560312806e-06,1.289726503792315e-06,1.3570352394072404e-06,1.4203868009717958e-06,1.479408732862699e-06,1.5309069973288185e-06,1.5696040189587595e-06,1.5898157842153434e-06,1.5873533522764083e-06,1.5608350137142927e-06,1.5118921413790789e-06,1.4442880551973884e-06,1.3624618831698995e-06,1.2702115899193233e-06,1.1700670444192279e-06,1.0634988037680688e-06,9.516941701075697e-07,8.364119936375696e-07,7.204731280858023e-07,6.076822033451876e-07,5.022589483601857e-07,4.080481052112119e-07,3.2781577689265553e-07,2.6284952269226993e-07,2.1293089034797473e-07,1.76615912648912e-07,1.516853433958857e-07,1.3561862282764987e-07,1.2598387460421525e-07,1.206919382589161e-07,1.1811203618786312e-07,1.1707807099292254e-07,1.1682635317021725e-07,1.1690285065033391e-07,1.1706786021924894e-07,1.1721426475030358e-07,1.1730588911243379e-07,1.1733632547979886e-07
2026-05-22 13:36:16.565012,[89.52969556],1.5752767823878645e-07,1.576864305523596e-07,1.5817033488205915e-07,1.5901251476519996e-07,1.603034657798149e-07,1.6224805424501452e-07,1.6525096785255366e-07,1.700303252417779e-07,1.7775052162361284e-07,1.9015124275077596e-07,2.096314147463252e-07,2.39229485271929e-07,2.824336448926028e-07,3.427690389122024e-07,4.231541580217655e-07,5.250976922182399e-07,6.479062047866317e-07,7.881574288009934e-07,9.397139805525037e-07,1.0944619222648115e-06,1.2437456622973449e-06,1.3801835109010597e-06,1.4992992805230885e-06,1.6003351630953458e-06,1.6858164685158084e-06,1.7598971898867814e-06,1.8260565215568578e-06,1.8850786221661e-06,1.934209748032606e-06,1.967908425670922e-06,1.979884463191153e-06,1.965516940942856e-06,1.9235710120868285e-06,1.8564954813642309e-06,1.7692856123289605e-06,1.6675647582189358e-06,1.555834659336058e-06,1.436650089765645e-06,1.310939984578459e-06,1.1791323110391696e-06,1.0424231104040514e-06,9.035702326100559e-07,7.669033868109478e-07,6.37627073643537e-07,5.207654661485544e-07,4.2016909060732523e-07,3.3789502896693315e-07,2.740772822821785e-07,2.2722141257027365e-07,1.9475015948512149e-07,1.7360725728696982e-07,1.6077134018246084e-07,1.536031722651359e-07,1.5001556594697248e-07,1.484989288647718e-07,1.480533657720947e-07,1.4807663500332324e-07,1.4824503756000441e-07,1.4840939668738928e-07,1.4851565719233697e-07,1.485513872873178e-07
2026-05-22 13:36:16.615146,[67.1620807],2.8315136176352067e-09,2.8439884289953425e-09,2.8818373342557044e-09,2.946322791362624e-09,3.039508186146551e-09,3.164182155839594e-09,3.3237239091929993e-09,3.5218829117629942e-09,3.7624440932557055e-09,4.048755359610497e-09,4.383112347244912e-09,4.766029973281203e-09,5.195481551550714e-09,5.6662464659066965e-09,6.1695582136968575e-09,6.693257682992261e-09,7.222601540342518e-09,7.741736657070337e-09,8.235646846516173e-09,8.692172166386662e-09,9.10359314314931e-09,9.467354836187357e-09,9.78580061760297e-09,1.0065194623249665e-08,1.031462589305622e-08,1.0545380245600619e-08,1.0770945188076903e-08,1.1007137629971903e-08,1.1271307563379388e-08,1.1579608342508786e-08,1.194212355152793e-08,1.2356939519781427e-08,1.2805392980068935e-08,1.3250984428910656e-08,1.3643485307340918e-08,1.392787884386366e-08,1.4055796758308444e-08,1.3995988423519932e-08,1.3740623693482382e-08,1.330574382074086e-08,1.2726222632210308e-08,1.2047296685714196e-08,1.1315451830035751e-08,1.0571106218718773e-08,9.844456589623484e-09,9.154610825872317e-09,8.511191945829984e-09,7.917193042545536e-09,7.371952667056915e-09,6.873506979419188e-09,6.42002922945487e-09,6.01042357023076e-09,5.644331178915748e-09,5.321845274811237e-09,5.043172767857617e-09,4.808384027689731e-09,4.617302270472792e-09,4.469521599634614e-09,4.3645110369463366e-09,4.301754105768765e-09,4.280879925062484e-09
2026-05-22 13:36:16.767134,[90.58972451],2.0782724682648704e-07,2.0804223389805657e-07,2.086927648921516e-07,2.0980832993053014e-07,2.1148248072475938e-07,2.1394488331203823e-07,2.176699453779458e-07,2.2352218438417877e-07,2.3292757571944586e-07,2.4804200217560486e-07,2.7186442283378323e-07,3.0821956544820717e-07,3.6152408510280954e-07,4.3626631054812734e-07,5.361867208106124e-07,6.632476111376321e-07,8.16608618276518e-07,9.919356732817847e-07,1.181400093680552e-06,1.3746116813204536e-06,1.5604573378529593e-06,1.7294454471823022e-06,1.875830447340817e-06,1.998694110360094e-06,2.101418000052024e-06,2.18957017925572e-06,2.267931138500942e-06,2.337860373117743e-06,2.3961660923183953e-06,2.4360290799455867e-06,2.4496009711825115e-06,2.4311072362068597e-06,2.37905572164549e-06,2.2966142265577664e-06,2.1901304147409696e-06,2.066639910324134e-06,1.9315993816021803e-06,1.7878331688817923e-06,1.6359874234792884e-06,1.476045433630504e-06,1.3090383614087849e-06,1.1381328672744034e-06,9.68681931167095e-07,8.073309203137412e-07,6.606327587567919e-07,5.337246121905095e-07,4.294812727840704e-07,3.4830655382483334e-07,2.884839014623799e-07,2.468640454192827e-07,2.1963894896680293e-07,2.0300735310206887e-07,1.936292238383331e-07,1.888525789050255e-07,1.8675349465592868e-07,1.8605424457880357e-07,1.859830452245455e-07,1.861234317497218e-07,1.8628213235527212e-07,1.8638799683154476e-07,1.864238298432951e-07
2026-05-22 13:36:16.819078,[71.71864845],4.22146393714158e-09,4.232043548023159e-09,4.264196102614902e-09,4.319214904908582e-09,4.399422493674596e-09,4.508394062585189e-09,4.651204705103e-09,4.834613279600593e-09,5.0670528679083654e-09,5.358265905641855e-09,5.718430160141786e-09,6.156707255592177e-09,6.679339968846213e-09,7.287727862788693e-09,7.977258972426708e-09,8.737918599697933e-09,9.557614449432078e-09,1.0428535674873311e-08,1.1355632591443559e-08,1.2364697535488472e-08,1.3506159688756981e-08,1.4850453268504583e-08,1.6472445813645416e-08,1.8426050766164682e-08,2.0714873682419916e-08,2.3268623873301233e-08,2.593582346259923e-08,2.8499689471412872e-08,3.0716504555741536e-08,3.236703179136733e-08,3.3305424556390455e-08,3.3489763249942943e-08,3.29844524317418e-08,3.193481620615258e-08,3.0523958811062624e-08,2.8927176129627383e-08,2.727806909794193e-08,2.5654211883988608e-08,2.4082095290786613e-08,2.2554693101292634e-08,2.1052531135555248e-08,1.9560592209562557e-08,1.8077148061826402e-08,1.6614565308837683e-08,1.519474477320833e-08,1.3842621185033601e-08,1.2580467401964118e-08,1.1424415769003377e-08,1.0383358483710532e-08,9.459616602877014e-09,8.650525878344172e-09,7.950216487473752e-09,7.351147409969548e-09,6.845229417647748e-09,6.424553337514578e-09,6.081822997049868e-09,5.810603012290578e-09,5.6054663003559e-09,5.462092445782168e-09,5.377340532721146e-09,5.349303140206623e-09
2026-05-22 13:36:17.011210,[74.01554473],7.251064950742335e-09,7.2660069159496e-09,7.311454728932701e-09,7.3893697129622606e-09,7.503326050641972e-09,7.65891672505204e-09,7.864199876398614e-09,8.130030746273697e-09,8.470057392482966e-09,8.900117854196399e-09,9.436813030935429e-09,1.009520379617016e-08,1.0885936156769422e-08,1.1812615235562982e-08,1.287079371331055e-08,1.40502375358111e-08,1.5341805515984377e-08,1.6749002541419864e-08,1.830200631051978e-08,2.0069242957365395e-08,2.2159553447438948e-08,2.4708173304202818e-08,2.7843338761922218e-08,3.163728574300702e-08,3.6053794042472806e-08,4.091065660201283e-08,4.587563421580843e-08,5.0506512838872017e-08,5.433131950708226e-08,5.6948839595655705e-08,5.8119351086684454e-08,5.781632505441663e-08,5.62223855002125e-08,5.367221199477091e-08,5.0563104529170084e-08,4.7263123057361224e-08,4.4043931165052034e-08,4.105314679858369e-08,3.832540289619538e-08,3.581911523206307e-08,3.346111125001575e-08,3.118384546894848e-08,2.894695648763553e-08,2.6742511130655685e-08,2.4588517856365948e-08,2.2517134946208828e-08,2.056306196540414e-08,1.8755296887746836e-08,1.7113110134220918e-08,1.564551680099387e-08,1.4352890887060557e-08,1.3229429953682172e-08,1.226558545757828e-08,1.145002573197275e-08,1.0771034283081295e-08,1.0217426685848058e-08,9.77912645401793e-09,9.447526873959394e-09,9.21572680182925e-09,9.078690425256668e-09,9.033354332772945e-09
2026-05-22 13:36:17.059088,[66.81433821],2.8632745614713937e-09,2.8713276227029214e-09,2.8956751162371097e-09,2.9368945945290444e-09,2.995988119719135e-09,3.074431640721088e-09,3.17422222959161e-09,3.2978975748275436e-09,3.448493212702718e-09,3.6293988343355264e-09,3.844081721983951e-09,4.095668856188321e-09,4.386421758321677e-09,4.717194049296407e-09,5.087014522768707e-09,5.492962302164485e-09,5.9304681867535275e-09,6.394073699472184e-09,6.878521375075365e-09,7.379886082309408e-09,7.896359724941233e-09,8.428332862108805e-09,8.977590539781072e-09,9.545700820215466e-09,1.0131918000121114e-08,1.07310504082827e-08,1.133172700721936e-08,1.191539977485316e-08,1.2456342309388317e-08,1.2922898423113117e-08,1.3280228745221852e-08,1.3494643066087497e-08,1.3539177784137694e-08,1.3399449462061324e-08,1.3078269503391386e-08,1.2597406780569224e-08,1.1995452596549771e-08,1.1321868095487882e-08,1.062855251493519e-08,9.961122720411206e-09,9.35216968151059e-09,8.8180407308115e-09,8.359516886355652e-09,7.965600494686974e-09,7.618908277901652e-09,7.301045902956938e-09,6.99672990170662e-09,6.696068008520407e-09,6.395036786853789e-09,6.094620571789455e-09,5.799239298099511e-09,5.515038959897988e-09,5.2484418650617375e-09,5.0051489870611825e-09,4.789617995489763e-09,4.6049351999955685e-09,4.4529558847438235e-09,4.3345881628025505e-09,4.250119925593606e-09,4.199519879107891e-09,4.182671628949047e-09
2026-05-22 13:36:17.205921,[74.74810294],8.382244668151563e-09,8.398134175386204e-09,8.446835287243229e-09,8.531587094397453e-09,8.65822944081613e-09,8.835752829631938e-09,9.07681915035601e-09,9.39796306602352e-09,9.819087177527413e-09,1.036183423593502e-08,1.1046544701801257e-08,1.1887882858210284e-08,1.288988911911914e-08,1.4042115030276304e-08,1.531934105912406e-08,1.6687658169821295e-08,1.8118785306756e-08,1.9611938787456042e-08,2.1218507185221258e-08,2.306033779608965e-08,2.5329733438340622e-08,2.826079605919566e-08,3.206913007718545e-08,3.686932388518788e-08,4.2593067029746104e-08,4.893890020872007e-08,5.538147061867258e-08,6.125175229273947e-08,6.587432973167435e-08,6.872355527258778e-08,6.954864631557858e-08,6.842554658261046e-08,6.571876390627402e-08,6.196889602161012e-08,5.774701387564375e-08,5.352486379479043e-08,4.9598065247148295e-08,4.6075249807107835e-08,4.2921177656358066e-08,4.002645315387025e-08,3.7274654571734286e-08,3.458691131243653e-08,3.1937663996343084e-08,2.9346969825785054e-08,2.686054971775773e-08,2.4528631100789392e-08,2.2390748766579386e-08,2.0468872099460185e-08,1.8767602981226973e-08,1.7278518189577485e-08,1.598574285945979e-08,1.4870778616672156e-08,1.3915731906787827e-08,1.3104939730309714e-08,1.2425429038055754e-08,1.1866738832760065e-08,1.1420526936791084e-08,1.1080211443786326e-08,1.0840744628066039e-08,1.0698518154103218e-08,1.0651352731727492e-08
2026-05-22 13:36:17.254873,[67.17259677],4.146244309713863e-09,4.16220000855333e-09,4.210123887442966e-09,4.29016318526406e-09,4.402488872183777e-09,4.547193275653258e-09,4.724165740140589e-09,4.932965752294599e-09,5.172717665036735e-09,5.442052804475042e-09,5.739120593847302e-09,6.061677660300836e-09,6.407241617438781e-09,6.773267239529196e-09,7.157276279321409e-09,7.556864315528131e-09,7.969537983469624e-09,8.392416230358846e-09,8.821950594956996e-09,9.253937444414975e-09,9.684129972538596e-09,1.010962107280344e-08,1.0530817315027057e-08,1.0953326370329368e-08,1.138864345968643e-08,1.1852447380438872e-08,1.2359853423394368e-08,1.2918129759153262e-08,1.3518814159196127e-08,1.4132216043994343e-08,1.470727886568372e-08,1.51783998437904e-08,1.5478391162585708e-08,1.5554253039441265e-08,1.538094876014278e-08,1.496868681021837e-08,1.436129382352831e-08,1.3626263372454443e-08,1.2839749692353439e-08,1.2071105427418195e-08,1.1371164689956533e-08,1.0766726754195082e-08,1.0261456636869912e-08,9.841569241486702e-09,9.48374539251645e-09,9.162808136623106e-09,8.857460809968265e-09,8.553402212348455e-09,8.24400246293701e-09,7.929240481201962e-09,7.613751355251964e-09,7.3047107875792895e-09,7.010034783030273e-09,6.7371140559644885e-09,6.492103683402876e-09,6.279671237166271e-09,6.10306124954538e-09,5.964336932129049e-09,5.8646875169711864e-09,5.8047234349866116e-09,5.784711413627541e-09
2026-05-22 13:36:17.410918,[69.48370036],2.986313053816531e-09,2.9950211739048586e-09,3.0215415077289924e-09,3.067093083416985e-09,3.1338029446516067e-09,3.224817756891562e-09,3.344390839776949e-09,3.4978649925477455e-09,3.6914460318271634e-09,3.931655661289489e-09,4.2243896669394815e-09,4.573615159557904e-09,4.979932889698078e-09,5.439486765400143e-09,5.943943634768189e-09,6.482347238055145e-09,7.04538951875999e-09,7.63190403329388e-09,8.256203181298574e-09,8.95356994381093e-09,9.780389771053224e-09,1.0805807755841277e-08,1.2093911701601219e-08,1.3679075641120462e-08,1.5541115389704206e-08,1.7589454654363728e-08,1.9664778952035982e-08,2.1561976589696086e-08,2.3070704769119922e-08,2.4022570776413486e-08,2.433010382053648e-08,2.4004601076487946e-08,2.3147184886881008e-08,2.1917025827055313e-08,2.048849199432167e-08,1.9011714853004976e-08,1.758796455289829e-08,1.6264257469900503e-08,1.504420787127375e-08,1.3907358058035376e-08,1.2828420732329207e-08,1.1790394522338472e-08,1.0789486700223036e-08,9.833240634048097e-09,8.935065515173343e-09,8.108394093152844e-09,7.3625809076723995e-09,6.701240768205863e-09,6.122644475408754e-09,5.621285225323773e-09,5.189733897324208e-09,4.82018944821844e-09,4.505477131888402e-09,4.239511165093415e-09,4.017374008122026e-09,3.835191061439231e-09,3.6899426831963753e-09,3.5792977147281174e-09,3.5015014187637997e-09,3.4553170608265624e-09,3.4400045631560325e-09
2026-05-22 13:36:17.607430,[89.83100919],1.8737145618601657e-07,1.875967912557197e-07,1.8827886282496225e-07,1.894472370141655e-07,1.9119054817879794e-07,1.9371990709191422e-07,1.9746359225803972e-07,2.03192200706055e-07,2.121635977757163e-07,2.2626112749850936e-07,2.4807848082420724e-07,2.808859532450868e-07,3.28405506528924e-07,3.943389725794241e-07,4.816460753884406e-07,5.916582553503953e-07,7.232237400812803e-07,8.72169406139596e-07,1.0313803495119177e-06,1.1916895324178662e-06,1.3435274442384922e-06,1.4789633384605705e-06,1.5935025706490442e-06,1.6869428875948413e-06,1.762836337231857e-06,1.8266178063657747e-06,1.8830499571120587e-06,1.934008854977014e-06,1.977562211777137e-06,2.008747734702244e-06,2.021677711012615e-06,2.0119711068979692e-06,1.978382504256816e-06,1.9229356408917355e-06,1.8496410839585915e-06,1.7625653499978548e-06,1.664267874835075e-06,1.5553381724955436e-06,1.4351467305986718e-06,1.3033216033474364e-06,1.1611739454948108e-06,1.0124114125162769e-06,8.628744683590054e-07,7.194732455167065e-07,5.887871325915135e-07,4.7583115284975647e-07,3.833353869751378e-07,3.116410693273799e-07,2.591045543296264e-07,2.2278490566212438e-07,1.9918043354805845e-07,1.8484141945971564e-07,1.7677488246807066e-07,1.72635701985813e-07,1.7074799760169385e-07,1.7001942710974974e-07,1.698070890038944e-07,1.6977804634201272e-07,1.6978939618694956e-07,1.6979793342476925e-07,1.6979999905921363e-07
2026-05-22 13:36:17.797540,[90.89306918],2.473912020413507e-07,2.476925205579434e-07,2.486003024980544e-07,2.5014041102720405e-07,2.524058400576219e-07,2.556373714227045e-07,2.6034453797913955e-07,2.6746629656704034e-07,2.785582740650527e-07,2.9597301449583265e-07,3.2297360250864935e-07,3.636964709207199e-07,4.228689417786499e-07,5.052079051280879e-07,6.144928377958188e-07,7.524217086805687e-07,9.175010411789895e-07,1.1043405883333196e-06,1.3037464575395672e-06,1.5038688153827579e-06,1.692346431968168e-06,1.8589736442976294e-06,1.9980610073154513e-06,2.109571712024591e-06,2.1984270181455393e-06,2.2720453185407783e-06,2.3369580738898743e-06,2.395852292514992e-06,2.4463111794609216e-06,2.4818183792518284e-06,2.4945573825816063e-06,2.4786930865214773e-06,2.432619565735845e-06,2.3592148290308444e-06,2.2641609589514644e-06,2.1533194248830593e-06,2.030518358082981e-06,1.8967679510683298e-06,1.7511169163533186e-06,1.5925554899773837e-06,1.4219562367286802e-06,1.2431594326394432e-06,1.0628070286333976e-06,8.891075754048814e-07,7.301025797970492e-07,5.920825773818857e-07,4.786153198387584e-07,3.9034321206618365e-07,3.2543175808788607e-07,2.8039510093059784e-07,2.510031492351939e-07,2.3304796387847207e-07,2.2285735319549156e-07,2.1754334112336582e-07,2.150373981065899e-07,2.1398965184116235e-07,2.136054779215717e-07,2.1347376672155737e-07,2.1341859447221255e-07,2.1338728227081369e-07,2.133758199224723e-07
2026-05-22 13:36:17.850272,[65.10152579],5.237980510709719e-09,5.258551011958973e-09,5.320263619305521e-09,5.42308960602128e-09,5.566878256974003e-09,5.751216396190531e-09,5.975258822863627e-09,6.2375548028239314e-09,6.535898376852431e-09,6.86722743949569e-09,7.227587011996718e-09,7.612156936896242e-09,8.015328069863545e-09,8.43080218214523e-09,8.851698232377403e-09,9.270675454308153e-09,9.680123876637696e-09,1.0072501609753823e-08,1.044088088355069e-08,1.0779673605389414e-08,1.1085347496785534e-08,1.135677524411101e-08,1.1594790725548099e-08,1.1800672483421008e-08,1.1973678292823088e-08,1.210831820829284e-08,1.2192529901707257e-08,1.220800242049929e-08,1.2133382505046933e-08,1.1950057764748078e-08,1.164901910215472e-08,1.123650967238285e-08,1.0736221184643932e-08,1.0186795001024266e-08,9.634972413926265e-09,9.126265418037635e-09,8.695853771773501e-09,8.362245460713189e-09,8.125203128640427e-09,7.968018358603579e-09,7.86297479035636e-09,7.778177236833445e-09,7.683937130386788e-09,7.55742811070714e-09,7.3850615209199835e-09,7.1627003729491275e-09,6.894264447301265e-09,6.589441222243202e-09,6.261163272639028e-09,5.923336932270843e-09,5.589097405705948e-09,5.2696814532537526e-09,4.973877863188007e-09,4.707941865781068e-09,4.4758326771976856e-09,4.279638815774071e-09,4.12007940993086e-09,3.997000004481554e-09,3.909810565703176e-09,3.857837045289133e-09,3.8405742484899845e-09
2026-05-22 13:36:18.017499,[83.45196947],4.976916670333622e-08,4.973683824867879e-08,4.9639976995795265e-08,4.9479925660501684e-08,4.926211112480021e-08,4.9000597866593834e-08,4.872376164391494e-08,4.8479876765515934e-08,4.8340516159327924e-08,4.8398716797808896e-08,4.875831099916197e-08,4.9511354099900435e-08,5.0702960201271474e-08,5.228756168975024e-08,5.408723385239728e-08,5.576943240958655e-08,5.686485320214179e-08,5.684190817029284e-08,5.523946175520149e-08,5.183487769742479e-08,4.679714989206537e-08,4.0757833379265384e-08,3.473996817658481e-08,2.992491424032444e-08,2.7302011608694322e-08,2.7312009996226322e-08,2.962822995373578e-08,3.319231586930307e-08,3.65323807058644e-08,3.827191751474322e-08,3.764269297657711e-08,3.479482183884821e-08,3.0770192202160624e-08,2.7142545839722948e-08,2.546566618544699e-08,2.6745555370216923e-08,3.1131056609340786e-08,3.791601411834974e-08,4.5817227793818554e-08,5.339527356016896e-08,5.945580588560715e-08,6.33069260994825e-08,6.482413197180123e-08,6.434954787456517e-08,6.249809001042511e-08,5.995121251930213e-08,5.729769479653866e-08,5.494761280103369e-08,5.311581300200455e-08,5.185349803454613e-08,5.110196907036169e-08,5.074726944223716e-08,5.066310750117513e-08,5.0737729093867586e-08,5.088612408596926e-08,5.10516802404743e-08,5.1201818697576e-08,5.1321273638856354e-08,5.140538821183602e-08,5.145463602261462e-08,5.1470776553877696e-08
2026-05-22 13:36:18.070270,[69.81261825],6.603169186403752e-09,6.627493378330041e-09,6.700547823529002e-09,6.822537620481206e-09,6.9936709459159394e-09,7.213964468091292e-09,7.482986709132118e-09,7.799564802602e-09,8.16150131166152e-09,8.565377666230653e-09,9.006555364251045e-09,9.47951338763788e-09,9.978657819510815e-09,1.0499676179426545e-08,1.1041354655936416e-08,1.1607523458276804e-08,1.220848588097047e-08,1.286103302490636e-08,1.3586124006870238e-08,1.4403701824449266e-08,1.5324995744712977e-08,1.6343885693452103e-08,1.7430044760574857e-08,1.8527014991708103e-08,1.9557570257307752e-08,2.0436576582681184e-08,2.108865834905652e-08,2.1465505502196652e-08,2.1556916304092354e-08,2.1391371864355292e-08,2.1025661416478954e-08,2.052729597150806e-08,1.9956219986714663e-08,1.935231317688928e-08,1.873238113351966e-08,1.8096151817315376e-08,1.7437234299456595e-08,1.6753613668799416e-08,1.6053400827767712e-08,1.5354333692598843e-08,1.4678423323913621e-08,1.4044865872666675e-08,1.3464406784330671e-08,1.2937105258658875e-08,1.2453739034052986e-08,1.1999721393759593e-08,1.1559810816675231e-08,1.112207168756468e-08,1.0680188244620535e-08,1.0233967272183462e-08,9.788411961135464e-09,9.35200046357193e-09,8.934789801905465e-09,8.546793483546746e-09,8.196860645717272e-09,7.892094442190709e-09,7.637723437158655e-09,7.4372835829388706e-09,7.292962871440184e-09,7.20598402474851e-09,7.176934284309692e-09
2026-05-22 13:36:18.223943,[93.94019568],5.104325821352595e-07,5.110921023341587e-07,5.130848486158137e-07,5.164833548304186e-07,5.2151220949317e-07,5.287147785548966e-07,5.392014261803348e-07,5.549760702226639e-07,5.79311506059759e-07,6.1710166402163e-07,6.750660121385757e-07,7.616328635458194e-07,8.863111792842585e-07,1.05840895053212e-06,1.285099664576584e-06,1.5690795246714165e-06,1.9063500153159748e-06,2.284895282027864e-06,2.6850524504458553e-06,3.0820652904812475e-06,3.4506459401027826e-06,3.770508881504194e-06,4.031135007509762e-06,4.233887477475546e-06,4.390297800678381e-06,4.516760829659022e-06,4.627474816879055e-06,4.728447956200916e-06,4.815142305338241e-06,4.874792387521459e-06,4.892283141905043e-06,4.85678589115934e-06,4.766043869699338e-06,4.626460168384849e-06,4.4492958265561515e-06,4.245175134927758e-06,4.019747758684415e-06,3.7725293877565184e-06,3.4991989363447617e-06,3.195951841184035e-06,2.8637121124833705e-06,2.5103370438066576e-06,2.1500581581005924e-06,1.8006389019083564e-06,1.4795269264588626e-06,1.2004029972488438e-06,9.710987001520533e-07,7.93188464410208e-07,6.62975307492087e-07,5.732685213733254e-07,5.153179886277611e-07,4.80434854125551e-07,4.610672061344166e-07,4.513115766959817e-07,4.469753337287311e-07,4.4535601432111745e-07,4.4489325810842e-07,4.448071276152647e-07,4.4478828001540727e-07,4.447658439682521e-07,4.4475380858368914e-07
2026-05-22 13:36:18.275792,[74.78872451],8.267154724937831e-09,8.287154823191621e-09,8.347978417088151e-09,8.452167952283576e-09,8.604176426471322e-09,8.810593960389793e-09,9.08025754173659e-09,9.42401937888418e-09,9.853899599216428e-09,1.0381374540013491e-08,1.1014724667027105e-08,1.1755753499351703e-08,1.259680383943812e-08,1.3519730270848171e-08,1.4499044836238242e-08,1.5511363232726715e-08,1.655201617973486e-08,1.7656961269693346e-08,1.8924256940994613e-08,2.052557515623632e-08,2.2696597862523785e-08,2.5697876576257283e-08,2.974594909401669e-08,3.492690825242339e-08,4.111698344483871e-08,4.7940936475140245e-08,5.4793935417600064e-08,6.093492177579138e-08,6.563427358795643e-08,6.83357456168617e-08,6.878293422035716e-08,6.706975056060714e-08,6.35999700443107e-08,5.8972382272235446e-08,5.383205623892016e-08,4.8735200279268096e-08,4.406376181956047e-08,4.000321887913038e-08,3.65738514251088e-08,3.369130189561113e-08,3.122999979705187e-08,2.9070635301569612e-08,2.7124533922002348e-08,2.5337822186686162e-08,2.3683520612357312e-08,2.215001716099663e-08,2.0731617067679908e-08,1.9423347392608578e-08,1.8219552493050424e-08,1.7114628620002778e-08,1.610426706482399e-08,1.5186211548524335e-08,1.4360243234167961e-08,1.3627581397823536e-08,1.2990064131941343e-08,1.2449430357805953e-08,1.2006881956375929e-08,1.1662958712093096e-08,1.141765838169321e-08,1.1270689386433671e-08,1.1221742209475746e-08
2026-05-22 13:36:18.323611,[67.25188781],3.545468471466878e-09,3.5623887046740347e-09,3.61352437628686e-09,3.699973396558065e-09,3.823473249431135e-09,3.98625478512919e-09,4.190824126871923e-09,4.439663384397955e-09,4.7348431246749485e-09,5.077544048658183e-09,5.467491694324912e-09,5.902316868535167e-09,6.376869149050028e-09,6.882538160553158e-09,7.406686727793268e-09,7.932376904464407e-09,8.438664165559069e-09,8.901807680325062e-09,9.2977226383206e-09,9.60579491290351e-09,9.813732468635614e-09,9.922488654392409e-09,9.949664694434905e-09,9.929528429521655e-09,9.90823241788554e-09,9.934127971960223e-09,1.0044989273779643e-08,1.0255767479240807e-08,1.0551258193061426e-08,1.0887108959387766e-08,1.1199956968194416e-08,1.1424087619101065e-08,1.1509304277363706e-08,1.1433997874633422e-08,1.1209131212375774e-08,1.0872289033708168e-08,1.0474570070389975e-08,1.006536412500402e-08,9.680151462955613e-09,9.334622045425216e-09,9.02568070836237e-09,8.737517343426218e-09,8.449715826726742e-09,8.144512940361808e-09,7.811385869214586e-09,7.448490593824841e-09,7.0615400333795795e-09,6.6612339498091365e-09,6.260355725861183e-09,5.871329882508308e-09,5.504616565117213e-09,5.167970285364479e-09,4.866381696160279e-09,4.6024490745003946e-09,4.3769472968405305e-09,4.189426724446591e-09,4.038745061698958e-09,3.9234916889945995e-09,3.842300145367025e-09,3.794062563451535e-09,3.778065258820249e-09
2026-05-22 13:36:18.421042,[88.97047946],1.6907283266451116e-07,1.6934802392560517e-07,1.7018101491873993e-07,1.716033484870244e-07,1.7369964933116788e-07,1.7665883910976755e-07,1.808497089028954e-07,1.8691905861291003e-07,1.959022083019984e-07,2.093226168411692e-07,2.2924150156078573e-07,2.5820474754092597e-07,2.990314630185534e-07,3.5440662985047445e-07,4.2628747852021825e-07,5.152085958550229e-07,6.196576839802229e-07,7.357575187808468e-07,8.574845376332515e-07,9.775444024470302e-07,1.0888104188316328e-06,1.1859703585111882e-06,1.26683325804428e-06,1.3327445921315704e-06,1.3878126630547373e-06,1.4371069877526186e-06,1.4844658850199332e-06,1.5308007242341602e-06,1.5736357599800689e-06,1.608094765085349e-06,1.6288749767843032e-06,1.632279289376047e-06,1.6173688762581368e-06,1.5857656712766537e-06,1.5403277640950649e-06,1.4834674877093951e-06,1.4160013758036918e-06,1.3370808686650595e-06,1.245168803133246e-06,1.139520840513102e-06,1.021443385938235e-06,8.947743268921283e-07,7.654288125704725e-07,6.402498554522542e-07,5.256294756010157e-07,4.2636452703748504e-07,3.4503874763531386e-07,2.819908915287436e-07,2.3574034158382798e-07,2.0364955917185096e-07,1.826066530907361e-07,1.6957670083870387e-07,1.6195448033517725e-07,1.5772171501810002e-07,1.5545397423570158e-07,1.542361518778161e-07,1.5353943130795234e-07,1.5309717601982286e-07,1.5280048313125715e-07,1.5262092765972715e-07,1.5255993853535836e-07
2026-05-22 13:36:18.471697,[69.47156778],2.4210936142491926e-09,2.4260885365614763e-09,2.441521163504299e-09,2.4687827092384203e-09,2.5103393425088378e-09,2.569911301393643e-09,2.6526318783995493e-09,2.7650828207184083e-09,2.9150719480607778e-09,3.1110132960386252e-09,3.360819105115485e-09,3.6703463492305863e-09,4.041670602887791e-09,4.4717557869092995e-09,4.952351048141748e-09,5.472006437264093e-09,6.020758630587012e-09,6.59716755366384e-09,7.216061746545639e-09,7.913969124632414e-09,8.748466528928838e-09,9.788349094085698e-09,1.1094027359084891e-08,1.2691538705725983e-08,1.454765813068234e-08,1.655581582146831e-08,1.854112894403819e-08,2.0287421257502476e-08,2.1581201937462014e-08,2.226038741389465e-08,2.225247940172103e-08,2.15897883773052e-08,2.0397222448394687e-08,1.8857802404689752e-08,1.7168258992458633e-08,1.549895243594245e-08,1.3968699428205814e-08,1.2638175413727059e-08,1.1518742616753975e-08,1.058951823228376e-08,9.815131584919986e-09,9.15903027856262e-09,8.590582266350924e-09,8.0869467751632e-09,7.631951617265785e-09,7.214113913342813e-09,6.825093786570809e-09,6.4589436195641106e-09,6.1119184511389525e-09,5.782433666444475e-09,5.470866800563949e-09,5.179111755339115e-09,4.9099642983377045e-09,4.666490224200112e-09,4.451512561173157e-09,4.267292925628652e-09,4.1154151394948765e-09,3.996831017021686e-09,3.912005813858706e-09,3.8610997201914094e-09,3.844133174906652e-09
2026-05-22 13:36:18.614785,[89.94129512],2.19694402673789e-07,2.2001692087004972e-07,2.2099268855657826e-07,2.2265885105661669e-07,2.25120434772362e-07,2.286191682178023e-07,2.3363495429322987e-07,2.4101763939319554e-07,2.521356144278675e-07,2.6901046829869955e-07,2.9438584236576554e-07,3.316603500863794e-07,3.846100197331282e-07,4.568488988653148e-07,5.510380939614718e-07,6.67952890651317e-07,8.056333416827061e-07,9.589304157812144e-07,1.1197574597654408e-06,1.2782165148019165e-06,1.4244895142954057e-06,1.551039976136178e-06,1.6544075379690234e-06,1.73586025436058e-06,1.8004902045817774e-06,1.8549320718941305e-06,1.9045144151072372e-06,1.950998796127182e-06,1.9918901172022033e-06,2.0216274551267098e-06,2.0340883138944913e-06,2.025209039677697e-06,1.994487696118391e-06,1.944726498233456e-06,1.8802742975882121e-06,1.8047602156391895e-06,1.7194923988169452e-06,1.6232740823823365e-06,1.5136327317159214e-06,1.3887836413594145e-06,1.249377835281937e-06,1.099285660194016e-06,9.451690033969571e-07,7.951148705791867e-07,6.569121022433376e-07,5.365707302402111e-07,4.3747559867962635e-07,3.6027340339706654e-07,3.033477651818569e-07,2.636119588515277e-07,2.3734637874711025e-07,2.208857786657937e-07,2.1106582019466405e-07,2.054278724227783e-07,2.0223550710453037e-07,2.0037506288116404e-07,1.992062399587192e-07,1.9840987094023274e-07,1.9785924836090337e-07,1.9752478542967184e-07,1.97411530452668e-07
2026-05-22 13:36:18.665101,[70.49521948],3.9293603815667705e-09,3.93871163753549e-09,3.967079036905203e-09,4.015431990076625e-09,4.085471528067507e-09,4.179722443279297e-09,4.301585188484029e-09,4.455263665649508e-09,4.645465969218562e-09,4.876783832902107e-09,5.1527198194118915e-09,5.474474318964468e-09,5.839832286056554e-09,6.242762106730233e-09,6.6745484438105055e-09,7.127253120566772e-09,7.599838784834654e-09,8.10628887507115e-09,8.683628079117778e-09,9.396336371004893e-09,1.033300952616281e-08,1.159206374270697e-08,1.3256238358054524e-08,1.536018153686825e-08,1.78600101693458e-08,2.0616218614904118e-08,2.3399727496364126e-08,2.5924701294811134e-08,2.7902669956740538e-08,2.9103948763194712e-08,2.9408221794516152e-08,2.8828720390591515e-08,2.7503040350568644e-08,2.5654837045291138e-08,2.353977499563077e-08,2.139264244995905e-08,1.938965342607892e-08,1.763267992465843e-08,1.6154047332268627e-08,1.4934805120807384e-08,1.3927566107183418e-08,1.3076644841620919e-08,1.2331639533679378e-08,1.1653966381825334e-08,1.1018011334676674e-08,1.0409258227427859e-08,9.821386716000427e-09,9.25353211118397e-09,8.70815827094367e-09,8.189542997497561e-09,7.702712828361147e-09,7.252678166699758e-09,6.84389067693517e-09,6.479899509321644e-09,6.163199557584094e-09,5.895253760466813e-09,5.6766517610113505e-09,5.5073534367325295e-09,5.386963226986428e-09,5.314988135162485e-09,5.291044135458768e-09
2026-05-22 13:36:18.822660,[90.8971636],2.8512057604092024e-07,2.85548070141747e-07,2.8683961635675585e-07,2.8903829616382015e-07,2.922706911785112e-07,2.968342942790687e-07,3.0332631749047584e-07,3.128107607631603e-07,3.2700635775374416e-07,3.4845584640612303e-07,3.80610087593994e-07,4.2773731038487645e-07,4.945624745309191e-07,5.85572032844004e-07,7.039991626967868e-07,8.506327353802248e-07,1.0227421301486523e-06,1.2135206753738042e-06,1.412445449584979e-06,1.6067675208506143e-06,1.7839831524140662e-06,1.9346901381630025e-06,2.0548941358731538e-06,2.1468113410746963e-06,2.2176352173120235e-06,2.276511246281341e-06,2.330784739201651e-06,2.3830347622252176e-06,2.4301791369952275e-06,2.465051302612292e-06,2.479701540975314e-06,2.4688489580429292e-06,2.431861803626015e-06,2.3724174747341645e-06,2.2961796036524656e-06,2.2077928046809027e-06,2.108743015448472e-06,1.9970846275545785e-06,1.8690448929995288e-06,1.7216260349303725e-06,1.5549585303014377e-06,1.373411730781619e-06,1.185118207204914e-06,1.000249317687071e-06,8.287908348647758e-07,6.78600445179255e-07,5.542658863550352e-07,4.56905305691588e-07,3.8473266450870735e-07,3.3404515104724357e-07,3.0028202857926146e-07,2.7890192668148924e-07,2.6595885707568246e-07,2.583722337812555e-07,2.5395689259042657e-07,2.513042710812047e-07,2.495984319040724e-07,2.484270148065438e-07,2.4762090702106137e-07,2.4713530614079106e-07,2.469717630128576e-07
2026-05-22 13:36:18.871590,[70.7681894],4.99598257683143e-09,5.010821265561329e-09,5.05562796826509e-09,5.131282875908949e-09,5.2392749331229196e-09,5.381713679332642e-09,5.561299897621919e-09,5.781204566728412e-09,6.044795420317742e-09,6.355161633044036e-09,6.7144407668229185e-09,7.123068212940035e-09,7.57925220876139e-09,8.079193754610699e-09,8.618728991670662e-09,9.197019903460182e-09,9.822482438344484e-09,1.0520211850885813e-08,1.1338834039299925e-08,1.2353380342187725e-08,1.3660161184512052e-08,1.536051043772449e-08,1.753317437109621e-08,2.019970025753279e-08,2.32920320476448e-08,2.663441681202562e-08,2.995051221044137e-08,3.290041240367839e-08,3.5142547237195043e-08,3.640555909897266e-08,3.6549624209630635e-08,3.559828448786709e-08,3.373071805284442e-08,3.1237220210555266e-08,2.845233336869196e-08,2.5685971165084776e-08,2.3171159618263993e-08,2.1039177780525182e-08,1.932276030050886e-08,1.797974764909444e-08,1.6925702191745968e-08,1.6064801751688892e-08,1.531218443363991e-08,1.4605580163932666e-08,1.3907701175305183e-08,1.3202665773110996e-08,1.248984614874656e-08,1.1777638178296622e-08,1.1078480024481812e-08,1.0405488460387369e-08,9.77052100414102e-09,9.183267623609145e-09,8.650991414391202e-09,8.178640045737335e-09,7.76915431382359e-09,7.423873032497628e-09,7.142973562932258e-09,6.925906179411588e-09,6.7717898929541345e-09,6.679744236965035e-09,6.649138235448034e-09
2026-05-22 13:36:19.027693,[92.89326584],4.5724273016033533e-07,4.5795193573340806e-07,4.60095912357915e-07,4.6374905993568006e-07,4.691226306926072e-07,4.767037984966974e-07,4.874601737792204e-07,5.031041107398624e-07,5.263880206970508e-07,5.613661556209691e-07,6.135152659475324e-07,6.895700386087003e-07,7.969225422544181e-07,9.424864702202989e-07,1.1310587182657272e-06,1.3634197904516568e-06,1.6346539812491588e-06,1.9333433488478083e-06,2.2422700589792274e-06,2.5409498172088515e-06,2.8097177200613687e-06,3.034361371543789e-06,3.2097585490096943e-06,3.3409756647919556e-06,3.4410047142311224e-06,3.525607344274217e-06,3.6070749481518916e-06,3.689415233193413e-06,3.767051920106654e-06,3.82762881635665e-06,3.857607184923204e-06,3.848008592590891e-06,3.7976234590081145e-06,3.7123297013125256e-06,3.601146544151144e-06,3.471227787189666e-06,3.3243708624571745e-06,3.156673596815505e-06,2.961308119514548e-06,2.7329102042354615e-06,2.4714964906384504e-06,2.18426792573187e-06,1.8847543995819809e-06,1.5898891852888186e-06,1.3162758459908635e-06,1.0769513929393628e-06,8.795011821480894e-07,7.257490708285137e-07,6.127173716787452e-07,5.342797619327948e-07,4.829227417376959e-07,4.5119709401886666e-07,4.3266398290793086e-07,4.223314222213744e-07,4.166933539326559e-07,4.1352411897045896e-07,4.1156760223386734e-07,4.102204471009929e-07,4.092647504356645e-07,4.0867054765869506e-07,4.0846678531173855e-07
2026-05-22 13:36:19.074726,[73.04194122],9.147045647121535e-09,9.173776665501164e-09,9.254020805117227e-09,9.387932802755831e-09,9.575776912735063e-09,9.817938907336377e-09,1.0114939715251148e-08,1.0467432317396451e-08,1.087614699723382e-08,1.1341745096874605e-08,1.1864572571445739e-08,1.2444401578515434e-08,1.3080430260629226e-08,1.3772058557478147e-08,1.452118072492864e-08,1.533675317773086e-08,1.6241968060327308e-08,1.7283289729271366e-08,1.8538914097295995e-08,2.0122319375490902e-08,2.2175399658277998e-08,2.484639479634547e-08,2.8251368755543526e-08,3.2424249077078704e-08,3.7267754255375716e-08,4.252278801876852e-08,4.77736074361525e-08,5.2498291708875145e-08,5.61599144082169e-08,5.8318048978352715e-08,5.872947996452493e-08,5.7406811028447034e-08,5.4615453337899275e-08,5.080925489038702e-08,4.6524966319560296e-08,4.2267830187858055e-08,3.842045410758955e-08,3.5195897063981246e-08,3.263918188417378e-08,3.0666303726649725e-08,2.9121419415954548e-08,2.7832728840768435e-08,2.6653551439635872e-08,2.5483449140622367e-08,2.4271415755118483e-08,2.3007186738061532e-08,2.1707466788088752e-08,2.040237214684323e-08,1.9125031849536165e-08,1.790517609434165e-08,1.6766187392344536e-08,1.5724536443408074e-08,1.4790533808712958e-08,1.396960693047135e-08,1.326363641204147e-08,1.2672139061725075e-08,1.2193238043986853e-08,1.1824430305598155e-08,1.1563180442030212e-08,1.1407366106551284e-08,1.1355590100393441e-08
2026-05-22 13:36:19.227324,[93.7182398],5.879597898869453e-07,5.888543594362931e-07,5.915572781916732e-07,5.961590049082843e-07,6.029233403607433e-07,6.124672858607724e-07,6.260249456378674e-07,6.457875588149301e-07,6.752817446000565e-07,7.197019381204304e-07,7.860578010805965e-07,8.829511634007143e-07,1.0197898232977645e-06,1.2053137320026901e-06,1.4454804017361503e-06,1.7410260139999325e-06,2.0853254367392007e-06,2.46339280905375e-06,2.852832737841749e-06,3.227144147782059e-06,3.561001908324317e-06,3.836210836415632e-06,4.046347820389017e-06,4.19812434913398e-06,4.308444400651032e-06,4.397794251156662e-06,4.482305820914359e-06,4.567702127708847e-06,4.6477512594733035e-06,4.707913805416903e-06,4.732438342420394e-06,4.711490705383209e-06,4.644926700908703e-06,4.541070493112154e-06,4.411416918602281e-06,4.264168530742478e-06,4.099927677548398e-06,3.9115806305152385e-06,3.688232929027722e-06,3.421164858933221e-06,3.1090585280689357e-06,2.760371112941268e-06,2.3921807954031378e-06,2.026310406256031e-06,1.6843993109948882e-06,1.3836316367218774e-06,1.1342336889240396e-06,9.390264308854416e-07,7.946318379724993e-07,6.9358251287144e-07,6.265771202714269e-07,5.843408500225759e-07,5.58839324078414e-07,5.438408074441821e-07,5.349710862401829e-07,5.294568372906865e-07,5.25735426834143e-07,5.230576121867599e-07,5.211532099316728e-07,5.199849834473383e-07,5.195885611152893e-07
2026-05-22 13:36:19.278144,[76.08558402],2.393746201086371e-09,2.397935500098687e-09,2.410544033816442e-09,2.4316997312429365e-09,2.4616391714989687e-09,2.5007531529776073e-09,2.5496676570180894e-09,2.6093678820495953e-09,2.6813611967227173e-09,2.7678534378446003e-09,2.871883864380229e-09,2.9973345413198113e-09,3.1487137482524142e-09,3.3306286993572026e-09,3.546927221670961e-09,3.799604962742507e-09,4.087722590973018e-09,4.406702684922013e-09,4.748401935887246e-09,5.10221162563033e-09,5.4571123778257e-09,5.80417652016068e-09,6.138649496212423e-09,6.460667136931299e-09,6.774022576755329e-09,7.08314117527941e-09,7.389278999750556e-09,7.687513048627493e-09,7.965986415565811e-09,8.208042453554624e-09,8.396644768325724e-09,8.519413495041854e-09,8.572258557887976e-09,8.560161928059102e-09,8.494887260767669e-09,8.390678624730338e-09,8.259746450111481e-09,8.109235115057637e-09,7.94056344001117e-09,7.750978679104558e-09,7.536360341978023e-09,7.294042825693578e-09,7.0246876339924535e-09,6.732794031602218e-09,6.425996001077284e-09,6.113642345612538e-09,5.805233026087538e-09,5.509151142901713e-09,5.23190539404827e-09,4.977890108756238e-09,4.749538907179543e-09,4.547703038325528e-09,4.372103553475535e-09,4.221754752646121e-09,4.0953076349189416e-09,3.99130119987529e-09,3.908332169709076e-09,3.845162571352934e-09,3.800784669063603e-09,3.774458686245654e-09,3.76573380447344e-09
2026-05-22 13:36:19.329916,[66.17483753],3.102000593778856e-09,3.110965170473034e-09,3.1377794192127493e-09,3.1821976260751418e-09,3.2437886015793066e-09,3.3219122364938207e-09,3.4157049416875496e-09,3.5240921776911484e-09,3.6458503009241517e-09,3.779741086702047e-09,3.924737692430517e-09,4.080346799169887e-09,4.247004614536924e-09,4.426482931778323e-09,4.622189598148121e-09,4.839198727522681e-09,5.083823840887592e-09,5.362583364384509e-09,5.68053010290475e-09,6.0391286866325305e-09,6.434127850632002e-09,6.85409535560239e-09,7.280335731882355e-09,7.68868605739773e-09,8.053163925847365e-09,8.350751106820809e-09,8.56600024398846e-09,8.693956996520205e-09,8.74028889530268e-09,8.718443671072809e-09,8.644780900245564e-09,8.533437375322525e-09,8.392795940980555e-09,8.224743108329725e-09,8.026721033180519e-09,7.795446604407011e-09,7.530592261285064e-09,7.2369175843861734e-09,6.9241462977811765e-09,6.604875282952591e-09,6.291529825070617e-09,5.993582450159563e-09,5.715947495768416e-09,5.458878302589296e-09,5.2191198177813495e-09,4.991719600332101e-09,4.77184205971117e-09,4.556101371007548e-09,4.343200543802408e-09,4.133915974685715e-09,3.930625731428514e-09,3.736630093308533e-09,3.55547945594799e-09,3.3904486453669345e-09,3.2442151546830163e-09,3.118735102327517e-09,3.015273205870796e-09,2.934529477922048e-09,2.876808243928402e-09,2.8421863267703362e-09,2.8306505397703493e-09
2026-05-22 13:36:19.479123,[88.78814253],1.959764339709636e-07,1.9633270453809197e-07,1.9740982722612548e-07,1.9924304195886932e-07,2.0192649556696733e-07,2.0566930749023844e-07,2.1087720593487605e-07,2.1825647460084932e-07,2.289272849251045e-07,2.445190079354498e-07,2.672033074722607e-07,2.9960770059880093e-07,3.445524082157496e-07,4.0457783145117634e-07,4.812865140302327e-07,5.746086409614903e-07,6.821925864663666e-07,7.991810296592158e-07,9.186089058628614e-07,1.032516849975765e-06,1.1336229272538637e-06,1.21711206854926e-06,1.2819174816928695e-06,1.3309146995249854e-06,1.3697826191421655e-06,1.4048200192961648e-06,1.4405131395056936e-06,1.4778563101047909e-06,1.514167420324344e-06,1.5444808066491436e-06,1.5638474250546986e-06,1.569422491487035e-06,1.5613350632003275e-06,1.541970360960549e-06,1.5141173359205117e-06,1.4789994313635282e-06,1.43522472191639e-06,1.3791827261757933e-06,1.306679618100631e-06,1.2150319483096743e-06,1.1046916517669636e-06,9.797637513708402e-07,8.473012400920882e-07,7.15745537984126e-07,5.931279019177571e-07,4.85609996786443e-07,3.967059467684661e-07,3.272364094111784e-07,2.7583946348640716e-07,2.3976100826862287e-07,2.1566161096477696e-07,2.0026155463666593e-07,1.9074876770734772e-07,1.849577042859176e-07,1.8137513955461528e-07,1.7904297074668635e-07,1.774194279416597e-07,1.7624111811703258e-07,1.754086146543707e-07,1.7490312206086255e-07,1.7473271121454666e-07
2026-05-22 13:36:19.679571,[89.81471384],2.556225063334241e-07,2.56051323734216e-07,2.573493080421756e-07,2.5956551575699453e-07,2.6283132128017913e-07,2.674387413805753e-07,2.739541090894762e-07,2.8336228649739924e-07,2.972231962331862e-07,3.178024121393989e-07,3.4811433295126904e-07,3.9179832373309633e-07,4.5274837005139986e-07,5.344506546001724e-07,6.390617222651493e-07,7.663781750659812e-07,9.129778685810271e-07,1.0718962164497121e-06,1.2331702852486296e-06,1.3853882861944101e-06,1.518035091530825e-06,1.6240284903764865e-06,1.7015762988159519e-06,1.7545373608881203e-06,1.790921636024516e-06,1.8199016563580377e-06,1.8484189613190062e-06,1.8787748320083484e-06,1.9082574675421942e-06,1.9309596787559954e-06,1.940895693567533e-06,1.9348808611033285e-06,1.913765085987675e-06,1.8814681976317024e-06,1.8424010604007143e-06,1.7986614942291975e-06,1.748455454002377e-06,1.686520526736138e-06,1.6063202949702848e-06,1.502970232827109e-06,1.3756172072385936e-06,1.2283578459044622e-06,1.0694824822525792e-06,9.094997683683586e-07,7.587559649118931e-07,6.254374985978531e-07,5.144430415687359e-07,4.272223815482191e-07,3.6237034661990203e-07,3.166171713307109e-07,2.8586632478787104e-07,2.660379807947245e-07,2.536111595600212e-07,2.45868925872722e-07,2.409163661764617e-07,2.375616789924985e-07,2.3514062819568836e-07,2.3334031484651655e-07,2.3205250393914825e-07,2.3126673750693715e-07,2.3100146781649295e-07
2026-05-22 13:36:19.732167,[65.05297815],1.430915374551495e-09,1.4373520980615732e-09,1.4568558167034794e-09,1.4900038862497713e-09,1.5377452453982837e-09,1.6013721216744778e-09,1.6824637517076978e-09,1.7827859288206792e-09,1.9041277091744233e-09,2.048058102224139e-09,2.2155939898625726e-09,2.4067888794037633e-09,2.620282057736704e-09,2.8528874428974146e-09,3.099343261387509e-09,3.3523727434950886e-09,3.60320152091017e-09,3.842618144018953e-09,4.06253872096524e-09,4.257856052440773e-09,4.428160318991391e-09,4.578784728466438e-09,4.720638764507842e-09,4.868502324082235e-09,5.0378593346963e-09,5.240852691869496e-09,5.4823697698544096e-09,5.757426949768055e-09,6.050788977321585e-09,6.3391558121674e-09,6.595461495337877e-09,6.794145377596736e-09,6.915946169615103e-09,6.950959945927374e-09,6.89931412665288e-09,6.769590161792201e-09,6.575775155572291e-09,6.333817512416e-09,6.058752917083312e-09,5.762969285299615e-09,5.455695810698926e-09,5.143421387090944e-09,4.830773852139534e-09,4.521421156973549e-09,4.2187129083379184e-09,3.925969190714778e-09,3.646469634811268e-09,3.3832680281152075e-09,3.1389625670933425e-09,2.9155155026271146e-09,2.7141671420448087e-09,2.5354480147362033e-09,2.3792680407709176e-09,2.2450523841656357e-09,2.131895457756686e-09,2.0387116764959086e-09,1.9643697682888573e-09,1.9078043640098713e-09,1.868103357017028e-09,1.8445722220226484e-09,1.836777571819884e-09
2026-05-22 13:36:19.875762,[90.89088684],3.3127074049794554e-07,3.3182951905884383e-07,3.3351913815834173e-07,3.3639832804634614e-07,3.4062978050037656e-07,3.4658256039376803e-07,3.5498091808006305e-07,3.6709334566972894e-07,3.8493809829114554e-07,4.114549411644702e-07,4.5056204320994234e-07,5.069925473713558e-07,5.858049136788172e-07,6.915052636550078e-07,8.268232937759558e-07,9.913407599021819e-07,1.1803448495146804e-06,1.3843934440853241e-06,1.5900423560757793e-06,1.781927755651552e-06,1.9459333192318707e-06,2.0726359146562514e-06,2.159856724834859e-06,2.21320005334828e-06,2.244057621814231e-06,2.2655482640786643e-06,2.287839553422605e-06,2.3147439101638546e-06,2.34306233498225e-06,2.3649537498545157e-06,2.3721794601099575e-06,2.3601517009959998e-06,2.329825140838842e-06,2.286586606802122e-06,2.2368356733840435e-06,2.184087650904348e-06,2.1265892045061127e-06,2.057590934969238e-06,1.9680803420824666e-06,1.8506582878052743e-06,1.702856987608718e-06,1.5286219964389378e-06,1.3375863092441527e-06,1.1426624538760141e-06,9.56989667225046e-07,7.912800662537324e-07,6.522370913152778e-07,5.422166172548219e-07,4.59888338925082e-07,4.014476885451095e-07,3.619264345101554e-07,3.3628021324913147e-07,3.2010313249873294e-07,3.099651117418301e-07,3.0345537842291133e-07,2.990454771471797e-07,2.9587454442517923e-07,2.935295901919108e-07,2.9186083778242417e-07,2.9084635479711724e-07,2.905044987478412e-07
2026-05-22 13:36:19.927782,[69.29300238],6.378692495905155e-09,6.402070292847016e-09,6.472474592779399e-09,6.5907293256416335e-09,6.7582394100666725e-09,6.977015034018749e-09,7.249647722597901e-09,7.57915911899304e-09,7.968605930248667e-09,8.42030496132128e-09,8.934576734892332e-09,9.508040481591017e-09,1.0131762798638456e-08,1.078995671167123e-08,1.1460346936836974e-08,1.2117541691628399e-08,1.274046850529506e-08,1.3323850338080534e-08,1.389175961606852e-08,1.4508897428122961e-08,1.5283381815302892e-08,1.6354845853644953e-08,1.786468007111533e-08,1.9911393038512704e-08,2.2501705805177265e-08,2.5513947610630676e-08,2.86909615911932e-08,3.167294103839181e-08,3.406751058884797e-08,3.5539612512234964e-08,3.589387718356196e-08,3.51223451435255e-08,3.3401568417049236e-08,3.104094316620749e-08,2.8401004822310056e-08,2.580923104457119e-08,2.349854003623626e-08,2.1582306346813e-08,2.0065208206309805e-08,1.8877867908439288e-08,1.791879744783248e-08,1.7089635105948392e-08,1.631622004075989e-08,1.5555016043727697e-08,1.4789067774817149e-08,1.4019173926037127e-08,1.3254965217649416e-08,1.2508452442611917e-08,1.1790598116240932e-08,1.111022690576631e-08,1.0474199806505311e-08,9.887959441015988e-09,9.355954618172961e-09,8.881812967096082e-09,8.468339337373422e-09,8.117477204603643e-09,7.830336922499622e-09,7.60732918179767e-09,7.448385009648118e-09,7.35321151024879e-09,7.321524903522456e-09
2026-05-22 13:36:20.094014,[71.47871521],8.366395331814288e-09,8.396003962061948e-09,8.485175984025023e-09,8.634946649141917e-09,8.847027475887045e-09,9.12377042229213e-09,9.468078167811073e-09,9.883203203604167e-09,1.0372350230622904e-08,1.0937985509028733e-08,1.1580796866136423e-08,1.229838186207739e-08,1.3084002442018212e-08,1.392612061555579e-08,1.4809819180682196e-08,1.5721389574871485e-08,1.6657009926261866e-08,1.7635230765945424e-08,1.8710862126909944e-08,1.9985241395922086e-08,2.1605824233220062e-08,2.3748106120499035e-08,2.657640150866408e-08,3.018721003293269e-08,3.454807879415745e-08,3.9452358522982775e-08,4.451162630744642e-08,4.91998608004754e-08,5.294745939088122e-08,5.5264100986186845e-08,5.5855321272538395e-08,5.46956424166115e-08,5.2033554901251154e-08,4.8326343995572264e-08,4.41264619673966e-08,3.9956062437994395e-08,3.620681961333003e-08,3.308930814397179e-08,3.063668228582093e-08,2.8749699469236886e-08,2.726056311880147e-08,2.599330760139302e-08,2.480591770411303e-08,2.3609364001898823e-08,2.2366979984448923e-08,2.1081877299878532e-08,1.9780400246595796e-08,1.8497393721861108e-08,1.7266060865303554e-08,1.6112708726638863e-08,1.5055267620979227e-08,1.410405814846753e-08,1.3263503500326736e-08,1.2533951761915497e-08,1.1913214451782541e-08,1.1397725606665083e-08,1.0983372559498653e-08,1.0666089550983396e-08,1.0442290865222277e-08,1.0309189801374873e-08,1.026502370000202e-08
2026-05-22 13:36:20.146898,[66.74563685],4.9992847616005434e-09,5.0194953193167676e-09,5.080237226493488e-09,5.181810027470333e-09,5.324610641173912e-09,5.508985625164639e-09,5.735037066666641e-09,6.002397405555763e-09,6.309995943118463e-09,6.6558487051874985e-09,7.036913338870347e-09,7.449060856938493e-09,7.887223749195033e-09,8.345779448784795e-09,8.819208734552408e-09,9.303015465845496e-09,9.79479361139472e-09,1.0295180627966737e-08,1.0808275450887339e-08,1.134100144097628e-08,1.1900971246732681e-08,1.2492762842742222e-08,1.311315624358561e-08,1.3746654436069847e-08,1.4363183628189422e-08,1.4919819918887807e-08,1.5367442066416806e-08,1.5661463204326895e-08,1.5773835594815553e-08,1.5702263994294385e-08,1.547281519716576e-08,1.513408924121752e-08,1.4744186820255065e-08,1.4354581761545246e-08,1.3996358564801233e-08,1.3673429559321488e-08,1.3364661583883673e-08,1.3033527662217982e-08,1.2641387273168491e-08,1.2159736652152227e-08,1.1577826765423987e-08,1.0904206127933541e-08,1.0162969284819288e-08,9.386939204775599e-09,8.61035439169608e-09,7.863054628374062e-09,7.167137985675533e-09,6.536081125036707e-09,5.975679054991378e-09,5.485943059875009e-09,5.063200637684315e-09,4.701905942969475e-09,4.395948367649354e-09,4.139454893048497e-09,3.927193915015489e-09,3.754719815015488e-09,3.6183798886263233e-09,3.515267901088714e-09,3.4431713396967308e-09,3.400531756287287e-09,3.3864213138828162e-09
2026-05-22 13:36:20.252205,[93.94498078],6.903776840721754e-07,6.915193774892379e-07,6.949767460908153e-07,7.008875919321012e-07,7.096218256096704e-07,7.220021117241286e-07,7.396225809765993e-07,7.652503533346197e-07,8.032561478441628e-07,8.5996312024743e-07,9.437372765354974e-07,1.0645921553753971e-06,1.233083022090091e-06,1.4583659135853855e-06,1.745525234525846e-06,2.09261739682233e-06,2.48825220562026e-06,2.9107750151773457e-06,3.330019322822044e-06,3.712025659260491e-06,4.026102077566157e-06,4.2524331724562016e-06,4.387655856315495e-06,4.445961097049736e-06,4.454601034426118e-06,4.444857300279353e-06,4.441654185745275e-06,4.455957740910214e-06,4.483169010751476e-06,4.508105457847076e-06,4.514060492684843e-06,4.491449693549937e-06,4.4418178499572966e-06,4.3754222261252e-06,4.303937076751788e-06,4.23226115352523e-06,4.1537053156582975e-06,4.050962167844538e-06,3.902339725200494e-06,3.690334645892074e-06,3.4088326507468035e-06,3.0661942996060022e-06,2.6834813547366905e-06,2.2890322696109505e-06,1.91168695421085e-06,1.5749470655420182e-06,1.2935270983188548e-06,1.0726440529193436e-06,9.094938620370168e-07,7.959182329865324e-07,7.212704649785219e-07,6.747800645686876e-07,6.470948243338786e-07,6.309970963650016e-07,6.214809778766765e-07,6.154402654899575e-07,6.111919425346914e-07,6.079931864622976e-07,6.056379574540551e-07,6.041628164211759e-07,6.036575679272905e-07
2026-05-22 13:36:20.307305,[72.23735349],1.2128493254505302e-08,1.2167138237274029e-08,1.2283569611607559e-08,1.2479264378439227e-08,1.2756633992600327e-08,1.3118915043957431e-08,1.356994403055788e-08,1.4113738803111381e-08,1.475379191320526e-08,1.549198941132511e-08,1.632713090937629e-08,1.7253175589560936e-08,1.8257595410814742e-08,1.932056276632705e-08,2.0416043461287604e-08,2.1516018836740923e-08,2.2598756435277444e-08,2.3661031385880265e-08,2.4732396073045514e-08,2.5887313440373018e-08,2.724902723377711e-08,2.897865666701086e-08,3.124534148776802e-08,3.417873122391616e-08,3.7812676856948214e-08,4.2036013856140815e-08,4.656932592915821e-08,5.0982757971108033e-08,5.4758979326684975e-08,5.739034150610653e-08,5.8485816962086113e-08,5.7857381337854575e-08,5.556034592295647e-08,5.18764220582465e-08,4.724647199256608e-08,4.217479919188994e-08,3.713301337854473e-08,3.248761122644421e-08,2.846432842302422e-08,2.514930041088275e-08,2.2517074668579238e-08,2.0471198883398923e-08,1.888430484638497e-08,1.7629198740395085e-08,1.6597821807885662e-08,1.5709102485249778e-08,1.4908886894566462e-08,1.4165509738947553e-08,1.3463853945323359e-08,1.2799672122997676e-08,1.2174991231581084e-08,1.1594789643489995e-08,1.1064814110486067e-08,1.0590294671015678e-08,1.0175315042037456e-08,9.822634126745069e-09,9.533796468709032e-09,9.309405109986986e-09,9.14945924160758e-09,9.053683405857151e-09,9.021796069946638e-09
2026-05-22 13:36:20.359588,[68.23465856],5.504803289490564e-09,5.527275285677917e-09,5.595013363053331e-09,5.708966173051547e-09,5.870656477596428e-09,6.082094173351217e-09,6.345652436448341e-09,6.663897893363937e-09,7.039354541197315e-09,7.474167840060966e-09,7.969626899858856e-09,8.525511374284716e-09,9.1392711457161e-09,9.805132347142811e-09,1.0513346466493416e-08,1.1249922216720685e-08,1.1997227636045723e-08,1.2735728421674018e-08,1.3446773552145618e-08,1.411578693962411e-08,1.4734665689525862e-08,1.5301951883973948e-08,1.5819774460630135e-08,1.6287772993799822e-08,1.669591121381522e-08,1.701950443484866e-08,1.72199803728288e-08,1.725327345901094e-08,1.708458708585573e-08,1.670480675804451e-08,1.6141885144156464e-08,1.546140000295674e-08,1.4754254744931095e-08,1.4114653280917256e-08,1.361565849555604e-08,1.3290819351770751e-08,1.3127962372656762e-08,1.3076467263485621e-08,1.3064423450823762e-08,1.3019092276156448e-08,1.288403065389554e-08,1.262859343005083e-08,1.2248905437617215e-08,1.176225939742419e-08,1.1198323159753806e-08,1.0590430216812596e-08,9.969105820896852e-09,9.35857958625497e-09,8.775928986343128e-09,8.231938019212663e-09,7.732700015465352e-09,7.2812447100852295e-09,6.878811898636809e-09,6.525679467317082e-09,6.221622556059965e-09,5.9661397038420655e-09,5.758569101057799e-09,5.598174574630144e-09,5.484235834425676e-09,5.41614513577932e-09,5.393495906186571e-09
2026-05-22 13:36:20.461988,[89.03375229],2.2745628354961055e-07,2.2787357483367895e-07,2.2913875143024435e-07,2.3130463276773066e-07,2.3450335955776333e-07,2.390153585911083e-07,2.4536807481171737e-07,2.544587438879991e-07,2.6768324260095016e-07,2.8703530745766284e-07,3.1512058833258415e-07,3.550158199809701e-07,4.0990678338240533e-07,4.824730566855684e-07,5.740611779946566e-07,6.837948297566226e-07,8.07882471684756e-07,9.394476834157647e-07,1.0691641738741325e-06,1.186785827104357e-06,1.2833407424636528e-06,1.353407366715124e-06,1.3966762075852363e-06,1.4180848413044336e-06,1.4262561533874393e-06,1.430648264729078e-06,1.4384463933754854e-06,1.452452355840196e-06,1.4708641414480294e-06,1.4889918500056382e-06,1.502024986812344e-06,1.50744501917141e-06,1.5058735964915197e-06,1.4999802525464379e-06,1.4921008592721516e-06,1.4818846425458189e-06,1.4652477860778153e-06,1.4352199353849081e-06,1.3843261562885884e-06,1.3074468144841604e-06,1.2039556858860252e-06,1.0783455399833382e-06,9.392387739900271e-07,7.972969456487001e-07,6.628424738142068e-07,5.439392367747393e-07,4.4536394411187857e-07,3.685225039554467e-07,3.120791889907297e-07,2.7294098396294456e-07,2.472622137002415e-07,2.312451417931661e-07,2.216435924599228e-07,2.1598161014945298e-07,2.1255847735056648e-07,2.103280512756546e-07,2.0872864867558147e-07,2.0751551055897238e-07,2.0662316190762588e-07,2.06066179847782e-07,2.0587586325156298e-07
2026-05-22 13:36:20.518181,[69.2851292],3.553948584979886e-09,3.56884194806622e-09,3.613796226827716e-09,3.689649733574553e-09,3.7978505873562266e-09,3.940525179878583e-09,4.1205496381603105e-09,4.341582340913001e-09,4.607985745234802e-09,4.924537847510316e-09,5.295827266484862e-09,5.725270102132397e-09,6.213810741274175e-09,6.758583136319743e-09,7.352077784116376e-09,7.98257609998135e-09,8.636602701953196e-09,9.303715978923766e-09,9.983014813947657e-09,1.0689433559443943e-08,1.1456713126654242e-08,1.2333624647477807e-08,1.3371298281577202e-08,1.4602572888995013e-08,1.601839568122902e-08,1.754976151407802e-08,1.9064409184035175e-08,2.0384124835855893e-08,2.1321462818584708e-08,2.172650124241074e-08,2.1528631450841295e-08,2.0758442884424596e-08,1.9541173669434866e-08,1.8063519278455667e-08,1.6525338094975415e-08,1.5092678424146572e-08,1.3866679993888268e-08,1.2875613706091207e-08,1.2088276275868303e-08,1.1440104290110825e-08,1.0861054702361364e-08,1.0296456114760378e-08,9.716747334579457e-09,9.116809622253248e-09,8.508660386366627e-09,7.912043549951257e-09,7.346437796109325e-09,6.826216615966054e-09,6.3590510886137594e-09,5.946649134852649e-09,5.586635508533645e-09,5.2745810759559504e-09,5.005599314246734e-09,4.775317734861182e-09,4.580290734518229e-09,4.418033649294335e-09,4.286864472163236e-09,4.1856920278311994e-09,4.113829110203058e-09,4.070859834630344e-09,4.056560353035208e-09
2026-05-22 13:36:20.667828,[90.07873659],2.9226989364504163e-07,2.9272614851201374e-07,2.9411178985702736e-07,2.964952344917972e-07,3.0005117880060694e-07,3.0515515996190107e-07,3.1251846710383464e-07,3.2335533331029783e-07,3.395578592612302e-07,3.6383029723539704e-07,3.9970775632617914e-07,4.513653689136737e-07,5.231283930316338e-07,6.18639462551233e-07,7.397375046862959e-07,8.852461133185281e-07,1.0500198078341344e-06,1.2246859582945587e-06,1.3964666274813693e-06,1.5512135714839634e-06,1.6763633781457984e-06,1.764048813832052e-06,1.8133053128994616e-06,1.8304054378806132e-06,1.8269232252127242e-06,1.8160219239438203e-06,1.8082922920076228e-06,1.8087962790628413e-06,1.8165302129870572e-06,1.8264367768972175e-06,1.8328751137325688e-06,1.8327493236486213e-06,1.8267092489026389e-06,1.8178861163520043e-06,1.8089476401422128e-06,1.799135333145427e-06,1.7829247009774124e-06,1.7510829080873387e-06,1.6936940666615019e-06,1.603816548384327e-06,1.4802398833442297e-06,1.3283202850548096e-06,1.1587502531718493e-06,9.849088754556722e-07,8.198287433643067e-07,6.737361984811979e-07,5.527221977900813e-07,4.5861846255735244e-07,3.8978581549098917e-07,3.423592709665716e-07,3.115219939491848e-07,2.925209190871936e-07,2.8130465951314317e-07,2.747986988138981e-07,2.709088648697248e-07,2.683654313208622e-07,2.6650515550106744e-07,2.650575343998666e-07,2.639698787024898e-07,2.6328173264814447e-07,2.630450990445975e-07
2026-05-22 13:36:20.766932,[67.13073084],3.7442558941756815e-09,3.761207596089329e-09,3.8124841337168646e-09,3.89934754988617e-09,4.023889306366358e-09,4.188996104222925e-09,4.398267169190629e-09,4.655844101611243e-09,4.966101354853209e-09,5.333137977817634e-09,5.760018248855869e-09,6.247741429444357e-09,6.793988850669667e-09,7.391801379829016e-09,8.028466468377976e-09,8.685002484366613e-09,9.336658746017909e-09,9.954738566260193e-09,1.0509764908925053e-08,1.0975577414397776e-08,1.1333500005926192e-08,1.1575445586741657e-08,1.1704920014601993e-08,1.173542840887433e-08,1.1686645304277879e-08,1.1579555414755541e-08,1.1432197958188395e-08,1.1257388156943316e-08,1.1062901726862392e-08,1.0853495643562256e-08,1.0633363153015015e-08,1.0407589808787937e-08,1.0181893341777278e-08,9.960977300963938e-09,9.746614307080117e-09,9.536682549965606e-09,9.325802392292106e-09,9.107336383309452e-09,8.875833883258734e-09,8.628856506184247e-09,8.367513450738918e-09,8.095686596520784e-09,7.818474541934197e-09,7.540596817752787e-09,7.265353335482795e-09,6.994380199851169e-09,6.728085077488705e-09,6.466430529909684e-09,6.209704089036758e-09,5.959022422625232e-09,5.716478265980042e-09,5.484977651508864e-09,5.267892044691747e-09,5.068662745979326e-09,4.8904635639773365e-09,4.7359786287858555e-09,4.607306156112915e-09,4.505967002981727e-09,4.4329811614624466e-09,4.388972751857579e-09,4.374269607078436e-09
2026-05-22 13:36:20.912067,[91.17099641],3.8240479285295837e-07,3.82981712851413e-07,3.847303415444798e-07,3.8772704502112454e-07,3.9217677064962826e-07,3.9853424772862696e-07,4.0767720046729973e-07,4.211215667442814e-07,4.412476841748243e-07,4.71475856332441e-07,5.162954295549305e-07,5.81026595347678e-07,6.71198979892072e-07,7.914887662847714e-07,9.442815149669306e-07,1.1281118947850856e-06,1.336426589009903e-06,1.5572346920299224e-06,1.7741453578033563e-06,1.968973163294234e-06,2.125543472626251e-06,2.2337188720646813e-06,2.29227477908521e-06,2.309361217204764e-06,2.300013996479241e-06,2.28133265023285e-06,2.2670366320034715e-06,2.263561727954626e-06,2.269312739076423e-06,2.277290317247993e-06,2.2797078519754272e-06,2.2722494714460188e-06,2.2558464906941866e-06,2.235180999459735e-06,2.214853187609289e-06,2.1953424976763756e-06,2.1709369241741283e-06,2.1307388828343507e-06,2.062309279974511e-06,1.956304180107346e-06,1.8101395586413083e-06,1.6293171885737023e-06,1.4261394201314064e-06,1.2165604002596303e-06,1.0164506765149149e-06,8.384891157445298e-07,6.904156282222813e-07,5.74776105422777e-07,4.89820863707045e-07,4.310007420218742e-07,3.925273740257383e-07,3.686327976800995e-07,3.543709520835862e-07,3.4597239066263404e-07,3.4086079962977565e-07,3.3746894056292733e-07,3.3497460510183926e-07,3.330394231440421e-07,3.315942133323442e-07,3.3068455907448206e-07,3.303726204334746e-07
2026-05-22 13:36:20.965203,[69.21063121],4.866122135087138e-09,4.8860052560042864e-09,4.946103773387938e-09,5.047795223711131e-09,5.193471827248439e-09,5.3866671233669e-09,5.6321835452761686e-09,5.936142559992686e-09,6.305827937507358e-09,6.7491454890862425e-09,7.2735116864663096e-09,7.884056045098803e-09,8.581225675812698e-09,9.358232565117643e-09,1.0199229205380718e-08,1.107946985570897e-08,1.1968739260078145e-08,1.2838708808894e-08,1.3673460994639462e-08,1.4480422657522579e-08,1.5297087512863434e-08,1.6188308912973875e-08,1.7230669444743176e-08,1.8484787437132073e-08,1.996233300693013e-08,2.1599534023623896e-08,2.3250076093468098e-08,2.4705636716177497e-08,2.5742520392127335e-08,2.6181615818269454e-08,2.5941424413577548e-08,2.5064422177587115e-08,2.3706175453934532e-08,2.2090769447049542e-08,2.0448884546990818e-08,1.896051597093672e-08,1.772069510810531e-08,1.6735981909452915e-08,1.5947294404116516e-08,1.5266191559653942e-08,1.4609839343637091e-08,1.3923952855087998e-08,1.3189983869164817e-08,1.2419210181853723e-08,1.1639893190129774e-08,1.0883875092718107e-08,1.0176915663433964e-08,9.534283586599792e-09,8.960882863993246e-09,8.454081161308837e-09,8.007342074396406e-09,7.613326871030327e-09,7.265863263356502e-09,6.9607667052528735e-09,6.6958234277730515e-09,6.470327535237123e-09,6.284496671719545e-09,6.138965087580919e-09,6.0344338143000956e-09,5.97147527675699e-09,5.9504487573695244e-09
2026-05-22 13:36:21.124321,[93.34903428],6.14016701338327e-07,6.149456839247996e-07,6.177661382897351e-07,6.226150571071415e-07,6.298450790724895e-07,6.402179491689971e-07,6.551798961308307e-07,6.772017006558823e-07,7.101322236374489e-07,7.594651766714152e-07,8.323645241019637e-07,9.372554727968511e-07,1.0827984958391466e-06,1.2761601413620393e-06,1.5206995762931825e-06,1.81348757048768e-06,2.1433860962997083e-06,2.4905983825750204e-06,2.82848097140792e-06,3.127877911900832e-06,3.363340846565818e-06,3.519612949811427e-06,3.596139077686778e-06,3.6075756797419233e-06,3.5794878923600524e-06,3.5403140239039217e-06,3.5124442875304115e-06,3.5059517404592857e-06,3.517570239033651e-06,3.5351958185634975e-06,3.5455713078926217e-06,3.5412741767506726e-06,3.5235519287115895e-06,3.499769649577495e-06,3.477070570326911e-06,3.4557769090235865e-06,3.426085140112604e-06,3.369826317469104e-06,3.266517136798007e-06,3.100967517747739e-06,2.8692220765304087e-06,2.5806234968714207e-06,2.2555944238809395e-06,1.9204003116805645e-06,1.6010042788909758e-06,1.3180001048793526e-06,1.0838069151949373e-06,9.023175007324621e-07,7.704258867251262e-07,6.80512735192206e-07,6.23012860217167e-07,5.884718037347988e-07,5.688409500563213e-07,5.580369280352745e-07,5.519484358278519e-07,5.481187694372021e-07,5.45302392545712e-07,5.430307193725606e-07,5.412575179517183e-07,5.401050780229646e-07,5.397035221538532e-07
2026-05-22 13:36:21.176866,[66.37281378],3.1631932388123854e-09,3.178893596433935e-09,3.2262243215634597e-09,3.3058329700284303e-09,3.418660201629661e-09,3.5657311430540476e-09,3.747866508814455e-09,3.965326868706104e-09,4.217419506402211e-09,4.502117815014054e-09,4.815763210146729e-09,5.15293123538807e-09,5.506537922027503e-09,5.868233455211918e-09,6.229079740204523e-09,6.5804501329821084e-09,6.9150466010280426e-09,7.2279241401727784e-09,7.517448226629167e-09,7.786158969914209e-09,8.041515335318383e-09,8.296385342793184e-09,8.568931120460334e-09,8.881313272359774e-09,9.256607300077972e-09,9.71369077828307e-09,1.0260676646230907e-08,1.0888505445616745e-08,1.1567066415692253e-08,1.2246134296761565e-08,1.2862207275719603e-08,1.3350284074800355e-08,1.3657536354967495e-08,1.3754712901569495e-08,1.3641603307711917e-08,1.334489562230529e-08,1.290944515518415e-08,1.2386165579945971e-08,1.182056384573596e-08,1.1245166302675608e-08,1.06772450353326e-08,1.012125025318621e-08,9.57399006844948e-09,9.03024146685919e-09,8.486999983887652e-09,7.945543166722496e-09,7.411416576077667e-09,6.893038918471866e-09,6.399786342680935e-09,5.940256490193561e-09,5.521105702787976e-09,5.146553065170742e-09,4.8184407663547235e-09,4.536650924586223e-09,4.2996793942517805e-09,4.105216421176673e-09,3.9506464737097326e-09,3.833432914246047e-09,3.75138862454671e-09,3.702851574280336e-09,3.6867891117597815e-09
2026-05-22 13:36:21.331387,[72.42777068],1.0028746530129495e-08,1.0055126094512999e-08,1.0134478823908548e-08,1.0267535505670367e-08,1.0455811206571646e-08,1.0702046739531053e-08,1.101078655079421e-08,1.138898715615191e-08,1.184645243893521e-08,1.239579781987851e-08,1.3051621693777461e-08,1.3828704060718653e-08,1.473944580024122e-08,1.579141668171339e-08,1.6986635984962887e-08,1.8324673112734843e-08,1.9811243780909333e-08,2.1472147885282572e-08,2.3369066590066776e-08,2.560974797253837e-08,2.8342399463043198e-08,3.1725227449953785e-08,3.586891896253358e-08,4.076200070064987e-08,4.620252204987903e-08,5.17676152827997e-08,5.684840140883547e-08,6.075882125990374e-08,6.28980317581829e-08,6.291877065978596e-08,6.084244607646233e-08,5.707423401116841e-08,5.230565522009152e-08,4.733416778040887e-08,4.286053481684157e-08,3.933105497901769e-08,3.687109132587946e-08,3.531929784798404e-08,3.433571491938304e-08,3.3536271094866076e-08,3.260688547932017e-08,3.1367820761704465e-08,2.9782603674262037e-08,2.7925139078975077e-08,2.5927642213905873e-08,2.3930578030685614e-08,2.2047873476320212e-08,2.0351303457303465e-08,1.887088474622676e-08,1.7604815105174872e-08,1.653251079114861e-08,1.562621305319563e-08,1.4859015412290652e-08,1.4209067881606291e-08,1.3660794404205067e-08,1.3204295194935994e-08,1.2833966392862345e-08,1.2547032594714442e-08,1.2342346712750703e-08,1.2219560510122482e-08,1.217862864806515e-08
2026-05-22 13:36:21.381814,[65.26737448],3.5542498520276986e-09,3.572903513972832e-09,3.6289589882955337e-09,3.722649250409648e-09,3.854194282715955e-09,4.023549678033976e-09,4.2300607131328314e-09,4.472036667554154e-09,4.746275846282986e-09,5.0475938214146865e-09,5.368434114870178e-09,5.698667695740629e-09,6.025708084526236e-09,6.335072403230159e-09,6.611493195227964e-09,6.840619326312367e-09,7.011229281068224e-09,7.117719909388243e-09,7.162449579218742e-09,7.157352308786522e-09,7.1241676426055805e-09,7.092727987134438e-09,7.097067624007907e-09,7.169658670345761e-09,7.334731945260619e-09,7.602195913851641e-09,7.963867849709778e-09,8.393382850523273e-09,8.850237459385668e-09,9.28719525123491e-09,9.659171046759186e-09,9.931182007670778e-09,1.0083269943189376e-08,1.011136644844928e-08,1.0024460158096612e-08,9.839562285704756e-09,9.576416730920625e-09,9.253564781573695e-09,8.886507205842921e-09,8.487756584422958e-09,8.067943528633165e-09,7.6370127741443e-09,7.2048413128516245e-09,6.781090628768025e-09,6.3745160647140265e-09,5.992148824329628e-09,5.638728443923307e-09,5.316583434958287e-09,5.025952061616111e-09,4.765591183194434e-09,4.533471580041422e-09,4.3273887103411336e-09,4.145390266582885e-09,3.985997926682716e-09,3.8482557485246866e-09,3.731663738263276e-09,3.636056461168718e-09,3.5614729614001e-09,3.5080456059087008e-09,3.475918794763594e-09,3.465197283009549e-09
2026-05-22 13:36:21.527879,[67.12450098],5.2874462819307355e-09,5.3144388242873675e-09,5.39579112301791e-09,5.532563249254184e-09,5.7263027341303985e-09,5.978695992802725e-09,6.291047422480681e-09,6.663569886211286e-09,7.094492502479399e-09,7.579037624177144e-09,8.108393637886786e-09,8.66891207239343e-09,9.241871215075826e-09,9.804238007254714e-09,1.0330865655920497e-08,1.079841040080616e-08,1.1190870900998635e-08,1.1506035607230125e-08,1.1761362759171298e-08,1.199715254063849e-08,1.2274660253823651e-08,1.2667411400841065e-08,1.3245597883063431e-08,1.405584919791318e-08,1.510118062995797e-08,1.6327461248640158e-08,1.7622304131899472e-08,1.882943887507247e-08,1.9776965246237058e-08,2.03129748905485e-08,2.0338855611968828e-08,1.9830664560830744e-08,1.8842495085053695e-08,1.749148964237769e-08,1.5929828298377165e-08,1.431248383380508e-08,1.2769672104593327e-08,1.1390099376963986e-08,1.0216812681353517e-08,9.253506459497599e-09,8.476829763139671e-09,7.84993648374859e-09,7.333743746501792e-09,6.894217201061658e-09,6.505663543492455e-09,6.1510217567571345e-09,5.820450393119647e-09,5.509317843037247e-09,5.21630072007331e-09,4.9419056028625505e-09,4.6874620881441536e-09,4.454504490781319e-09,4.244427608937596e-09,4.058319804357129e-09,3.896907491416873e-09,3.7605703306807246e-09,3.649401265034078e-09,3.5632923596158666e-09,3.5020302372464088e-09,3.46538675807665e-09,3.45319289392816e-09
2026-05-22 13:36:21.718254,[90.38507293],3.299957604691549e-07,3.305486921154592e-07,3.322339328117285e-07,3.3515023047230586e-07,3.3952791845388646e-07,3.4582983486114547e-07,3.548922082270603e-07,3.6809378650190083e-07,3.8752341011327504e-07,4.1609129167315936e-07,4.575031224390747e-07,5.160004128652012e-07,5.95782212512056e-07,7.000803817895159e-07,8.29971972945097e-07,9.831653486869935e-07,1.1531464934999712e-06,1.329142865222502e-06,1.4972702931569024e-06,1.6429266496933333e-06,1.7540253917287591e-06,1.8241790640758496e-06,1.854686964580698e-06,1.8543705978276509e-06,1.8369903145956719e-06,1.816959789012507e-06,1.804915544047591e-06,1.8049243883856169e-06,1.8144909790513545e-06,1.8272660238418867e-06,1.837054769293505e-06,1.8410831372632917e-06,1.8408820718409418e-06,1.8404177476525469e-06,1.842552017783746e-06,1.8457791091707128e-06,1.8430097129505972e-06,1.8231039971917328e-06,1.7745006907013694e-06,1.6893527615164296e-06,1.566468965379958e-06,1.412015520583576e-06,1.2379352282621172e-06,1.0588913398656318e-06,8.889152990056832e-07,7.387915453030291e-07,6.147373490465665e-07,5.183998873913544e-07,4.47806885830779e-07,3.987562107952866e-07,3.6618366679572003e-07,3.452156399043221e-07,3.317992606029881e-07,3.2294447342180656e-07,3.1668719353375754e-07,3.1189835168817624e-07,3.080419932766056e-07,3.0494932405514113e-07,3.0264079938704403e-07,3.012031024719295e-07,3.007139264218229e-07
2026-05-22 13:36:21.913607,[91.3301153],4.354305323080737e-07,4.362125864534885e-07,4.3858583078908666e-07,4.4265588992201573e-07,4.486816214430925e-07,4.57202998349261e-07,4.692210633955006e-07,4.864162500233256e-07,5.113682257861408e-07,5.47707965189911e-07,6.000980183511117e-07,6.739147677293235e-07,7.745190256072812e-07,9.06072427826882e-07,1.0699998495600905e-06,1.2633978686830827e-06,1.4778892921505137e-06,1.6995256070505516e-06,1.9102313343773624e-06,2.0908997037641085e-06,2.225634428013927e-06,2.305986771555845e-06,2.333674570956169e-06,2.3204858355866157e-06,2.284953411619989e-06,2.246685008379037e-06,2.2203786090295112e-06,2.211913764112026e-06,2.2181493517917937e-06,2.2304126844737033e-06,2.2399065391265425e-06,2.2423216691956763e-06,2.2393759167687167e-06,2.2366208311901735e-06,2.2388061212016334e-06,2.2453276529729718e-06,2.2481767737299855e-06,2.233484544313188e-06,2.1859786075667115e-06,2.0943693487278914e-06,1.955429523690358e-06,1.7752997017902295e-06,1.5678269081487354e-06,1.3508748109667375e-06,1.142085678043603e-06,9.554458194620133e-07,7.994298489996694e-07,6.768160298903607e-07,5.857535113350466e-07,5.21444328093995e-07,4.778506222527203e-07,4.49039005545181e-07,4.300080612895342e-07,4.170284050356616e-07,4.0762519740235346e-07,4.0035786457964127e-07,3.9452772377431885e-07,3.8989986619997183e-07,3.86481928751532e-07,3.8437009180349324e-07,3.836544755185945e-07
2026-05-22 13:36:21.963988,[71.0391924],6.174391202964929e-09,6.186001135463033e-09,6.220521781261682e-09,6.2770602472903126e-09,6.354248596410526e-09,6.45043810377593e-09,6.563986556398756e-09,6.6936270127364635e-09,6.838872240851487e-09,7.000368497184179e-09,7.180086437511222e-09,7.381258405810088e-09,7.608074597038164e-09,7.865349646175285e-09,8.158627639865211e-09,8.495389194266349e-09,8.887964967551905e-09,9.358239910575197e-09,9.943167998576779e-09,1.0698711552130035e-08,1.1698660073355566e-08,1.3024742184264105e-08,1.4746302621372202e-08,1.6891701902923927e-08,1.9418511897823468e-08,2.2193419364933078e-08,2.4993047342554486e-08,2.7532162078969395e-08,2.9516656429718275e-08,3.07084975695196e-08,3.09830709285496e-08,3.035975409261652e-08,2.8994808681002427e-08,2.7138727331123895e-08,2.507250673941335e-08,2.3043695973679004e-08,2.122113240866832e-08,1.9678559899002828e-08,1.8406180198101002e-08,1.7340402440167127e-08,1.639856976108701e-08,1.5507385011144037e-08,1.4619014202806182e-08,1.3714544258870561e-08,1.2798415497712803e-08,1.1888827659721728e-08,1.1008372986382021e-08,1.0177349518136105e-08,9.410387810403266e-09,8.715799747425284e-09,8.096567785387462e-09,7.551957707058635e-09,7.079072515790138e-09,6.674031210114076e-09,6.332723943427315e-09,6.051233349891393e-09,5.826047639862464e-09,5.6541695998468665e-09,5.533185334746759e-09,5.461320385321177e-09,5.437487550047786e-09
2026-05-22 13:36:22.116635,[93.04056788],6.8714513006924e-07,6.885073456575415e-07,6.926444030496053e-07,6.997449608320219e-07,7.102504422299148e-07,7.250505850556184e-07,7.457574090505341e-07,7.750351612787846e-07,8.169277871238225e-07,8.770754237628611e-07,9.626585072070636e-07,1.081875642776939e-06,1.2427838579416738e-06,1.4514437424373844e-06,1.7095364916445375e-06,2.0119304018525435e-06,2.3449805647954967e-06,2.6864934345248323e-06,3.0081053576178088e-06,3.280211515813395e-06,3.478618807667223e-06,3.591100047119745e-06,3.621488712615671e-06,3.5893270468664035e-06,3.5244893284341676e-06,3.4582321608761467e-06,3.4138809442609217e-06,3.4008651373578443e-06,3.4145672082084514e-06,3.4418517368598213e-06,3.4694226350308682e-06,3.4907688301356984e-06,3.508231395483493e-06,3.529317535416382e-06,3.55942400816782e-06,3.5949817477696085e-06,3.620747062600675e-06,3.612796339773352e-06,3.545970571523016e-06,3.4025237087643973e-06,3.1784282304443404e-06,2.8850946613946137e-06,2.546324759079147e-06,2.1921028106311467e-06,1.851645301768647e-06,1.5478713352210304e-06,1.294498407438691e-06,1.0958622453742754e-06,9.487465295785632e-07,8.451748010121581e-07,7.752094572961311e-07,7.291375862289868e-07,6.98804736802591e-07,6.781531076346909e-07,6.631802138292412e-07,6.515714110940092e-07,6.422186624175849e-07,6.347650543060195e-07,6.292434062751113e-07,6.258250488466538e-07,6.246656041149479e-07
2026-05-22 13:36:22.161930,[78.76675245],9.486225365878547e-09,9.494526547676146e-09,9.518642647351242e-09,9.55616769306622e-09,9.602976816777664e-09,9.653161877416557e-09,9.699158473372089e-09,9.732273711086957e-09,9.743847199296738e-09,9.727233663766573e-09,9.680639839128568e-09,9.610545483547743e-09,9.53499242084391e-09,9.48551766033147e-09,9.506123988714048e-09,9.647707585716228e-09,9.957098903212718e-09,1.046148119043814e-08,1.1151247657409557e-08,1.1966669468966016e-08,1.2794959741019399e-08,1.3483242294533772e-08,1.386893479887425e-08,1.3822719126822654e-08,1.3292663660304526e-08,1.2334219617376673e-08,1.11124303857832e-08,9.87051798282527e-09,8.870865427879847e-09,8.325640296246523e-09,8.339744524913567e-09,8.885402117827442e-09,9.816431138393851e-09,1.0915779677472587e-08,1.1958462510714405e-08,1.2768283770864212e-08,1.3251574818908406e-08,1.3401621888739784e-08,1.3278469423242214e-08,1.2975915386283762e-08,1.2588819149651585e-08,1.2190218185043311e-08,1.1821863920673132e-08,1.1496460862346186e-08,1.1206870903736419e-08,1.0937118732371793e-08,1.0671422422351235e-08,1.0399519098757091e-08,1.0118318533731402e-08,9.830941165643887e-09,9.544472583428056e-09,9.267539139656793e-09,9.008376076552968e-09,8.77364301720069e-09,8.56795190700348e-09,8.393927212997083e-09,8.252584255519965e-09,8.14384152223357e-09,8.067036565928064e-09,8.02136732163446e-09,8.006219842467624e-09
2026-05-22 13:36:22.212935,[65.67194903],2.7876528379616187e-09,2.8011918956114194e-09,2.8420132490785005e-09,2.910703915606824e-09,3.0081552501612827e-09,3.1354262140071653e-09,3.2935414571563856e-09,3.483218494836817e-09,3.704523865774432e-09,3.956469473759183e-09,4.236577982164026e-09,4.540469234894338e-09,4.861544706175773e-09,5.1908670975553535e-09,5.517337480528586e-09,5.828251808775214e-09,6.110264220576441e-09,6.350697093516313e-09,6.539032020728267e-09,6.668321715041788e-09,6.7362194963612445e-09,6.7453644614136405e-09,6.7029963520463185e-09,6.619875099003763e-09,6.508778112507349e-09,6.382959857015997e-09,6.2549231218616705e-09,6.135671831813055e-09,6.034368143270793e-09,5.958125253507596e-09,5.911639562800143e-09,5.8965297410444576e-09,5.910528046044258e-09,5.9469104849269005e-09,5.994613727661631e-09,6.039313165776863e-09,6.065395939511192e-09,6.058411184846239e-09,6.007378868190995e-09,5.9063735913448445e-09,5.755043273147697e-09,5.5580594291751374e-09,5.323787462415896e-09,5.062615287398877e-09,4.785364695082562e-09,4.5020766089562724e-09,4.2212847121858105e-09,3.9497406378219995e-09,3.6924658682846567e-09,3.4529841265271192e-09,3.233613628151921e-09,3.035744080566129e-09,2.860066750700916e-09,2.706755611648215e-09,2.5756115002689756e-09,2.4661832097996356e-09,2.3778751494328856e-09,2.3100453631956236e-09,2.262093074244318e-09,2.233532429538997e-09,2.224048526860103e-09
2026-05-22 13:36:22.367157,[73.94553325],1.1698216264734023e-08,1.173112631571565e-08,1.1829907127920612e-08,1.1994687424890646e-08,1.222560262610051e-08,1.2522667868785096e-08,1.2885575114102527e-08,1.3313373972075665e-08,1.3803976195666212e-08,1.4353424661751798e-08,1.4954923947011518e-08,1.5597784951536698e-08,1.626672204495032e-08,1.694233863405696e-08,1.7604026557568164e-08,1.8236633992577764e-08,1.8841768273052416e-08,1.9453165943221097e-08,2.0153130920765673e-08,2.1084122077893717e-08,2.2447376432860488e-08,2.448067626102034e-08,2.7411468532845124e-08,3.138970723244625e-08,3.641505838335583e-08,4.228141348844587e-08,4.8563180114425946e-08,5.465942750806042e-08,5.989457561160745e-08,6.365361789909026e-08,6.551446104277268e-08,6.53373865376549e-08,6.328428834705603e-08,5.976370617280642e-08,5.532218277403687e-08,5.051811282841098e-08,4.5815409424670885e-08,4.152215001726176e-08,3.778055589604114e-08,3.4597578344367896e-08,3.189602069721612e-08,2.956601790029053e-08,2.750325737366104e-08,2.5629126368240312e-08,2.389513437613932e-08,2.227757634513701e-08,2.0768609536438367e-08,1.936806355710584e-08,1.807793096773394e-08,1.689964572867817e-08,1.583332175724814e-08,1.4877961309163899e-08,1.4031907827455875e-08,1.329318822661792e-08,1.26596746146811e-08,1.2129137895570075e-08,1.169929150707576e-08,1.1367887222070473e-08,1.1132873927008654e-08,1.0992591783839639e-08,1.0945956769896724e-08
2026-05-22 13:36:22.421800,[66.9732126],4.233633025371899e-09,4.2521700151519076e-09,4.308003475047382e-09,4.401763417435656e-09,4.534375173345635e-09,4.7068741328993536e-09,4.92015391797358e-09,5.174663991059858e-09,5.470086947794233e-09,5.805042454566691e-09,6.176878812749435e-09,6.5816166635504485e-09,7.014093961586796e-09,7.468322083833433e-09,7.938003780450275e-09,8.417101777868618e-09,8.900311520428015e-09,9.383314174291555e-09,9.86278106425414e-09,1.0336244895999016e-08,1.080207725288006e-08,1.1259820448173345e-08,1.1710944237684956e-08,1.2159752405770223e-08,1.2613793972869072e-08,1.308297228068186e-08,1.3576801113497254e-08,1.4099964683035789e-08,1.4647267762321392e-08,1.519977375461549e-08,1.5723980424455022e-08,1.6175094220308175e-08,1.6504069081220718e-08,1.6666653459276515e-08,1.663188184219437e-08,1.6387622201182792e-08,1.5941851419767407e-08,1.531978114477227e-08,1.4558176181686443e-08,1.3698761550223185e-08,1.2782425289166645e-08,1.1845236760854207e-08,1.0916497621719235e-08,1.0018442853584488e-08,9.166949481972863e-09,8.372649914605989e-09,7.642047635498086e-09,6.978454839441329e-09,6.382728893135637e-09,5.853856297463346e-09,5.389440730082459e-09,4.986130349942802e-09,4.639995836115453e-09,4.346857114240436e-09,4.102554218320076e-09,3.903161595278861e-09,3.745150357614086e-09,3.6255065182246984e-09,3.5418142962618413e-09,3.4923127056426046e-09,3.4759317783928485e-09
2026-05-22 13:36:22.566834,[68.49751349],3.7652223200439e-09,3.7769712153907495e-09,3.812269208160947e-09,3.87125928969075e-09,3.954143379154629e-09,4.06112700621203e-09,4.192337747476305e-09,4.3477082353356486e-09,4.526808364107258e-09,4.728609943742409e-09,4.951180599299285e-09,5.191345544462245e-09,5.444436845961146e-09,5.704366894301832e-09,5.964383793654049e-09,6.218918454688932e-09,6.466808772234479e-09,6.715781001797318e-09,6.987355052692644e-09,7.320457762202303e-09,7.771332063142743e-09,8.407335068150499e-09,9.293388123722128e-09,1.0472267596579051e-08,1.1943044851952778e-08,1.3644566983682241e-08,1.5451418723125885e-08,1.7187308754417606e-08,1.86555095356287e-08,1.9679584103568093e-08,2.0142845510727192e-08,2.0014214848095022e-08,1.935216786063717e-08,1.8285876328415802e-08,1.698039693021982e-08,1.5597606115575414e-08,1.4264710439487539e-08,1.305797985661733e-08,1.200308456727308e-08,1.1087853271280573e-08,1.0280402007684563e-08,9.545865029848048e-09,8.857462429185857e-09,8.200802475400908e-09,7.572788094298222e-09,6.977631281750783e-09,6.422364245609349e-09,5.913393585338623e-09,5.4546581545302086e-09,5.047217160383716e-09,4.689747075830893e-09,4.379402424771797e-09,4.112650997229743e-09,3.885891668348895e-09,3.695819058626981e-09,3.5395860468058555e-09,3.4148417427835646e-09,3.319712554137056e-09,3.2527699914648164e-09,3.213005611653813e-09,3.1998175734428576e-09
2026-05-22 13:36:22.763937,[90.41836251],3.96793378179969e-07,3.9765412880937244e-07,4.002683665091086e-07,4.0475293582754116e-07,4.1137314776051673e-07,4.206503676552313e-07,4.3351047383749974e-07,4.5145831783591853e-07,4.767428044450229e-07,5.124496472934291e-07,5.624311695578007e-07,6.309683754977332e-07,7.220793119115408e-07,8.384589106099036e-07,9.8016717187686e-07,1.143356676829496e-06,1.3194916235842584e-06,1.495569817232121e-06,1.6557222539354965e-06,1.7841865606052147e-06,1.8690925948719409e-06,1.905957260570835e-06,1.8995458841833697e-06,1.863063379640856e-06,1.8145254568606951e-06,1.7713479424150846e-06,1.7451399883528598e-06,1.7388386948057786e-06,1.7474416074354942e-06,1.7619822807117636e-06,1.7748207256169784e-06,1.7836334843655005e-06,1.7921195907941208e-06,1.8071096878645948e-06,1.8336059467248125e-06,1.87031634309476e-06,1.90795792563283e-06,1.9312016785539835e-06,1.9233989602299785e-06,1.8720451259036045e-06,1.7727982781459661e-06,1.6306950692723494e-06,1.4584644215376481e-06,1.2729100861540985e-06,1.09081161585112e-06,9.256311837637411e-07,7.857416917695186e-07,6.742389366804518e-07,5.899252181737843e-07,5.288590745533063e-07,4.859211471643906e-07,4.5604041021010033e-07,4.3494426121508247e-07,4.194643966097096e-07,4.0752038660247734e-07,3.9792310088787473e-07,3.901162763265362e-07,3.839331442119023e-07,3.7940509638055473e-07,3.766303492286158e-07,3.7569456263324594e-07
2026-05-22 13:36:22.814872,[65.09324406],2.647614209410177e-09,2.658139733682294e-09,2.689692278381965e-09,2.7421676564567563e-09,2.8152869836870615e-09,2.908446015127616e-09,3.0205220066540795e-09,3.149663018886601e-09,3.2930995980147707e-09,3.4470353019355094e-09,3.6066856609471625e-09,3.766537202268486e-09,3.920879913258074e-09,4.064620164605088e-09,4.194304934837601e-09,4.309191757449447e-09,4.412106372769119e-09,4.509778572508484e-09,4.612376210961758e-09,4.732093906105873e-09,4.8808895367812604e-09,5.067746391874815e-09,5.296080869886275e-09,5.5620127727804634e-09,5.854096571004455e-09,6.154777162362486e-09,6.443367063125228e-09,6.6998898387042996e-09,6.908850765731433e-09,7.061980946971538e-09,7.159264295929769e-09,7.208015307119408e-09,7.220289965113892e-09,7.20933596648382e-09,7.186010651484059e-09,7.156065208621718e-09,7.118929165856741e-09,7.0682084353098285e-09,6.993653515906172e-09,6.883991676654399e-09,6.729847610366171e-09,6.526036863688853e-09,6.272765551553095e-09,5.975611177012423e-09,5.644478035915723e-09,5.291927611730975e-09,4.9313432097541624e-09,4.575317009044962e-09,4.234500212312773e-09,3.9169945141583885e-09,3.628232747803981e-09,3.3712207038095064e-09,3.1469901502737787e-09,2.9551301584532415e-09,2.794300750906755e-09,2.6626733293966673e-09,2.558276118828412e-09,2.4792458842009814e-09,2.4239996554104736e-09,2.3913445197496464e-09,2.3805425979865792e-09
2026-05-22 13:36:22.960503,[91.41740794],5.137204098709237e-07,5.149411504002157e-07,5.186423895338716e-07,5.249660717475505e-07,5.342328891750149e-07,5.470705703053745e-07,5.645909458922853e-07,5.885979900317168e-07,6.217843943572938e-07,6.678410941836727e-07,7.313708318755485e-07,8.174797278110342e-07,9.309432614125018e-07,1.0749284789941959e-06,1.249412532387664e-06,1.4496473119172448e-06,1.6652145608369361e-06,1.8802884131026498e-06,2.0755594339936486e-06,2.231820509425098e-06,2.334543887373038e-06,2.37812536281162e-06,2.3681781563131896e-06,2.320619817218978e-06,2.2573555951353785e-06,2.1997873145218553e-06,2.162520259276367e-06,2.149834176672564e-06,2.1564408298138093e-06,2.1721279994958005e-06,2.188005863280286e-06,2.2012423448701354e-06,2.215919408137954e-06,2.239631579215571e-06,2.2776422334781906e-06,2.3276479655921283e-06,2.3778539928177033e-06,2.409387232953993e-06,2.4020047739012235e-06,2.3406451743596106e-06,2.2202136629826698e-06,2.046985971932824e-06,1.8365267752945e-06,1.609299636389715e-06,1.3857145455461324e-06,1.1821591019317344e-06,1.0088688148248237e-06,8.69706676286741e-07,7.63351653258695e-07,6.85165908634204e-07,6.290788926281056e-07,5.890612609605664e-07,5.600257514621417e-07,5.381945864858109e-07,5.210807186323632e-07,5.072540162739827e-07,4.96034337715237e-07,4.872034274509838e-07,4.80779470482774e-07,4.768633105750285e-07,4.7554623159558225e-07
2026-05-22 13:36:23.023969,[65.24748371],3.0095209634775313e-09,3.021807252757531e-09,3.0586876504576637e-09,3.120189615842435e-09,3.206237398390635e-09,3.3164788027769133e-09,3.450064583177722e-09,3.6054101185579533e-09,3.779985174448221e-09,3.970193415751786e-09,4.171412426600751e-09,4.378258709781025e-09,4.585112302321501e-09,4.786878871304315e-09,4.979889886826507e-09,5.162763100061863e-09,5.3369962671108684e-09,5.507078111063398e-09,5.679988410321428e-09,5.864110446887679e-09,6.06774654838732e-09,6.297545214650826e-09,6.557164348865275e-09,6.8464048144090815e-09,7.16090498375012e-09,7.492372561734044e-09,7.829299894395621e-09,8.15814368296866e-09,8.464959522806788e-09,8.737372870259881e-09,8.966535307722238e-09,9.14848226352691e-09,9.284272397058349e-09,9.378584287090529e-09,9.43702198832525e-09,9.462987613541542e-09,9.455292761479653e-09,9.407496297488938e-09,9.309320690037508e-09,9.149696282284207e-09,8.920377724419255e-09,8.618921929143925e-09,8.250135451547298e-09,7.825702127540159e-09,7.3623097978567894e-09,6.878981046008784e-09,6.394388992363989e-09,5.924757677339347e-09,5.4826396412328685e-09,5.076566940737601e-09,4.711373270979854e-09,4.388908078162997e-09,4.108884651622861e-09,3.869678566452297e-09,3.6689785759272027e-09,3.5042621568803973e-09,3.3731120150895627e-09,3.2734095471408502e-09,3.2034438267076815e-09,3.161968206217542e-09,3.1482272727877534e-09
2026-05-22 13:36:23.133026,[93.51521606],8.299232385340187e-07,8.319399778603413e-07,8.380605125024025e-07,8.485353136916748e-07,8.63915171588146e-07,8.852537682271687e-07,9.143856014160613e-07,9.542492387452683e-07,1.0091862830868329e-06,1.0850936909160591e-06,1.1892548291132133e-06,1.3296495001560274e-06,1.5135826203380844e-06,1.74561251327578e-06,2.025017609105749e-06,2.343378204937538e-06,2.68315870464413e-06,3.018281477456371e-06,3.317404045936949e-06,3.5498611637184922e-06,3.6931382700035694e-06,3.73969054928806e-06,3.7004704902655807e-06,3.603150315592793e-06,3.4847856128513913e-06,3.3810047129361692e-06,3.315659365920409e-06,3.2951479709109396e-06,3.309867291557175e-06,3.3420675738824276e-06,3.376294787829322e-06,3.4072676624782096e-06,3.4412968850213385e-06,3.4906498547260193e-06,3.563879877327869e-06,3.6571607818958714e-06,3.751081760723684e-06,3.8145888283508533e-06,3.814353211675758e-06,3.7255306011231396e-06,3.5396225218336505e-06,3.266786992704312e-06,2.932428810335215e-06,2.570002150455664e-06,2.212890838523302e-06,1.8879020351460253e-06,1.6117755111071524e-06,1.3908226800775058e-06,1.2228744850824803e-06,1.1003409380417536e-06,1.0132975213985926e-06,9.518987366755484e-07,9.078520854044629e-07,8.750174855617121e-07,8.493736601379848e-07,8.286319878375157e-07,8.117305536463701e-07,7.983591942535841e-07,7.885875202800214e-07,7.826108060885899e-07,7.805972981750132e-07
2026-05-22 13:36:23.184190,[70.78929323],8.654960171549547e-09,8.679527391392094e-09,8.75311163954252e-09,8.87538979792082e-09,9.045929049324991e-09,9.264371909134721e-09,9.530734315799103e-09,9.845824080778041e-09,1.0211747993968073e-08,1.0632419749094869e-08,1.111392817081281e-08,1.1664615849155167e-08,1.2294805284464348e-08,1.3016335479717935e-08,1.3842424489070246e-08,1.4788734031056121e-08,1.587662871061654e-08,1.7139156701244474e-08,1.8628968762390524e-08,2.0425310984725143e-08,2.2635024932510676e-08,2.538142237719122e-08,2.8776442279938458e-08,3.287651253916069e-08,3.763034610611213e-08,4.283480457487813e-08,4.8118873751523694e-08,5.297205982102126e-08,5.6821237195327177e-08,5.914249405105577e-08,5.957874327002167e-08,5.8027335765345644e-08,5.466885743033291e-08,4.992694589745449e-08,4.437194314879736e-08,3.859896634053229e-08,3.3116535463982274e-08,2.82740504731965e-08,2.423985785818042e-08,2.1024091309876577e-08,1.852866861916818e-08,1.660377582931804e-08,1.509466090317802e-08,1.3870778188949619e-08,1.283719763527787e-08,1.1933139175880454e-08,1.1123952008233043e-08,1.0391761976601286e-08,9.727827460115304e-09,9.127591567404572e-09,8.588108864082717e-09,8.107016040646153e-09,7.682256289415496e-09,7.312043286508799e-09,6.994834347273047e-09,6.729268677474481e-09,6.514105114539435e-09,6.348199290204207e-09,6.230534541767962e-09,6.160293539333584e-09,6.136941949422821e-09
2026-05-22 13:36:23.231568,[67.3249394],4.158834125056571e-09,4.176462626893496e-09,4.2299198158488175e-09,4.320920439758559e-09,4.452315222022993e-09,4.628057823708249e-09,4.8531123684196016e-09,5.1332532227714e-09,5.474696910805406e-09,5.88350411943308e-09,6.364707658936603e-09,6.921170465767712e-09,7.552261830001235e-09,8.252552530246355e-09,9.010842104233239e-09,9.809892945780366e-09,1.0627193755167185e-08,1.1436863869134491e-08,1.2212452932464489e-08,1.2929990761536946e-08,1.3570388823911429e-08,1.4120393246921274e-08,1.4571838393372284e-08,1.4919817586510526e-08,1.516117879356013e-08,1.52949470475584e-08,1.5325515807684192e-08,1.526785039379486e-08,1.5152197547406592e-08,1.502491207443289e-08,1.4942788226314513e-08,1.4960734197063723e-08,1.5115799181841533e-08,1.541291730287218e-08,1.5817955980349857e-08,1.626141726006623e-08,1.6652337516079335e-08,1.689824565252003e-08,1.6925062857094836e-08,1.6691271072767016e-08,1.6193114450729036e-08,1.5460804074971246e-08,1.4548335051346305e-08,1.352075811936773e-08,1.2442479934194514e-08,1.1368893913578492e-08,1.0342087004967046e-08,9.390118181104356e-09,8.528702650869296e-09,7.76404035165089e-09,7.095799229795845e-09,6.519669072876352e-09,6.02926672448537e-09,5.6174165404113624e-09,5.276944738858256e-09,5.001147514447983e-09,4.7840643961458536e-09,4.6206450853202795e-09,4.506859721168199e-09,4.439776287908663e-09,4.417614181145689e-09
2026-05-22 13:36:23.279063,[65.28270062],2.3863346480365712e-09,2.3975319757624553e-09,2.4311963488409187e-09,2.4875193144725347e-09,2.5667345432032584e-09,2.668989495714922e-09,2.7941680544072455e-09,2.941671715749577e-09,3.1101765937766197e-09,3.297397875362413e-09,3.499911201735653e-09,3.713097514384477e-09,3.9312861924483e-09,4.148159571361316e-09,4.3574389001798455e-09,4.553792748303276e-09,4.733804288965903e-09,4.896735954092183e-09,5.044790231236122e-09,5.1826375950325375e-09,5.316191025518111e-09,5.450912138504926e-09,5.590220836592039e-09,5.734686710567852e-09,5.8824769113998616e-09,6.031021702202473e-09,6.179218423539746e-09,6.32904752413255e-09,6.4855244177563474e-09,6.654552379935605e-09,6.83924764714491e-09,7.036198264594145e-09,7.233400952820878e-09,7.411077689594161e-09,7.545415024655128e-09,7.61403905802848e-09,7.601326265541971e-09,7.501770916013728e-09,7.320474498245171e-09,7.07094843775169e-09,6.7713119142414595e-09,6.4402938404279895e-09,6.094193739143586e-09,5.7453544623153925e-09,5.40207062199822e-09,5.069442711392115e-09,4.750571842455372e-09,4.447614312838117e-09,4.162449441848151e-09,3.896936033380105e-09,3.652872235423573e-09,3.4318181128619315e-09,3.234915749499653e-09,3.0627861476815095e-09,2.9155268341104304e-09,2.792795701504727e-09,2.6939487501813087e-09,2.6181975683325892e-09,2.5647594890536104e-09,2.532983141628103e-09,2.5224406278844193e-09
2026-05-22 13:36:23.326531,[94.43430499],1.0576679148233325e-06,1.0602959212562147e-06,1.0682775947147313e-06,1.0819563468970397e-06,1.1020743754331224e-06,1.1300294295046795e-06,1.1682244861358605e-06,1.2204696105533815e-06,1.2923445539940557e-06,1.3913640048793007e-06,1.5267227758979393e-06,1.7083699431364534e-06,1.945216811271742e-06,2.24246997848815e-06,2.5984141757967207e-06,3.0013999553670115e-06,3.4281759839423914e-06,3.8448211626958845e-06,4.21114834257678e-06,4.488468154561417e-06,4.649191774312912e-06,4.685422732858446e-06,4.613157533498902e-06,4.469578608155541e-06,4.303235491299289e-06,4.159926811862219e-06,4.069432978341774e-06,4.038517966324265e-06,4.053265631643166e-06,4.0896623633023e-06,4.127362294402002e-06,4.159915284738483e-06,4.196451826805829e-06,4.2541389404273026e-06,4.345405247774528e-06,4.46651559415833e-06,4.593271664398349e-06,4.686005078122291e-06,4.701623060908738e-06,4.6074889942456235e-06,4.3916104517085265e-06,4.065723126467301e-06,3.6610514333053586e-06,3.2192182899739407e-06,2.781962894497771e-06,2.3828967534916713e-06,2.0430777238168084e-06,1.7705413262327863e-06,1.5627433933366726e-06,1.4103963279563699e-06,1.3013295937741164e-06,1.2234964182988283e-06,1.1667972221928998e-06,1.1238077963540954e-06,1.0897201150730644e-06,1.0618497075052712e-06,1.0390009803527677e-06,1.0208774261902005e-06,1.0076241885888846e-06,9.995190330458796e-07,9.96789059686629e-07
2026-05-22 13:36:23.378174,[73.24650164],2.5595893061007726e-09,2.5617629206025575e-09,2.5682182443267548e-09,2.5787567781170226e-09,2.593047184465654e-09,2.610644858312532e-09,2.6310575906578928e-09,2.6538884213103176e-09,2.6790820157107924e-09,2.7072818827870117e-09,2.7402688416894385e-09,2.781397756948823e-09,2.835890344771004e-09,2.9107992812167298e-09,3.0144648770531374e-09,3.1553713228592215e-09,3.340486576126853e-09,3.5734092301448352e-09,3.852865796268891e-09,4.17218291619815e-09,4.520190654120307e-09,4.883565842775317e-09,5.250010902188756e-09,5.611138863919038e-09,5.96380623912086e-09,6.309094441990598e-09,6.6491077286911625e-09,6.982839022376626e-09,7.302999093945029e-09,7.59548453685226e-09,7.842062501226477e-09,8.0253511507412e-09,8.134025447648234e-09,8.165995867490317e-09,8.128215121566102e-09,8.033307665575483e-09,7.894607301805267e-09,7.721761093071184e-09,7.518607711207265e-09,7.283886642762031e-09,7.014099887936916e-09,6.707091112005777e-09,6.364868719390928e-09,5.994749107105478e-09,5.608679028344503e-09,5.221247311411122e-09,4.847204496067357e-09,4.499259629856123e-09,4.186642408477076e-09,3.914575156590315e-09,3.6845248785697334e-09,3.4949606724539243e-09,3.342320769257748e-09,3.2219541063607597e-09,3.128894298974207e-09,3.0584116201335282e-09,3.0063517293907613e-09,2.9693044633310957e-09,2.944657269561518e-09,2.930584279213642e-09,2.9260112858040127e-09
2026-05-22 13:36:23.430858,[70.6655447],9.423813588670867e-09,9.45386411045527e-09,9.54426875873422e-09,9.695771393069032e-09,9.909557763352033e-09,1.0187163199201201e-08,1.053031485515847e-08,1.0940667977385028e-08,1.1419372618036075e-08,1.1966387507597884e-08,1.2579457448486791e-08,1.3252713725199115e-08,1.3974970255125974e-08,1.4727986977049548e-08,1.548523908782613e-08,1.621199375588454e-08,1.6867618416419403e-08,1.7410851124644103e-08,1.780811138003031e-08,1.804382069579155e-08,1.8130383636507432e-08,1.8114463982151416e-08,1.80761154570177e-08,1.8118658330023063e-08,1.8349875726000554e-08,1.8858362852950983e-08,1.9691370268948366e-08,2.0840916526152684e-08,2.2242724341343224e-08,2.3788303424972985e-08,2.534599789910613e-08,2.6784057917412824e-08,2.798901629317902e-08,2.887559232047145e-08,2.9388387837750643e-08,2.9498726554911765e-08,2.920076526734152e-08,2.8509501470181956e-08,2.7460744305687363e-08,2.6111095780610134e-08,2.45355349060261e-08,2.2821312862005247e-08,2.105872015004781e-08,1.933081247311542e-08,1.7704680269520215e-08,1.6226248299904647e-08,1.4919340625809222e-08,1.3788463772759278e-08,1.2823922114744764e-08,1.2007656541179106e-08,1.1318485061208164e-08,1.0735973093224766e-08,1.0242721782251406e-08,9.825272683872919e-09,9.474032988817643e-09,9.18265521267543e-09,8.947225116932953e-09,8.765489041296552e-09,8.636235363733931e-09,8.558859369071992e-09,8.533092371485801e-09
2026-05-22 13:36:23.478351,[66.10888568],3.7054953116263534e-09,3.719969849949348e-09,3.76340125121207e-09,3.8357837080502095e-09,3.9370110335642e-09,4.066734898016515e-09,4.2241741645826925e-09,4.40788728829743e-09,4.615528822478162e-09,4.843623534351896e-09,5.0874065121848345e-09,5.340792083556263e-09,5.596542883142181e-09,5.846704869230232e-09,6.083345085795812e-09,6.299569392029732e-09,6.490708079072147e-09,6.655453173334694e-09,6.796644277320656e-09,6.921374534937143e-09,7.040166812640282e-09,7.165169081474143e-09,7.3076067375474555e-09,7.475024413691638e-09,7.669034549400285e-09,7.88426286808963e-09,8.108908743302593e-09,8.326888014141668e-09,8.521048883726644e-09,8.676623281384479e-09,8.784016286923212e-09,8.840256194487e-09,8.848832204657169e-09,8.818086273605917e-09,8.75866613441087e-09,8.68071494941877e-09,8.591462860903637e-09,8.49373269271713e-09,8.38562737917729e-09,8.26138431698016e-09,8.113118367300225e-09,7.932988233728038e-09,7.715256244443414e-09,7.457784379385149e-09,7.162693070193588e-09,6.836142432410269e-09,6.487405543987353e-09,6.127534115070046e-09,5.767946841622806e-09,5.419213961557115e-09,5.090204842382051e-09,4.787650251362151e-09,4.516078734000953e-09,4.2780321845211154e-09,4.074448895490517e-09,3.90511323790354e-09,3.769096681650696e-09,3.6651438104891146e-09,3.591981884520238e-09,3.548549942557574e-09,3.5341530065618025e-09
2026-05-22 13:36:23.575013,[89.52848733],3.461132388580383e-07,3.470202718254302e-07,3.497721222670802e-07,3.5447625202103653e-07,3.6136286707062563e-07,3.708618069307089e-07,3.8370639045587823e-07,4.010509142058349e-07,4.2457287335852336e-07,4.565108945663458e-07,4.995706738214986e-07,5.566247190909403e-07,6.301520015691746e-07,7.214242208716716e-07,8.295496584507977e-07,9.506157122936555e-07,1.077280972523337e-06,1.1991878358687946e-06,1.304429644227306e-06,1.381988866590167e-06,1.4246290397991403e-06,1.431338190616924e-06,1.4083063528226326e-06,1.3677442144868745e-06,1.3246040269111624e-06,1.292189505138699e-06,1.278298007386599e-06,1.2835127341987757e-06,1.3024297178813013e-06,1.3272736314989957e-06,1.3521751014798092e-06,1.3760022591792987e-06,1.4023280565584522e-06,1.4365583752285664e-06,1.4816948777815665e-06,1.5348960423051086e-06,1.5865863696712505e-06,1.6226063697659072e-06,1.6284787736237884e-06,1.593992818980181e-06,1.516327673561941e-06,1.4007137219176646e-06,1.2586974805788347e-06,1.1049224981429593e-06,9.536646468891914e-07,8.161619089560155e-07,6.99270517575169e-07,6.054372825604183e-07,5.336048749757019e-07,4.805344791268879e-07,4.4209766026774643e-07,4.1426091392790425e-07,3.936686372817886e-07,3.778643771188878e-07,3.6525762415763086e-07,3.5495430003106543e-07,3.4654587589896635e-07,3.399166631699777e-07,3.3509614653491975e-07,3.321602815713532e-07,3.311735547524353e-07
2026-05-22 13:36:23.623040,[67.87538874],3.887750874501383e-09,3.901972135315407e-09,3.9447891808615335e-09,4.016665127147136e-09,4.11838249427167e-09,4.2510562091615655e-09,4.416140721413427e-09,4.615409341984374e-09,4.8508659740629936e-09,5.124531097746803e-09,5.438036634078382e-09,5.7919861681743546e-09,6.1851082508353526e-09,6.613362563753651e-09,7.069336566690644e-09,7.542434190957784e-09,8.020398814520725e-09,8.492496395360662e-09,8.954120035493116e-09,9.41171258939117e-09,9.886007448025698e-09,1.0411138706746885e-08,1.1027700524123396e-08,1.1769618871154862e-08,1.2647440235043896e-08,1.3633347756234607e-08,1.4654465487900349e-08,1.5599626092936922e-08,1.6340601020756095e-08,1.676311662340803e-08,1.6798207655948097e-08,1.6443017032926943e-08,1.5763161669125795e-08,1.4875289957368634e-08,1.3915728385284625e-08,1.3005975536724112e-08,1.2226229553049397e-08,1.1604233540301137e-08,1.112053006347667e-08,1.0725536156077944e-08,1.0360846488037096e-08,9.97748649363045e-09,9.546607811901988e-09,9.061699902009552e-09,8.53425796719564e-09,7.98619430752499e-09,7.442131477023344e-09,6.923638413604857e-09,6.446162602293331e-09,6.018385868833734e-09,5.6431998731382655e-09,5.319417069017336e-09,5.0435316790462114e-09,4.811138974365486e-09,4.617881461664875e-09,4.459960558319212e-09,4.334329837767156e-09,4.238696748047789e-09,4.171435361011927e-09,4.131478050251588e-09,4.118223534371165e-09
2026-05-22 13:36:23.773764,[90.58897579],4.5417695518370384e-07,4.5537019974698556e-07,4.5899680068676654e-07,4.6521825470600837e-07,4.7437375600361164e-07,4.870849588892817e-07,5.043963280910687e-07,5.279320154933768e-07,5.600290061112397e-07,6.037793431348512e-07,6.628895640669389e-07,7.412577004476576e-07,8.421969122025407e-07,9.673179901980531e-07,1.1152247017430741e-06,1.2803518071079258e-06,1.452422956707706e-06,1.6170312045882098e-06,1.757657834378646e-06,1.8590145887160726e-06,1.9110068387580763e-06,1.9120931744035077e-06,1.8706581627948335e-06,1.8034489397217529e-06,1.7311417965888952e-06,1.6723574577371349e-06,1.63834216625537e-06,1.6305180434711485e-06,1.6420043917008768e-06,1.6624273553543156e-06,1.6837304088516949e-06,1.7041495249207907e-06,1.7283964176848436e-06,1.763999543636512e-06,1.8156974198718532e-06,1.8807404634552522e-06,1.9474623620934333e-06,1.997852624388891e-06,2.012991405523162e-06,1.9790269519198143e-06,1.8913590102355588e-06,1.7556776613357547e-06,1.585890422590912e-06,1.4000835286993016e-06,1.2161069859670068e-06,1.0481340095277631e-06,9.048975752603415e-07,7.896078351983457e-07,7.010690293218509e-07,6.353388922089913e-07,5.873564769349156e-07,5.521829854541851e-07,5.25733766663357e-07,5.050518319343625e-07,4.882597967969889e-07,4.743410179557332e-07,4.6287075517736113e-07,4.5377265795096174e-07,4.471339663003701e-07,4.4308349710082043e-07,4.4172113289723044e-07
2026-05-22 13:36:23.823056,[69.2115957],4.339705654022787e-09,4.354128807069215e-09,4.3975507354032e-09,4.4704336355894985e-09,4.573563967175714e-09,4.708075753362014e-09,4.875476312590778e-09,5.077656858236957e-09,5.3168540951428454e-09,5.595512854394656e-09,5.915995544123857e-09,6.2801093195773095e-09,6.688494751172378e-09,7.140047406971627e-09,7.631703740705566e-09,8.159046443203243e-09,8.718156889032546e-09,9.308835667016876e-09,9.938662566147564e-09,1.0626476579190531e-08,1.1403063105402085e-08,1.2306675491843e-08,1.3372015674227945e-08,1.4613618348145318e-08,1.6007701295605314e-08,1.7479191134753554e-08,1.8901196717029865e-08,2.0111548700855105e-08,2.094536385446704e-08,2.1275822772385496e-08,2.1050466802257554e-08,2.0310014024473762e-08,1.9181812656996486e-08,1.7848866142546156e-08,1.6504212403900353e-08,1.530548352192459e-08,1.4343631664618773e-08,1.3633749869972648e-08,1.3127575498922053e-08,1.2740241455000335e-08,1.2380658652304035e-08,1.1976055888982967e-08,1.148529799702108e-08,1.0900430386733657e-08,1.0239539860752394e-08,9.535565273951094e-09,8.825288760629324e-09,8.141193278184147e-09,7.507103535247199e-09,6.937181008823069e-09,6.437165050293275e-09,6.0066642685822255e-09,5.641572596826432e-09,5.336072976818945e-09,5.084034521580682e-09,4.879834890586664e-09,4.71874636420987e-09,4.597044553395437e-09,4.5119726032344405e-09,4.461652541685631e-09,4.444997620447382e-09
2026-05-22 13:36:23.979062,[91.5402806],5.937955093208766e-07,5.955064089127019e-07,6.006935000826987e-07,6.095441304478431e-07,6.224516247020792e-07,6.401367635208099e-07,6.638107760292467e-07,6.953576625857656e-07,7.374886166676025e-07,7.937893800601543e-07,8.685519752862802e-07,9.662727676840856e-07,1.0907325291629727e-06,1.2436725677374533e-06,1.4232492235424066e-06,1.6226583479824137e-06,1.8294975864880739e-06,2.026466204588957e-06,2.1937812667910357e-06,2.3131770939341634e-06,2.3726537666965694e-06,2.3705140198632843e-06,2.317031581753952e-06,2.232603883729728e-06,2.1424493963682146e-06,2.069408240551051e-06,2.0274906897181104e-06,2.018822471342847e-06,2.0353395475846613e-06,2.0644619492445992e-06,2.0960482723406035e-06,2.1272487408402244e-06,2.1628906802295588e-06,2.2112823466349474e-06,2.277641253472279e-06,2.3585225404605204e-06,2.4400658158259024e-06,2.5009645651520377e-06,2.518843706899936e-06,2.4773157214068928e-06,2.370945647232495e-06,2.2065094451408034e-06,2.0005655626941513e-06,1.774683658942036e-06,1.5502095220898838e-06,1.3441702579045765e-06,1.167160253739915e-06,1.023220000388245e-06,9.111422315026892e-07,8.264284000069485e-07,7.632143469914777e-07,7.157420601836774e-07,6.79231205899121e-07,6.502086972374064e-07,6.264577247796193e-07,6.067645016303142e-07,5.906056707092166e-07,5.778653949361702e-07,5.686214601134255e-07,5.63004964360153e-07,5.61119994712389e-07
2026-05-22 13:36:24.028012,[70.25025043],5.3942182663465814e-09,5.413366195823811e-09,5.470989056725457e-09,5.567625734199729e-09,5.704179021051559e-09,5.88191720774485e-09,6.102458202657907e-09,6.367703586650888e-09,6.679667852684913e-09,7.040132163378509e-09,7.4500626503339525e-09,7.908798208872354e-09,8.41315611907022e-09,8.956825110206508e-09,9.530661100202446e-09,1.0124642932354397e-08,1.0732092297440704e-08,1.1356125987186234e-08,1.2017137226305741e-08,1.2758633739942132e-08,1.3647603937741148e-08,1.4765610874076892e-08,1.6188784720811973e-08,1.7958889077357626e-08,2.0052643922163416e-08,2.2360374318385345e-08,2.468535401861787e-08,2.677043520298607e-08,2.8349414646011363e-08,2.921030743670246e-08,2.9250889347576462e-08,2.850728823990722e-08,2.7144786436824632e-08,2.5413267122621747e-08,2.358229630533148e-08,2.1877295235759735e-08,2.043615142074317e-08,1.9296468931543403e-08,1.8411962516686198e-08,1.7687264384587914e-08,1.7016783397841366e-08,1.6315436001852598e-08,1.553484997951137e-08,1.4664946425413426e-08,1.372521742103346e-08,1.2751588965904692e-08,1.178392102029592e-08,1.0857109348315037e-08,9.996587796862899e-09,9.21751696038998e-09,8.526287708729089e-09,7.922991847520811e-09,7.403897738238345e-09,6.963429949529187e-09,6.595517783702061e-09,6.294391759310447e-09,6.05498852170112e-09,5.873121561658821e-09,5.745534535306132e-09,5.669907832775795e-09,5.644853015165926e-09
2026-05-22 13:36:24.175931,[93.67030926],9.540246284880338e-07,9.568838872928682e-07,9.655617221583354e-07,9.803960067678247e-07,1.0020759514535186e-06,1.0318297019816473e-06,1.0716732624407475e-06,1.1246834764350507e-06,1.1952182752566484e-06,1.2889578449223348e-06,1.4125960707794325e-06,1.5730002460936455e-06,1.775715200933853e-06,2.0228486329602624e-06,2.3106436917095427e-06,2.6273745546404914e-06,2.952470879325921e-06,3.257810812086147e-06,3.511750377135664e-06,3.685626086596565e-06,3.761348523300722e-06,3.737724953006526e-06,3.632874780827256e-06,3.4809622647591653e-06,3.3234333581210295e-06,3.1973399146863335e-06,3.1250330810582994e-06,3.1094497516651635e-06,3.1370788862311695e-06,3.1872666988573617e-06,3.2434534153935883e-06,3.3009004332782035e-06,3.36716415778074e-06,3.4552236844193833e-06,3.5728821936756674e-06,3.713889134381053e-06,3.855276515928106e-06,3.962291498927793e-06,3.998745437475273e-06,3.938359298380756e-06,3.772664381487997e-06,3.5129033122988442e-06,3.186011935546755e-06,2.826877026830239e-06,2.4699010366843105e-06,2.1424421251147842e-06,1.8614596179332332e-06,1.6333636370041704e-06,1.456146448810432e-06,1.3225422395867715e-06,1.2231229716101492e-06,1.1486559932272243e-06,1.0914940205165173e-06,1.0460951795116403e-06,1.0089344411061481e-06,9.780931179292133e-07,9.527554159889363e-07,9.327541041446027e-07,9.182276591216974e-07,9.093956964727594e-07,9.064305804462416e-07
2026-05-22 13:36:24.223611,[72.62848596],7.837005438264173e-09,7.86645228594842e-09,7.955310640859078e-09,8.105165416934158e-09,8.31875544593828e-09,8.600087967617931e-09,8.954520310440378e-09,9.38870027182285e-09,9.910202009953675e-09,1.0526658164959269e-08,1.1244216440289192e-08,1.206529827347168e-08,1.2985956832744971e-08,1.3993616401372302e-08,1.5066512310968964e-08,1.6176481599793314e-08,1.7296502124763833e-08,1.8413181317373553e-08,1.9542160910282034e-08,2.0741585206848772e-08,2.2116516051939323e-08,2.3807061673494007e-08,2.5956373564148835e-08,2.8661684934164865e-08,3.192035809281606e-08,3.558975171487469e-08,3.938039584033602e-08,4.2894039201371346e-08,4.570298034276627e-08,4.745023177678747e-08,4.7939107431008646e-08,4.718170953069327e-08,4.538933400770906e-08,4.290871626342333e-08,4.012726225904149e-08,3.7379709184424475e-08,3.488470686564677e-08,3.2725550284398525e-08,3.087192820047515e-08,2.9226576007884406e-08,2.7676382016332316e-08,2.6131497260538574e-08,2.4544659344728172e-08,2.2911681575312488e-08,2.1259631019554124e-08,1.963066623641555e-08,1.8067791215797045e-08,1.6605709998522692e-08,1.5267139357021596e-08,1.4063209375243338e-08,1.2996046853968194e-08,1.2061925780732181e-08,1.1254000399823754e-08,1.0564242957963756e-08,9.98461320541866e-09,9.507669715119368e-09,9.126856097868582e-09,8.836638104861834e-09,8.63259187345564e-09,8.511482315989804e-09,8.471334026260082e-09
2026-05-22 13:36:24.275940,[67.55456325],3.7057658247384972e-09,3.722181864713672e-09,3.771593393298694e-09,3.854456281668939e-09,3.971415825278402e-09,4.123136205900646e-09,4.310067996837245e-09,4.532168456346362e-09,4.788603946072664e-09,5.077482260183082e-09,5.395680238586065e-09,5.738840238580171e-09,6.101596382567582e-09,6.478047004234398e-09,6.862409372163721e-09,7.249687865544616e-09,7.63609032231497e-09,8.018892521507647e-09,8.395535901460813e-09,8.761981654069779e-09,9.110706705226152e-09,9.429100858323458e-09,9.699227276235486e-09,9.899755418629342e-09,1.001028246486867e-08,1.0017336319414324e-08,9.92042274708661e-09,9.735974790062718e-09,9.497330224533004e-09,9.249953512448231e-09,9.042698321508018e-09,8.91736140804537e-09,8.899488644900021e-09,8.993038249338703e-09,9.180228402572093e-09,9.4262335486602e-09,9.687008532896639e-09,9.917889105271424e-09,1.0080843854238305e-08,1.0149082529522889e-08,1.010872945613941e-08,9.958064948054091e-09,9.705229865596741e-09,9.365295968509204e-09,8.957375702357529e-09,8.502151201570342e-09,8.01996222617666e-09,7.529449367052994e-09,7.046688530102128e-09,6.584739447755779e-09,6.153533283492491e-09,5.760026331458015e-09,5.408546019180232e-09,5.101255873240166e-09,4.838671694775042e-09,4.620172781123298e-09,4.44446761778498e-09,4.3099897739720005e-09,4.215213800310672e-09,4.15889096370832e-09,4.140210175959804e-09
2026-05-22 13:36:24.377379,[94.63879834],1.2193367393018615e-06,1.2231478042564934e-06,1.2347176371259273e-06,1.2545029463343255e-06,1.2834209898081915e-06,1.3230802442645498e-06,1.3760831789625767e-06,1.4463517945848846e-06,1.5393771539304543e-06,1.6622332959203868e-06,1.8231434111377695e-06,2.0303768808610133e-06,2.2903351135410153e-06,2.6048915200619456e-06,2.9683910200495356e-06,3.3651227455985414e-06,3.7684026945766037e-06,4.142419785270594e-06,4.447503118433779e-06,4.648405629391773e-06,4.723799129989496e-06,4.673984034431905e-06,4.523539837267817e-06,4.316795884408872e-06,4.106509293667455e-06,3.939127791143703e-06,3.842061710762468e-06,3.818191580612261e-06,3.850048984715657e-06,3.9117776197827175e-06,3.983207307959579e-06,4.059223638991383e-06,4.149893486874771e-06,4.27145780746469e-06,4.432916759703102e-06,4.625090340273961e-06,4.817689875503361e-06,4.96594202941978e-06,5.02384768099913e-06,4.958440489191067e-06,4.759503606787995e-06,4.441655537636462e-06,4.039042409681652e-06,3.595484778416094e-06,3.1539055829374424e-06,2.7482225180425744e-06,2.399303792295293e-06,2.114919725758284e-06,1.892493397778246e-06,1.7230705117195733e-06,1.595154751175537e-06,1.49759007639037e-06,1.4212282478572654e-06,1.359521720707824e-06,1.308377147469282e-06,1.2656282658441725e-06,1.2304097989232804e-06,1.2026034046903312e-06,1.1824273892350254e-06,1.1701739009583867e-06,1.1660628472565766e-06
2026-05-22 13:36:24.428712,[73.03293696],9.351288902823844e-09,9.377171765804402e-09,9.455020922302766e-09,9.585513894565423e-09,9.770030113574721e-09,1.0011009665396639e-08,1.0312395866224474e-08,1.0680047556497135e-08,1.1121918982814697e-08,1.1647721490284329e-08,1.2267759751158857e-08,1.2990759061596831e-08,1.3820851361155584e-08,1.4754490740805836e-08,1.5778813838502235e-08,1.6873536898347567e-08,1.8018393258361876e-08,1.9206838806795106e-08,2.0464061565256916e-08,2.1863691929426642e-08,2.3534417497970744e-08,2.5647053183919035e-08,2.8376420002605186e-08,3.1841064833520364e-08,3.6035229522369747e-08,4.077679243576664e-08,4.5696530989441345e-08,5.028449789845291e-08,5.39900059028075e-08,5.6349689324e-08,5.710335948546877e-08,5.62579183986135e-08,5.4076790906457835e-08,5.099940483492622e-08,4.752033876033605e-08,4.4069960442655505e-08,4.093326211345362e-08,3.8225044319911586e-08,3.5917118210939316e-08,3.389661722026995e-08,3.202928868030239e-08,3.0207187440611124e-08,2.8371532722993324e-08,2.6512594471719696e-08,2.465522793414173e-08,2.2840044419190013e-08,2.1107647756778052e-08,1.948932086683606e-08,1.8004065150503896e-08,1.66599678015346e-08,1.5457484053994485e-08,1.4392800662794536e-08,1.346033759874248e-08,1.2654194277569588e-08,1.196877440628666e-08,1.1398951864058822e-08,1.094008210995304e-08,1.0588036134287639e-08,1.0339314755946386e-08,1.0191223530124606e-08,1.0142054996051348e-08
2026-05-22 13:36:24.482200,[68.36108704],4.609599136423018e-09,4.6239304948222315e-09,4.666965252931681e-09,4.738814213231238e-09,4.839628636399137e-09,4.9695639214554165e-09,5.128754301957093e-09,5.317318278857353e-09,5.535409814110835e-09,5.783316225246303e-09,6.061579912175578e-09,6.371092270174252e-09,6.7130863917117195e-09,7.088958793282687e-09,7.499897675250648e-09,7.946391444926084e-09,8.427813304302642e-09,8.942365757589933e-09,9.487638351227417e-09,1.0061814457512352e-08,1.0665167823417904e-08,1.1301053790320253e-08,1.1975378069914193e-08,1.2693786848233662e-08,1.3456672654170223e-08,1.4253315786349353e-08,1.5057530445557122e-08,1.5827385304305957e-08,1.651050967298148e-08,1.7054377145464253e-08,1.741863879152717e-08,1.7585218973211093e-08,1.7562323235088306e-08,1.7380716761273734e-08,1.7083658892678586e-08,1.671431084701133e-08,1.6305156058373202e-08,1.5872755625147387e-08,1.5418726919357053e-08,1.493539736529401e-08,1.4413188742974252e-08,1.3846817400512718e-08,1.3238527581131145e-08,1.259808170245591e-08,1.1940416462764852e-08,1.1282373981027132e-08,1.0639761189349508e-08,1.0025458844805435e-08,9.448721518435195e-09,8.915405295847108e-09,8.428701058078516e-09,7.989989984761283e-09,7.599576268367936e-09,7.257200524520564e-09,6.9623439940263955e-09,6.71438479919174e-09,6.512674396288128e-09,6.356584856687043e-09,6.245553334442083e-09,6.179129844554358e-09,6.157022441741362e-09
2026-05-22 13:36:24.580731,[89.80090633],4.0114671540200693e-07,4.024146200633637e-07,4.0625926391073984e-07,4.12817777562355e-07,4.2236649963582533e-07,4.353913991295242e-07,4.526799383570227e-07,4.75418439014017e-07,5.052634400638363e-07,5.443366876055072e-07,5.950777616859872e-07,6.59887167668933e-07,7.405202919896221e-07,8.372608203358542e-07,9.480110987516328e-07,1.0675640162938072e-06,1.187415647954044e-06,1.2964693691179006e-06,1.3828076086498462e-06,1.4363561299773821e-06,1.4518202370915586e-06,1.430914785290079e-06,1.3828663405922495e-06,1.3225896149959537e-06,1.2667836119877425e-06,1.229151025784503e-06,1.216545382951498e-06,1.2276877278491986e-06,1.2550942073037961e-06,1.2894041725635816e-06,1.3241062952428088e-06,1.3583927500973293e-06,1.3967461085134378e-06,1.445476878463014e-06,1.5079515929827693e-06,1.5808885919349617e-06,1.6535440747687145e-06,1.7102005114560396e-06,1.7348598085616726e-06,1.7161695070333312e-06,1.6507023939316852e-06,1.5435845872000764e-06,1.4066066751793914e-06,1.2548225166945551e-06,1.1029454471605924e-06,9.626110949476405e-07,8.410290339719805e-07,7.409829584738747e-07,6.617653599437277e-07,6.005122175251442e-07,5.534854635631188e-07,5.170333569713107e-07,4.881453454363801e-07,4.6465076599997114e-07,4.4517396336709173e-07,4.2896482133216605e-07,4.156973128256605e-07,4.0529181705617906e-07,3.9778424140654213e-07,3.932428092301996e-07,3.917222643715501e-07
2026-05-22 13:36:24.633647,[68.4900692],3.0279024916500313e-09,3.0366005980867807e-09,3.062851043096e-09,3.10714761787866e-09,3.170396365048805e-09,3.2540321826211108e-09,3.3601588149259114e-09,3.4916743526503156e-09,3.6523196467993106e-09,3.846565682948446e-09,4.079254784423717e-09,4.3549522919346925e-09,4.677070314184077e-09,5.046994476960257e-09,5.463639547693732e-09,5.923987092275695e-09,6.4250801567086e-09,6.9675360206354655e-09,7.559860085380148e-09,8.221880174631802e-09,8.984899394833756e-09,9.886267306157778e-09,1.0957450793146651e-08,1.2207311339785215e-08,1.3605374333868555e-08,1.5071966098453538e-08,1.6481682616929336e-08,1.7683042308493966e-08,1.8531191068228567e-08,1.89245171568209e-08,1.8832915127504895e-08,1.8307183358065178e-08,1.7465425536960434e-08,1.6460786839129222e-08,1.5441661991626823e-08,1.4517674626113435e-08,1.3741517618013697e-08,1.3109963560044455e-08,1.2580243932520183e-08,1.2093508083105871e-08,1.1596525163740398e-08,1.1055555190225291e-08,1.0460517597855695e-08,9.821245564350047e-09,9.159531899685735e-09,8.500706930026557e-09,7.86727576821283e-09,7.275564019389293e-09,6.735062293853404e-09,6.2495167988479355e-09,5.818738314897293e-09,5.440369129067937e-09,5.111215439077203e-09,4.8280586090462465e-09,4.588038492391085e-09,4.388764320331138e-09,4.2282949004888385e-09,4.105083769617638e-09,4.017937003298448e-09,3.965996328449797e-09,3.94874106985104e-09
2026-05-22 13:36:24.684712,[66.45568107],2.7264653026167066e-09,2.7405626534835325e-09,2.783183134135999e-09,2.855296157842316e-09,2.9584603419976784e-09,3.094723227400603e-09,3.2664515519765184e-09,3.4760639538483376e-09,3.725634674058946e-09,4.01634204918636e-09,4.3477555733505e-09,4.716996181045905e-09,5.117868558961557e-09,5.540145273724776e-09,5.969259997085026e-09,6.3867056679988744e-09,6.771389186990881e-09,7.102032325525759e-09,7.360428398434443e-09,7.535022076742126e-09,7.623991062155018e-09,7.636916483237814e-09,7.594339911791547e-09,7.52501513738397e-09,7.46132298134616e-09,7.433872642095912e-09,7.466519520406495e-09,7.572793026990064e-09,7.754176961841058e-09,8.000113612825351e-09,8.28929874755631e-09,8.591897085721419e-09,8.87257965477974e-09,9.094461221761476e-09,9.223865043677307e-09,9.235380838316647e-09,9.11618490252055e-09,8.868416562642251e-09,8.508756398062823e-09,8.065139410429157e-09,7.571424489359081e-09,7.061439909763619e-09,6.563897296907462e-09,6.09923384447084e-09,5.678735827544489e-09,5.305616545396929e-09,4.97729518060114e-09,4.688026349310282e-09,4.431200923248998e-09,4.20094142602186e-09,3.992915226752828e-09,3.804499786450119e-09,3.634530417416367e-09,3.4828615357828504e-09,3.3499166052222622e-09,3.2363284185794754e-09,3.1427063609887535e-09,3.0695227979895032e-09,3.0170877247343978e-09,2.9855744193742357e-09,2.975062632259366e-09
2026-05-22 13:36:24.787916,[90.82664047],5.213318280619234e-07,5.230083309628486e-07,5.280984574925145e-07,5.368035006453406e-07,5.495235704789574e-07,5.669523017922311e-07,5.901993839005522e-07,6.209186124099504e-07,6.613982307962201e-07,7.145452400002707e-07,7.836748731789604e-07,8.720156410849504e-07,9.818783182612872e-07,1.1135296904226478e-06,1.263958663017026e-06,1.4258931503986333e-06,1.5875531078297703e-06,1.7336134069864206e-06,1.8476157839167186e-06,1.9155970173146406e-06,1.930100401443341e-06,1.893252438306161e-06,1.8175191835826687e-06,1.7233146686539746e-06,1.633758769407042e-06,1.5681726259460615e-06,1.5367284058747896e-06,1.538489092214283e-06,1.5637704075437732e-06,1.5998287627986018e-06,1.6372619629936646e-06,1.6740925573663743e-06,1.715597483644499e-06,1.7700459235205911e-06,1.842531075494669e-06,1.9299811490135435e-06,2.0197829172442766e-06,2.0926589226745124e-06,2.1284785102151284e-06,2.1125129989764905e-06,2.039713310271397e-06,1.9156760828572634e-06,1.7544142924871209e-06,1.5741719100158815e-06,1.3929316187232911e-06,1.224975806592277e-06,1.079174900619377e-06,9.589644812780613e-07,8.634961936439889e-07,7.892916866245835e-07,7.318308471181964e-07,6.867354076927513e-07,6.504443885194714e-07,6.204452012888428e-07,5.952034038580393e-07,5.739413020329421e-07,5.563814521246585e-07,5.425240403550634e-07,5.324856188099855e-07,5.263987740042991e-07,5.243585554162983e-07
2026-05-22 13:36:25.050991,[71.39349318],5.5536482424856035e-09,5.572210554125337e-09,5.62822551093948e-09,5.722686263051272e-09,5.857276868941305e-09,6.034408396406422e-09,6.257248674703534e-09,6.529711641656039e-09,6.856349816982766e-09,7.242074398265959e-09,7.691628349613813e-09,8.208781630984483e-09,8.79532536731445e-09,9.45011493444883e-09,1.0168609992246904e-08,1.0943482579010107e-08,1.1766763124057647e-08,1.2633526754714906e-08,1.3546261434606772e-08,1.4518014032453765e-08,1.5571677687992835e-08,1.6733034494229533e-08,1.8016917527424366e-08,1.9409017495687563e-08,2.0849422450009652e-08,2.2226145606829448e-08,2.3385819328437108e-08,2.4163649932333176e-08,2.4426869090495616e-08,2.4118475389109407e-08,2.3284903249061305e-08,2.207486948982119e-08,2.070643477501523e-08,1.9411433744895058e-08,1.8375481658708428e-08,1.7693558087516606e-08,1.735490782994792e-08,1.725967751217387e-08,1.725844734405002e-08,1.7199227274958747e-08,1.6966540532013547e-08,1.6502744883276134e-08,1.580952603628502e-08,1.4934121491570497e-08,1.3948192126440536e-08,1.2927088117048446e-08,1.1934698184985374e-08,1.10157742812265e-08,1.0194928956117198e-08,9.480048445981346e-09,8.867620652267743e-09,8.348024535460087e-09,7.909668342008757e-09,7.541626745308233e-09,7.2349323252187565e-09,6.982906512865757e-09,6.780940126529622e-09,6.6260482565887605e-09,6.5164062045606875e-09,6.450969461614451e-09,6.429210510785467e-09
2026-05-22 13:36:25.245091,[93.86014259],1.1145613499479825e-06,1.1185324983764692e-06,1.130570191439149e-06,1.1510811914639243e-06,1.1808561963373242e-06,1.221233788307764e-06,1.2743092433765769e-06,1.3431450390149718e-06,1.4319011526031965e-06,1.5457576098905191e-06,1.6904660011529724e-06,1.8713693117323133e-06,2.091805958532736e-06,2.350992914461304e-06,2.6417619230913672e-06,2.9488421733226035e-06,3.2486115417841005e-06,3.5111965222600093e-06,3.7053311608230508e-06,3.8054662280388095e-06,3.799469281442946e-06,3.69434565315617e-06,3.5173202937220312e-06,3.3107419420629877e-06,3.1214777037109133e-06,2.9879710393325584e-06,2.9297211556613285e-06,2.9435517603701813e-06,3.0084646482271727e-06,3.097093935997897e-06,3.1886108023014834e-06,3.2771043171019737e-06,3.3715864297133e-06,3.4878605473469458e-06,3.6364615560071677e-06,3.812677884962011e-06,3.993458354143632e-06,4.142565359937753e-06,4.221530824923665e-06,4.201662676537797e-06,4.072418886289035e-06,3.843514193931701e-06,3.540898355229136e-06,3.1989185979098697e-06,2.8517972396488588e-06,2.527034498284101e-06,2.242053696965041e-06,2.004048907413737e-06,1.8120791366699638e-06,1.6601450961675979e-06,1.5401689873438932e-06,1.4442288548057413e-06,1.3658442355714228e-06,1.3004280286787172e-06,1.2451711552246884e-06,1.1986417328171378e-06,1.1603168876479909e-06,1.1301768394459602e-06,1.108412717982759e-06,1.0952469856628088e-06,1.0908394725028856e-06
2026-05-22 13:36:25.295407,[65.19456041],4.462483514582908e-09,4.480894272061388e-09,4.5362194129220796e-09,4.6287074752878335e-09,4.758672117449484e-09,4.926340528590602e-09,5.1316415220670594e-09,5.373937847848934e-09,5.651714587950227e-09,5.962246936296442e-09,6.301285881121279e-09,6.662817340670728e-09,7.03896497032406e-09,7.420112775262445e-09,7.795313426640849e-09,8.153016061856919e-09,8.482093041346215e-09,8.773076981760765e-09,9.019454647105026e-09,9.218824277533465e-09,9.373723347122532e-09,9.491974228160945e-09,9.586455805136358e-09,9.674259513266493e-09,9.7752096959721e-09,9.90973474846216e-09,1.0096117531126481e-08,1.034728921010059e-08,1.06675746349835e-08,1.1050077679256308e-08,1.147555813720454e-08,1.191353231196642e-08,1.2325856352915643e-08,1.2672326738365518e-08,1.291711983633667e-08,1.3034504595947902e-08,1.3012400316140424e-08,1.2852991234818991e-08,1.2570504625006674e-08,1.218705851158543e-08,1.1727901510540477e-08,1.1217298955423738e-08,1.0675870230372369e-08,1.0119583091187297e-08,9.560099395356318e-09,9.005890645990375e-09,8.463524363041254e-09,7.938689284440808e-09,7.436764955139009e-09,6.962950528836875e-09,6.522094466201537e-09,6.118403979997629e-09,5.755184359763561e-09,5.43469820679185e-09,5.158172772380474e-09,4.925937618488809e-09,4.737650195159425e-09,4.59256082780776e-09,4.489774489479136e-09,4.428477884385336e-09,4.4081118177090855e-09
2026-05-22 13:36:25.447911,[73.66486762],9.999711604551554e-09,1.002918779308724e-08,1.0118337537283495e-08,1.0269417605607904e-08,1.048650290982384e-08,1.0775958503750005e-08,1.1147073700426009e-08,1.1612765742825648e-08,1.2190153917780406e-08,1.2900673787713277e-08,1.3769294085649767e-08,1.4822401861395133e-08,1.6084143625029466e-08,1.757153626023843e-08,1.9289470630244932e-08,2.122760576596367e-08,2.3361637212710293e-08,2.5660916968425352e-08,2.8102432704166e-08,3.068780298109918e-08,3.3456219912609456e-08,3.6484099012325606e-08,3.986377424825186e-08,4.3660106067231906e-08,4.785422190331759e-08,5.229383847746747e-08,5.667412601099245e-08,6.056738019944909e-08,6.350361354566863e-08,6.50830166650982e-08,6.508455504146993e-08,6.353170004880645e-08,6.068971756608768e-08,5.699413456024084e-08,5.293585622018481e-08,4.894325631837619e-08,4.529928693652245e-08,4.211456807820276e-08,3.935447494930757e-08,3.689988957168172e-08,3.4614225696258386e-08,3.239403775355323e-08,3.019230790663897e-08,2.801589495056827e-08,2.590670520383065e-08,2.3918229957377888e-08,2.209643722997031e-08,2.0469269184194596e-08,1.9044653540587096e-08,1.78143526567597e-08,1.676031295057064e-08,1.5860844292012255e-08,1.5095152022905487e-08,1.4445842987013682e-08,1.3899731016237455e-08,1.3447548958771617e-08,1.3083154404797694e-08,1.2802649469976788e-08,1.2603642357488781e-08,1.2484726690990307e-08,1.244516476223296e-08
2026-05-22 13:36:25.504585,[67.96322394],6.298478165003087e-09,6.320568272375427e-09,6.386938201788321e-09,6.497870887406767e-09,6.6537873635030796e-09,6.855179074472827e-09,7.102527536885455e-09,7.396221051416932e-09,7.736472987500081e-09,8.123234099884282e-09,8.556072052049565e-09,9.033967916220088e-09,9.554960354395874e-09,1.011556796042248e-08,1.0709957108317838e-08,1.1328911857163967e-08,1.195880510432849e-08,1.2580940639503616e-08,1.3171774306451267e-08,1.3704541723897118e-08,1.4152631645927962e-08,1.449460430726071e-08,1.4720113408005161e-08,1.4835320689599529e-08,1.4865963709246164e-08,1.4856332531680654e-08,1.486319144380153e-08,1.494506499934366e-08,1.514892173030631e-08,1.5497557699214553e-08,1.5981337060101187e-08,1.6557087035274477e-08,1.715502240407205e-08,1.7692195380732585e-08,1.808897540985552e-08,1.8284196502006255e-08,1.8245176502023542e-08,1.7970562160900862e-08,1.748619524499884e-08,1.6836108059934017e-08,1.60717360613484e-08,1.5242303759217705e-08,1.4388352144217707e-08,1.3539038698567112e-08,1.2712668383514752e-08,1.1919232408779763e-08,1.1163610282581194e-08,1.044839099031271e-08,9.775758824553518e-09,9.14835460621767e-09,8.569335158161901e-09,8.041980908954163e-09,7.569180898882548e-09,7.153022875608852e-09,6.794596023395048e-09,6.494015827839101e-09,6.2506208968975135e-09,6.063268417147894e-09,5.930657383504056e-09,5.85162418685615e-09,5.825373630190978e-09
2026-05-22 13:36:25.558237,[65.70991112],2.9515110827394015e-09,2.9647282367435822e-09,3.0043598773449616e-09,3.0703084228237745e-09,3.1622857035347803e-09,3.2796308609510388e-09,3.4210707501218514e-09,3.584444447618219e-09,3.7664269069704236e-09,3.9623026048588406e-09,4.16585519620585e-09,4.369449001585745e-09,4.56437664321952e-09,4.74152844710279e-09,4.89239935688963e-09,5.0103879123053765e-09,5.092264389764744e-09,5.139602046505458e-09,5.159891863588124e-09,5.167016123145725e-09,5.180760960755821e-09,5.225125036097946e-09,5.325349461736326e-09,5.503857933843701e-09,5.77562999217781e-09,6.143862949950903e-09,6.596991564722181e-09,7.108094502272469e-09,7.637332358407934e-09,8.137356130646742e-09,8.56077092924912e-09,8.86802767780504e-09,9.033842719502364e-09,9.050573023448132e-09,8.927830117975033e-09,8.688701099638734e-09,8.363861898219545e-09,7.985296568122872e-09,7.581173062867484e-09,7.17280973153683e-09,6.773889626539017e-09,6.391439507174154e-09,6.027767632050451e-09,5.682567086974505e-09,5.354631523781157e-09,5.042943543998204e-09,4.7471562983889256e-09,4.4676355472617546e-09,4.205264793678565e-09,3.961178920676333e-09,3.736527419765237e-09,3.5323095449739894e-09,3.349285126870333e-09,3.18794669484704e-09,3.048534446466941e-09,2.931078096094732e-09,2.8354536139054265e-09,2.761445989624542e-09,2.7088110327505903e-09,2.6773303315851815e-09,2.6668544227890086e-09
2026-05-22 13:36:25.612239,[89.99691163],4.697586437808127e-07,4.714942020385244e-07,4.7675006468119893e-07,4.8568632256141e-07,4.986111380587348e-07,5.160401550868546e-07,5.387704431619087e-07,5.679511175119443e-07,6.051177838831902e-07,6.521409447069686e-07,7.110264201728416e-07,7.835100587958509e-07,8.704231874905443e-07,9.708793913538927e-07,1.081444119652618e-06,1.1955697027322539e-06,1.3036555725946113e-06,1.3940558689271618e-06,1.455146979373656e-06,1.4781876337349506e-06,1.4602532309846737e-06,1.406200596956633e-06,1.3286477402641706e-06,1.245471880801668e-06,1.1752548786908634e-06,1.1320917355008803e-06,1.1217258436378387e-06,1.1406841692779301e-06,1.1789277248215132e-06,1.224961529596646e-06,1.2711318251245991e-06,1.3166568525255323e-06,1.3669706227818488e-06,1.4297309573951229e-06,1.5094541880347313e-06,1.6033648532164278e-06,1.7004020143912097e-06,1.783794227812337e-06,1.8360153539113272e-06,1.844028046658543e-06,1.8028371602067578e-06,1.7163002101764464e-06,1.5953281860332028e-06,1.454505312363149e-06,1.3084644771313666e-06,1.169105134902333e-06,1.0441832902789746e-06,9.372360717536668e-07,8.484310568057577e-07,7.758137948242882e-07,7.165115824766535e-07,6.676330148051649e-07,6.267855140466276e-07,5.922608755786317e-07,5.62997807948719e-07,5.38434302291841e-07,5.183356529317909e-07,5.026479495241025e-07,4.913957657346422e-07,4.84622306885795e-07,4.823605461999439e-07
2026-05-22 13:36:25.668179,[68.49957558],3.4385326766826753e-09,3.450563299310788e-09,3.4870516601488427e-09,3.5492143610062333e-09,3.639165497198383e-09,3.7600298687775846e-09,3.916060389493871e-09,4.1127023095237725e-09,4.356515651833536e-09,4.654841488134844e-09,5.015097791630946e-09,5.443644264395249e-09,5.944287796196836e-09,6.516714425884873e-09,7.15538689115656e-09,7.849632089931674e-09,8.585598811828591e-09,9.350334681643838e-09,1.0137363425287985e-08,1.0952018980414473e-08,1.1813874127094396e-08,1.2753531649438952e-08,1.3802353593170448e-08,1.497639644379847e-08,1.6259095604442507e-08,1.7589591424361362e-08,1.8863408922389746e-08,1.9948737681855895e-08,2.071564085954863e-08,2.1069554163318063e-08,2.0977377607462335e-08,2.047625202454148e-08,1.9661410253885098e-08,1.8657614958912047e-08,1.7584905261328647e-08,1.6530853432930957e-08,1.5537853381914887e-08,1.4607200970107039e-08,1.3715204954880983e-08,1.2833055959085486e-08,1.1942622691403766e-08,1.1043730584316652e-08,1.0152727857413428e-08,9.295319509140462e-09,8.497794988301117e-09,7.780059493870742e-09,7.152174605956195e-09,6.614393356289667e-09,6.159570421811229e-09,5.7765018620922194e-09,5.453010972513338e-09,5.17812209610968e-09,4.9431716505919694e-09,4.742042390330061e-09,4.570845286706781e-09,4.427362324687439e-09,4.3104755777674825e-09,4.219704046993811e-09,4.1548856253933e-09,4.115989546844035e-09,4.103022381909354e-09
2026-05-22 13:36:25.723994,[65.16012864],3.0336910541209824e-09,3.0479686893290688e-09,3.090875657757676e-09,3.162607764981698e-09,3.2634032034310756e-09,3.393409807587818e-09,3.552498979865281e-09,3.7400281847507416e-09,3.95455812348441e-09,4.19353868861927e-09,4.45299111021894e-09,4.72723330920521e-09,5.0087203110734674e-09,5.288096608028038e-09,5.554571925815217e-09,5.79671991729035e-09,6.003743526689989e-09,6.1671413529428665e-09,6.282555944073665e-09,6.3514259923157885e-09,6.381965261130463e-09,6.3890243618077035e-09,6.392600671719431e-09,6.415122547454563e-09,6.4780384579215986e-09,6.59852540298875e-09,6.787145334958713e-09,7.046976051729743e-09,7.3742267221341594e-09,7.75983979081126e-09,8.1913151222225e-09,8.654087933970186e-09,9.132181608644246e-09,9.608320988020227e-09,1.0063986339724211e-08,1.0479879435290938e-08,1.08370038957607e-08,1.1118207984345805e-08,1.13097935067022e-08,1.1402763422073712e-08,1.1393438175865069e-08,1.1283403382085877e-08,1.1078937839213793e-08,1.0790145671597808e-08,1.0429987197217234e-08,1.0013323516987614e-08,9.556017120687503e-09,9.074096118557987e-09,8.582992057341122e-09,8.096880264252253e-09,7.62816523182281e-09,7.187149892112081e-09,6.781907490360639e-09,6.41834692756473e-09,6.1004371255572716e-09,5.830540106588279e-09,5.609798097337678e-09,5.4385250931186745e-09,5.316563993755068e-09,5.243582601737918e-09,5.219292497200685e-09
2026-05-22 13:36:25.827313,[90.94949175],6.215687695338105e-07,6.239894088238039e-07,6.313259097256015e-07,6.438182134931708e-07,6.619193989875168e-07,6.863711544164321e-07,7.182956653788992e-07,7.592790839167781e-07,8.11402168144573e-07,8.771519958929301e-07,9.591341424529505e-07,1.059512314313185e-06,1.1791497799441308e-06,1.316526494293233e-06,1.4666523456781974e-06,1.620354464192162e-06,1.7644133988008319e-06,1.8829664630401763e-06,1.960313344393618e-06,1.9847542896389594e-06,1.9524980091162254e-06,1.8702541355413587e-06,1.7551721302510005e-06,1.6314803892116713e-06,1.5244024983110954e-06,1.45322519724845e-06,1.426110857252453e-06,1.4388652617410155e-06,1.47835436232288e-06,1.52920567903838e-06,1.580832413891564e-06,1.6315664628459586e-06,1.6880147271317976e-06,1.7600459941103344e-06,1.8539096048462645e-06,1.966815591067406e-06,2.085495145481147e-06,2.1893089570971578e-06,2.256421756905373e-06,2.2703955487966034e-06,2.2246901056425665e-06,2.1237281072926296e-06,1.9806844956321734e-06,1.8132923814018384e-06,1.6393456253382498e-06,1.4732600879651113e-06,1.324351233462088e-06,1.1967724053836264e-06,1.0905933780093547e-06,1.0033574736357753e-06,9.31566865391746e-07,8.717765789273439e-07,8.212074676056978e-07,7.779472375162446e-07,7.408798861264279e-07,7.094860926829236e-07,6.836212114370497e-07,6.633312559055959e-07,6.487279501301344e-07,6.399184827424615e-07,6.369738792284049e-07
2026-05-22 13:36:25.879585,[69.88464024],4.153554763705131e-09,4.168754612662531e-09,4.2148523908888315e-09,4.293383764029549e-09,4.407040368542295e-09,4.559849038145233e-09,4.757371960616119e-09,5.006851117657964e-09,5.317172368996559e-09,5.698479373811007e-09,6.161253706233441e-09,6.714736583770531e-09,7.3647421889813204e-09,8.111219966760913e-09,8.946318224909576e-09,9.854043205920622e-09,1.0812661785998471e-08,1.1800501203297015e-08,1.2804615376878387e-08,1.3830081034595929e-08,1.4906053270255912e-08,1.608409122743396e-08,1.742557632650168e-08,1.8978589587811612e-08,2.0749562415725987e-08,2.267936630072386e-08,2.463478947668174e-08,2.6422911508715348e-08,2.7828141842235126e-08,2.8662456274492953e-08,2.8812836148290957e-08,2.826955813999519e-08,2.7125531766298138e-08,2.5547669654050713e-08,2.3731467002361454e-08,2.18550618663782e-08,2.0047191633509062e-08,1.8376212081531305e-08,1.6858556305737386e-08,1.5478630576399648e-08,1.421030038577523e-08,1.3032475990158198e-08,1.1935786319678825e-08,1.0921519113881944e-08,9.996337689464746e-09,9.166476302927002e-09,8.433861357068891e-09,7.794932699625997e-09,7.241649195072525e-09,6.763585459089323e-09,6.3500786102400295e-09,5.9917773901630285e-09,5.681392079594262e-09,5.413764157625731e-09,5.185518158493759e-09,4.994558795903004e-09,4.8396001968063224e-09,4.719820200907261e-09,4.634656875793206e-09,4.583719249609936e-09,4.566767337185386e-09
2026-05-22 13:36:26.032862,[91.85205914],8.16291717981449e-07,8.196328505658323e-07,8.297425251950215e-07,8.468971999566007e-07,8.716154627416226e-07,9.047397521967672e-07,9.475347142794142e-07,1.001773316739595e-06,1.0697591936804868e-06,1.154208775550797e-06,1.2579005211851027e-06,1.3830085419412149e-06,1.5300946636363773e-06,1.6968508022941466e-06,1.8768557019015337e-06,2.058793534279212e-06,2.2266917413392763e-06,2.361662665583527e-06,2.445292689791999e-06,2.4642221009328185e-06,2.414758689577763e-06,2.305876376970314e-06,2.159019441980759e-06,2.0039674189767916e-06,1.8714758022364834e-06,1.7849472198931508e-06,1.7542302632552435e-06,1.7741738925898056e-06,1.8287489906207667e-06,1.8990961726442897e-06,1.9719613381792466e-06,2.044686814563459e-06,2.124510229825625e-06,2.2226510212481273e-06,2.3461533063005666e-06,2.4914391614099593e-06,2.64256669922968e-06,2.7748754474538376e-06,2.8622733452306067e-06,2.885036891638718e-06,2.8351535962539174e-06,2.717614892362157e-06,2.5478411380050245e-06,2.3467579096866555e-06,2.1355014289031923e-06,1.9313572733252956e-06,1.7457080372761231e-06,1.583926907540635e-06,1.4466084340058078e-06,1.3313624545764005e-06,1.2345282952066742e-06,1.152437176089108e-06,1.0821194217190952e-06,1.0215379540523281e-06,9.695117094546886e-07,9.254940731764673e-07,8.893288075151554e-07,8.610517212225289e-07,8.407606429519654e-07,8.285470199094257e-07,8.24469297800048e-07
2026-05-22 13:36:26.084143,[71.15730505],5.28000930570004e-09,5.301597955749458e-09,5.36719569838697e-09,5.479340962544362e-09,5.642395625508459e-09,5.862694812392406e-09,6.148650934052972e-09,6.5106853620046995e-09,6.960813057249009e-09,7.511680964703828e-09,8.174898755030997e-09,8.958646375420003e-09,9.86482854438442e-09,1.0886453900015339e-08,1.2006338870179724e-08,1.3198457967957401e-08,1.443299600151724e-08,1.568516558261859e-08,1.6946140122229918e-08,1.8232454193742663e-08,1.9588847157119283e-08,2.1079899828870197e-08,2.2768715609510075e-08,2.468606523519593e-08,2.6799155480067606e-08,2.8992720066527133e-08,3.107381859005775e-08,3.280468049414644e-08,3.395712828532953e-08,3.4372067569930794e-08,3.4003290663166854e-08,3.292924477780878e-08,3.1328193707097724e-08,2.9426247479878457e-08,2.743762606101389e-08,2.5517899048168797e-08,2.37437341572054e-08,2.212090935891923e-08,2.0611700013308376e-08,1.916759771791384e-08,1.7754753044233295e-08,1.636549690649547e-08,1.5016217453403684e-08,1.3736694610102937e-08,1.2557423143970927e-08,1.1500002633055263e-08,1.0572865674068086e-08,9.771994930518589e-09,9.084749037460275e-09,8.49461400475859e-09,7.985239652976576e-09,7.54297411474807e-09,7.15785478080445e-09,6.8234544804639074e-09,6.536113165099237e-09,6.294008065739821e-09,6.096349084893096e-09,5.9428207532015825e-09,5.8332728367894625e-09,5.767598042483906e-09,5.745716674222368e-09
2026-05-22 13:36:26.232168,[93.69096742],1.3074338760024717e-06,1.31294687061963e-06,1.3296415720408297e-06,1.3580116749839882e-06,1.3989664983338075e-06,1.453951117045334e-06,1.5250861225701212e-06,1.615279137680321e-06,1.7282251331087396e-06,1.868175138512282e-06,2.0393306074260418e-06,2.2447410102192454e-06,2.484676860962925e-06,2.7546402770376372e-06,3.0434473877147548e-06,3.3321010833614887e-06,3.594333439331428e-06,3.7995634273284057e-06,3.9184570436653655e-06,3.93031430769639e-06,3.8304015574952375e-06,3.6345899268959995e-06,3.378806767555659e-06,3.1121683396317426e-06,2.8850026401889715e-06,2.7354129807904268e-06,2.679343014430076e-06,2.7083182549607356e-06,2.796120077272158e-06,2.91173920647414e-06,3.0329501967097325e-06,3.1544015962425857e-06,3.2866474269143313e-06,3.4468780477834378e-06,3.6460498748425765e-06,3.878668462526336e-06,4.119959948840508e-06,4.331516232636947e-06,4.472672799149051e-06,4.512703795073141e-06,4.439170651176126e-06,4.259930410474326e-06,3.999094434545969e-06,3.689323129128372e-06,3.3635553821427395e-06,3.0486798324682888e-06,2.7623539162604577e-06,2.512863526134689e-06,2.301064953367344e-06,2.1231962451204583e-06,1.9735539376746276e-06,1.8464568117087505e-06,1.737338906821452e-06,1.6431023577459613e-06,1.561987790302884e-06,1.4932210523370885e-06,1.4366275548901807e-06,1.3923202738797542e-06,1.360495933330364e-06,1.341328268350415e-06,1.334926855565249e-06
2026-05-22 13:36:26.284440,[77.52964515],6.452264273380029e-09,6.445668679321561e-09,6.425967310222684e-09,6.393390870391377e-09,6.348244709478076e-09,6.290812691552283e-09,6.221273132333668e-09,6.13968600999973e-09,6.046130365914346e-09,5.941076347090384e-09,5.826049600241558e-09,5.704567603717007e-09,5.583188458470986e-09,5.472327961956969e-09,5.3863252828928136e-09,5.342168762290253e-09,5.356450032125651e-09,5.440583004849248e-09,5.595081475728916e-09,5.804537943361249e-09,6.035514946931547e-09,6.2394123970767855e-09,6.361227248172209e-09,6.353089937700371e-09,6.189178181020801e-09,5.8770823673417514e-09,5.460886081625094e-09,5.013487955469317e-09,4.619422881084496e-09,4.3531824949279796e-09,4.260095316322173e-09,4.346140099845531e-09,4.5798039577253845e-09,4.90464947995939e-09,5.257550371544542e-09,5.5860958494940495e-09,5.8598272156858015e-09,6.072938497419022e-09,6.2393746413432596e-09,6.383548666111388e-09,6.530528909870823e-09,6.69869840403044e-09,6.8962754078077035e-09,7.121507092554222e-09,7.365339922004847e-09,7.615074013019352e-09,7.857763213482545e-09,8.082638082041996e-09,8.28234462691347e-09,8.453155809686534e-09,8.594486850249224e-09,8.70806510090676e-09,8.797034529449189e-09,8.865172413568841e-09,8.916300615821709e-09,8.953903911896465e-09,8.980926393128256e-09,8.999698998724758e-09,9.011949126347516e-09,9.018849902077886e-09,9.021076815507178e-09
2026-05-22 13:36:26.336023,[66.88767201],2.622032888511411e-09,2.633535755403446e-09,2.6680588272485946e-09,2.7256235568139775e-09,2.806193944124839e-09,2.9095738994221803e-09,3.035273196142817e-09,3.1823506328024205e-09,3.3492437439791747e-09,3.533594067330373e-09,3.7320768208066964e-09,3.9402469126493255e-09,4.15242415855184e-09,4.3616638320110484e-09,4.5598943356148024e-09,4.738342155383157e-09,4.88838173198354e-09,5.0029089755180505e-09,5.0782074284757695e-09,5.11604639417361e-09,5.125464383998009e-09,5.123458913357782e-09,5.1337799660234124e-09,5.1833444580580815e-09,5.296476462977462e-09,5.488073752212489e-09,5.7575702617851165e-09,6.085811146689281e-09,6.436420887464614e-09,6.761975651680236e-09,7.01369707937238e-09,7.1520896104051005e-09,7.155504398243442e-09,7.024242879507176e-09,6.7792666109459955e-09,6.456269761009732e-09,6.097151208456787e-09,5.741382262423907e-09,5.419372026732824e-09,5.14898323315545e-09,4.935284015845812e-09,4.772804090676195e-09,4.6491739592327576e-09,4.549042066951045e-09,4.457444428275312e-09,4.362174978142521e-09,4.255044412299978e-09,4.132155572539019e-09,3.993452758557367e-09,3.841839375595652e-09,3.6821321795866547e-09,3.520059094559636e-09,3.3614336488881245e-09,3.2115686391450642e-09,3.0749347518260414e-09,2.9550311512806003e-09,2.854414525672733e-09,2.7748276278663513e-09,2.7173732217500672e-09,2.6826897086291985e-09,2.6710966725468823e-09
2026-05-22 13:36:26.479047,[94.83463437],1.6962654934032781e-06,1.703701305807828e-06,1.7262115932268207e-06,1.7644353831058445e-06,1.8195363949010353e-06,1.8933375948230333e-06,1.9884715651631214e-06,2.108485454142545e-06,2.25779683666473e-06,2.4413530194506423e-06,2.6638232587329386e-06,2.9281850134006635e-06,3.233689813313838e-06,3.573434909505206e-06,3.93210353793056e-06,4.2847777573263615e-06,4.597903120698692e-06,4.833283785760202e-06,4.955257851527682e-06,4.939987130621493e-06,4.784434456348112e-06,4.511715511274731e-06,4.1697828577677975e-06,3.822186695481983e-06,3.53262352231275e-06,3.3480025925914976e-06,3.2862896639463167e-06,3.3342613034896616e-06,3.4565375591229844e-06,3.612342605604605e-06,3.7727562085388227e-06,3.93079679477619e-06,4.09997226368099e-06,4.3024110880277125e-06,4.552580143195988e-06,4.8444443703227945e-06,5.147929933484732e-06,5.4159522233945915e-06,5.598519202190502e-06,5.657776372251131e-06,5.5782399151296505e-06,5.369196336733899e-06,5.0596940611819905e-06,4.689107462964885e-06,4.29708610529466e-06,3.915934361167835e-06,3.56684962846313e-06,3.259841784169635e-06,2.9961352510214503e-06,2.771569513922939e-06,2.5797893794649037e-06,2.4145455147793216e-06,2.270937920759987e-06,2.145778734506576e-06,2.037395775071142e-06,1.945190985030625e-06,1.8691803974721025e-06,1.8096364895004e-06,1.7668671470128655e-06,1.7411116509585356e-06,1.7325112691428744e-06
2026-05-22 13:36:26.530968,[68.48405388],4.8678342385748724e-09,4.887453091028783e-09,4.946299389170974e-09,5.044290154230692e-09,5.181119061657589e-09,5.356026845899271e-09,5.567529565977798e-09,5.813163112191305e-09,6.089324833575598e-09,6.391308831510837e-09,6.713628153662245e-09,7.050680916875726e-09,7.397738437361782e-09,7.752114599044543e-09,8.114241032660665e-09,8.488270414402276e-09,8.881823278304472e-09,9.304634820192049e-09,9.766154001664267e-09,1.0272529274559836e-08,1.082374031184337e-08,1.1411733915972751e-08,1.2020187798810952e-08,1.262600059757502e-08,1.3202005440646398e-08,1.372003173666685e-08,1.4153517547442026e-08,1.4479378177143145e-08,1.4679458892692648e-08,1.4742208785070152e-08,1.4664931132855633e-08,1.4456195469710142e-08,1.4137213677271454e-08,1.3740763951742688e-08,1.3306890520238277e-08,1.2875899940190858e-08,1.2480478751495257e-08,1.2139374048444798e-08,1.1854657789330374e-08,1.1613327403333175e-08,1.1392480865372755e-08,1.1166210308226326e-08,1.0912077416264239e-08,1.06155419748253e-08,1.0271662218702516e-08,9.884325280657014e-09,9.463870717890714e-09,9.024133564434426e-09,8.579744160731596e-09,8.14416312776962e-09,7.72857529583678e-09,7.3415207528374825e-09,6.989030509909352e-09,6.6750306620216186e-09,6.4018340420763195e-09,6.170609024098437e-09,5.981774734297829e-09,5.835310621563952e-09,5.7309874318659075e-09,5.668532269208372e-09,5.647739085060466e-09
2026-05-22 13:36:26.579515,[65.48371681],1.5984059213166863e-09,1.6037397372771207e-09,1.619858866515649e-09,1.6471159935599324e-09,1.6860946031335797e-09,1.7375913058073483e-09,1.802568246496656e-09,1.8820533015957864e-09,1.9769642790897996e-09,2.087841915159472e-09,2.2145020877693778e-09,2.355665369385986e-09,2.508689177293227e-09,2.669597018606608e-09,2.8336340292299654e-09,2.9965261967978153e-09,3.1564338133910305e-09,3.3162574114551308e-09,3.4855444451426566e-09,3.6809239527977368e-09,3.923999821263426e-09,4.2361659458627815e-09,4.630895057916822e-09,5.1054218212970665e-09,5.634815303869009e-09,6.171540659779116e-09,6.652325718611909e-09,7.0116577741252655e-09,7.19842109147104e-09,7.1903267166034084e-09,7.000939033299782e-09,6.6764742210053636e-09,6.283254880282144e-09,5.890147688843598e-09,5.5519573652839604e-09,5.298936980816322e-09,5.134820779975451e-09,5.042460471597961e-09,4.993713696911074e-09,4.959534805339934e-09,4.917176389938006e-09,4.853249637430082e-09,4.763153864933055e-09,4.6484084536016064e-09,4.5135470187924395e-09,4.3637240497688435e-09,4.203463805677865e-09,4.036401622466376e-09,3.865588081989647e-09,3.6939243135128875e-09,3.524452358392379e-09,3.3604106055142037e-09,3.2050990752110946e-09,3.061657460854509e-09,2.9328546525840226e-09,2.8209517344950412e-09,2.727658085734212e-09,2.654168164429011e-09,2.6012497416338016e-09,2.5693506107598436e-09,2.5586952161094657e-09
2026-05-22 13:36:26.668094,[89.96861856],5.534980475400926e-07,5.559463871311855e-07,5.633515295596933e-07,5.75902144985183e-07,5.939393954379784e-07,6.179926966604123e-07,6.488178681502745e-07,6.874189003816704e-07,7.350220294532e-07,7.929583158361176e-07,8.624053577869752e-07,9.439504805537253e-07,1.0369779671093755e-06,1.1389578143739588e-06,1.2448154580977329e-06,1.3466611552754422e-06,1.4342010814530885e-06,1.496076294071096e-06,1.522137978351424e-06,1.5062877321848644e-06,1.4491029330999306e-06,1.3592247328006854e-06,1.252615648199331e-06,1.1493906414041455e-06,1.0688637233299137e-06,1.0243635790487972e-06,1.0197762782198005e-06,1.0493297319578789e-06,1.1008876015933651e-06,1.161471553049555e-06,1.2226392720714065e-06,1.2833264169974782e-06,1.3489067413286957e-06,1.4270030032894511e-06,1.5220986471241065e-06,1.6314958562073164e-06,1.7444319363875383e-06,1.8446400347993806e-06,1.915123651570844e-06,1.9431157415652915e-06,1.923375321346995e-06,1.8588930158499311e-06,1.759194560703814e-06,1.6372373601509076e-06,1.5061381636514909e-06,1.37670362355827e-06,1.2562080482309904e-06,1.1483496116927098e-06,1.0539961326325885e-06,9.722471703096712e-07,9.014311890712154e-07,8.398259276807292e-07,7.860514577738857e-07,7.391921995075078e-07,6.987481126901601e-07,6.645118668498289e-07,6.364409495859606e-07,6.145607577757345e-07,5.989081554801758e-07,5.895087640730835e-07,5.86374593520031e-07
2026-05-22 13:36:26.716459,[66.87013032],3.754718875561626e-09,3.774094051677501e-09,3.832438833484295e-09,3.930376839139586e-09,4.068831598712315e-09,4.248845830771186e-09,4.471315099678072e-09,4.736624709099514e-09,5.04418067051758e-09,5.3918351344056924e-09,5.775229139960585e-09,6.187116578605162e-09,6.616795511741559e-09,7.049850442074794e-09,7.46848057734477e-09,7.852714169475953e-09,8.182732889839754e-09,8.442302894130324e-09,8.622919610929003e-09,8.72778797281133e-09,8.774343633434655e-09,8.793910154354143e-09,8.827500587386296e-09,8.917775248428677e-09,9.098557802575975e-09,9.384605052026708e-09,9.76490772020656e-09,1.0202212173662575e-08,1.0639687117913118e-08,1.101327118724026e-08,1.1266172320412788e-08,1.1361155378588263e-08,1.1287056546169781e-08,1.105807328329485e-08,1.0706883950156473e-08,1.0274511620926337e-08,9.800399612163444e-09,9.315398208724981e-09,8.838821104966589e-09,8.379175273717385e-09,7.93718363185407e-09,7.50950105860982e-09,7.091901690530191e-09,6.681342009018863e-09,6.27686339574669e-09,5.879624254975274e-09,5.4924389561817554e-09,5.1191351428090405e-09,4.763923693870514e-09,4.430874377200187e-09,4.123528511199631e-09,3.844651532835015e-09,3.596117231387631e-09,3.378909089083678e-09,3.1932177930966016e-09,3.0386081353826068e-09,2.9142254420907136e-09,2.8190126320120156e-09,2.7519135185709816e-09,2.7120443926735507e-09,2.6988223957041354e-09
2026-05-22 13:36:26.868228,[90.82358518],7.332107814225e-07,7.366142801970963e-07,7.469169024832857e-07,7.644050140158201e-07,7.895875744112298e-07,8.232368237432576e-07,8.664275076765945e-07,9.205486208836013e-07,9.87245921069813e-07,1.0682386890314883e-06,1.164949410397459e-06,1.2779034072297145e-06,1.4059107460801973e-06,1.5451416624750016e-06,1.6883377242976824e-06,1.8245242240043561e-06,1.9396361046844748e-06,2.0183602820302316e-06,2.0471808596471613e-06,2.018121329023739e-06,1.932158494957833e-06,1.800987237425086e-06,1.6460014288796112e-06,1.494136773936513e-06,1.3714246698869955e-06,1.2962587552235138e-06,1.2748712871284381e-06,1.3009349764890317e-06,1.3596192650228648e-06,1.4344818285032461e-06,1.5142206592244357e-06,1.5963076292184696e-06,1.6859674588210815e-06,1.7911751667130817e-06,1.9162053935821818e-06,2.056847209716e-06,2.199464653053661e-06,2.3241977282828547e-06,2.4107570881797057e-06,2.4443293009036474e-06,2.4193782605250943e-06,2.340279045593742e-06,2.219083763853499e-06,2.0716745834130715e-06,1.9138158035377707e-06,1.7582583739098305e-06,1.613391162248696e-06,1.483311217291941e-06,1.3688115341217528e-06,1.2687022020375866e-06,1.1810090650225655e-06,1.1038087615286447e-06,1.0356563695324713e-06,9.756877703354707e-07,9.235263173148518e-07,8.791137030932571e-07,8.425472220339535e-07,8.139636943303376e-07,7.934776437579767e-07,7.811621360889593e-07,7.770534890480108e-07
2026-05-22 13:36:26.919792,[70.09171113],4.202078029594166e-09,4.2158105462411105e-09,4.257239693255278e-09,4.327080907583323e-09,4.4265934243669094e-09,4.557670607209979e-09,4.722936517652795e-09,4.9257987474291244e-09,5.170374515903772e-09,5.461179995557669e-09,5.8024770891192955e-09,6.197242158909321e-09,6.64588876381317e-09,7.14514346400269e-09,7.687779518660483e-09,8.264109384089196e-09,8.866000243916109e-09,9.493490295238722e-09,1.0162788809520393e-08,1.0912815557587433e-08,1.1806168672859163e-08,1.2920472168186732e-08,1.432824796415888e-08,1.6067801637252693e-08,1.8112875988040426e-08,2.0352643064485742e-08,2.259338189224293e-08,2.4587581171692047e-08,2.608636760994037e-08,2.6900854647417447e-08,2.69521377756828e-08,2.6291762387815353e-08,2.50845309886982e-08,2.3559487919251723e-08,2.1946645748261068e-08,2.0421305152415515e-08,1.9073122639522783e-08,1.7906127992220015e-08,1.686401292543958e-08,1.5867255495750974e-08,1.4847428739094475e-08,1.3768494780014701e-08,1.2631929366736392e-08,1.1468771247665932e-08,1.0325015917801008e-08,9.246847115899602e-09,8.270068094382498e-09,7.415284754327653e-09,6.688126727605565e-09,6.0826250935974204e-09,5.585737443993828e-09,5.181527342458625e-09,4.854224684451424e-09,4.590006539021353e-09,4.377713162001231e-09,4.208856701825032e-09,4.077264269306138e-09,3.978606177408767e-09,3.909956725307461e-09,3.8694523972847855e-09,3.856061046618316e-09
2026-05-22 13:36:26.967738,[65.7207553],1.0250104934419962e-09,1.0288184463409888e-09,1.0403218661311036e-09,1.0597535257238383e-09,1.0874804016203992e-09,1.1239679155714252e-09,1.1697220162452488e-09,1.225203200247724e-09,1.2907082439093956e-09,1.3662202572938133e-09,1.4512364131730925e-09,1.5445951754473218e-09,1.644339229557595e-09,1.7476625991537185e-09,1.8509946545389035e-09,1.950263409500864e-09,2.041351472791345e-09,2.1207117352077077e-09,2.186055757103138e-09,2.2369824104153853e-09,2.2753961116524096e-09,2.305585105912559e-09,2.3338890991022644e-09,2.367965241979771e-09,2.4157373035144275e-09,2.4841653699187365e-09,2.57799900134163e-09,2.698687013356064e-09,2.843624707331862e-09,3.0059208856392555e-09,3.1748367254784536e-09,3.3369546519064e-09,3.4779700135120897e-09,3.5848011229533763e-09,3.647564535119744e-09,3.660944667415868e-09,3.624633990698433e-09,3.5427893587215803e-09,3.422737385896954e-09,3.273352905709891e-09,3.1035622705965614e-09,2.921296617033566e-09,2.7330116544909306e-09,2.5436932989687524e-09,2.357151474264529e-09,2.1763880312160943e-09,2.0038847671823617e-09,1.8417479196543148e-09,1.6917238402411308e-09,1.5551436516773635e-09,1.4328607674887205e-09,1.3252264579858486e-09,1.232121360258663e-09,1.153037541210202e-09,1.0871924297691179e-09,1.033652797617839e-09,9.914508304076273e-10,9.596812452736578e-10,9.37575242049177e-10,9.245520712745499e-10,9.202516362803405e-10
2026-05-22 13:36:27.068474,[91.78631996],9.757877905342936e-07,9.804730830439587e-07,9.946325961118243e-07,1.0185867872617452e-06,1.05289980332553e-06,1.09841691864523e-06,1.1562969923046586e-06,1.2280104358120039e-06,1.3152552038322058e-06,1.4197265172312407e-06,1.542670961027318e-06,1.6841777141146977e-06,1.8422251492582449e-06,2.011617683970893e-06,2.18310182807948e-06,2.343094658868925e-06,2.4745108395292387e-06,2.5590408799628682e-06,2.5808532379203524e-06,2.531102797310196e-06,2.4120062936272726e-06,2.2388916406546684e-06,2.0388534653737526e-06,1.8455890669788528e-06,1.691445135502059e-06,1.5991083733090057e-06,1.575990222554066e-06,1.613672048485081e-06,1.6928648192114206e-06,1.7919608369364758e-06,1.8955655969380808e-06,1.999327374764381e-06,2.1090770347388035e-06,2.2349568473590734e-06,2.383518856495697e-06,2.5515688626750405e-06,2.7245006894049904e-06,2.879643540114626e-06,2.9929127074554126e-06,3.0458568665817494e-06,3.0304265688927067e-06,2.9500972174265085e-06,2.817585314884465e-06,2.6505575160938044e-06,2.4670834876615276e-06,2.2822046157403066e-06,2.1062400357623533e-06,1.9447253959242363e-06,1.7994322011156838e-06,1.6698044416438859e-06,1.5542863200053507e-06,1.4512573259217174e-06,1.359517305606263e-06,1.2784101259184324e-06,1.207730570163012e-06,1.1475490276117165e-06,1.0980458485284408e-06,1.059399453901744e-06,1.0317351018507275e-06,1.0151195587263482e-06,1.0095790611226637e-06
2026-05-22 13:36:27.118999,[70.93441767],4.81878827585236e-09,4.8329211518980675e-09,4.875601685751554e-09,4.947712680155476e-09,5.050847783709073e-09,5.187486295552388e-09,5.361206657720671e-09,5.576878459998535e-09,5.84072527260341e-09,6.160103740483421e-09,6.542828237708634e-09,6.995929789279992e-09,7.523919296565243e-09,8.126946844071252e-09,8.799659109831809e-09,9.531895672731374e-09,1.0312365539281863e-08,1.1135813017131527e-08,1.2012767117366513e-08,1.297898573043425e-08,1.4099879094486575e-08,1.5464660985850693e-08,1.7166823178910607e-08,1.9272090427891655e-08,2.1781221037947955e-08,2.4600345603760945e-08,2.7532865820048776e-08,3.03021827428292e-08,3.260423455770061e-08,3.417665677723505e-08,3.486281753050817e-08,3.464864691922724e-08,3.365914718435852e-08,3.211627681972097e-08,3.027405178665678e-08,2.8353961258364247e-08,2.6501358131240938e-08,2.4773245105657707e-08,2.3155087424705558e-08,2.1594621292360073e-08,2.0037439894556916e-08,1.8452314555689966e-08,1.6840964603631247e-08,1.5233763002900148e-08,1.3677082452115157e-08,1.2218877914943053e-08,1.0897449231197142e-08,9.735616918579404e-09,8.74011212140469e-09,7.904547135293823e-09,7.213968960172223e-09,6.649374364625669e-09,6.191243195917388e-09,5.821786462307068e-09,5.526036661344162e-09,5.292105948263396e-09,5.110961376876649e-09,4.975996133967638e-09,4.88257769088687e-09,4.827667638221374e-09,4.8095492325874775e-09
2026-05-22 13:36:27.164304,[66.56859307],2.0730927960255258e-09,2.0813944720313437e-09,2.1063926767544764e-09,2.148352571221032e-09,2.2076682545578937e-09,2.2847915680355425e-09,2.380134791406467e-09,2.4939525574500146e-09,2.6262140064932005e-09,2.7764846070869573e-09,2.943847628106883e-09,3.126905834216245e-09,3.32391015968561e-09,3.5330569345843263e-09,3.7529702970150114e-09,3.983335140586741e-09,4.2255691163776096e-09,4.4833345068881615e-09,4.762624564300299e-09,5.0711601134676395e-09,5.416944415603128e-09,5.806061956990962e-09,6.2401282305083536e-09,6.714095077403701e-09,7.2152413809690156e-09,7.724005823868654e-09,8.216822364824609e-09,8.670427938398096e-09,9.06648598017865e-09,9.395098687748088e-09,9.656039392145922e-09,9.857272236879238e-09,1.0011260454413664e-08,1.0130312582275764e-08,1.0222474117233249e-08,1.0289163112707808e-08,1.0325046340151826e-08,1.0319879123613406e-08,1.026148884594081e-08,1.013892026434847e-08,9.944945316288854e-09,9.677511375038376e-09,9.34007825940638e-09,8.941054307777984e-09,8.49265211130856e-09,8.00947809687077e-09,7.507104289665046e-09,7.0007923604931816e-09,6.504472953266745e-09,6.03003137776679e-09,5.5869098700049595e-09,5.182003171336597e-09,4.819798151076945e-09,4.502691751848584e-09,4.2314162581508015e-09,4.005506093381278e-09,3.823753086139878e-09,3.6846133276105526e-09,3.5865445036457002e-09,3.5282652063083064e-09,3.5089359292026003e-09
2026-05-22 13:36:27.258616,[93.8756701],1.5768450043418522e-06,1.5844986235854332e-06,1.6076364753406186e-06,1.6468035304015512e-06,1.7029515736154603e-06,1.7774913547977336e-06,1.8723321884024126e-06,1.9898609610155777e-06,2.132784441370698e-06,2.3037332374496752e-06,2.504519546861943e-06,2.7349784225704648e-06,2.99142897213767e-06,3.264979438226053e-06,3.5401457163995777e-06,3.794480512474722e-06,3.999989448537802e-06,4.126889827776051e-06,4.149652090733198e-06,4.054313537560175e-06,3.845055139339747e-06,3.547467259939782e-06,3.2062976056195044e-06,2.8769964934369814e-06,2.612727193842567e-06,2.4507816554476878e-06,2.4033543978817395e-06,2.45654298444679e-06,2.578365908109454e-06,2.732736559999222e-06,2.893557726224737e-06,3.052921682846466e-06,3.22008202899806e-06,3.4121557393308966e-06,3.641277110337535e-06,3.90430320437171e-06,4.179606344750524e-06,4.431964968706381e-06,4.622956019095789e-06,4.722252669424777e-06,4.715507047248418e-06,4.606524573181844e-06,4.41398645210461e-06,4.164860674613218e-06,3.887256677367686e-06,3.604925982722294e-06,3.3344464011218252e-06,3.0849778258221954e-06,2.8597535798939653e-06,2.6582748399824828e-06,2.4783753665594746e-06,2.3176971961262967e-06,2.174473006340578e-06,2.0477434800773914e-06,1.9372305366266723e-06,1.8430753852687624e-06,1.765585870930303e-06,1.705063769890417e-06,1.6617245686302496e-06,1.6356880110047545e-06,1.6270049318080837e-06
2026-05-22 13:36:27.312054,[72.16251646],8.22727583468507e-09,8.252524938194086e-09,8.328643640158674e-09,8.456802939142543e-09,8.639145292435783e-09,8.879069470719863e-09,9.18160528925886e-09,9.553808087557848e-09,1.000503015352275e-08,1.0546844290420478e-08,1.119234353444778e-08,1.1954585709113675e-08,1.2844167162556681e-08,1.3866342494713621e-08,1.5018710478956633e-08,1.6291059778956766e-08,1.7669138751018178e-08,1.914342788737414e-08,2.0722150060924903e-08,2.2444934144617008e-08,2.4390677703742653e-08,2.6671846921008543e-08,2.9409430877579808e-08,3.268883555811436e-08,3.6506003580219786e-08,4.072155509323308e-08,4.504410084526181e-08,4.905846408538143e-08,5.230031290342304e-08,5.436031354966862e-08,5.4986339524097235e-08,5.414904758707397e-08,5.204715581051542e-08,4.9050153600057885e-08,4.5598796651234834e-08,4.209771546300686e-08,3.8834194975145256e-08,3.594394080804821e-08,3.3425410935137094e-08,3.1187745096045684e-08,2.9109541862912873e-08,2.708787237794506e-08,2.5065753209724433e-08,2.3036703100497572e-08,2.1032679233706585e-08,1.9104722591886876e-08,1.7304544564973923e-08,1.567193700567955e-08,1.4229288272350572e-08,1.2981940643269236e-08,1.1922023160231e-08,1.1033464304714029e-08,1.0296584604322819e-08,9.691490494123547e-09,9.200135207262781e-09,8.807281057883652e-09,8.50072507414335e-09,8.271125270144508e-09,8.111674353289278e-09,8.017770311173917e-09,7.986758059738583e-09
2026-05-22 13:36:27.366818,[66.62784141],1.8843389157983264e-09,1.8933220403490403e-09,1.9203561026396634e-09,1.9656734985224108e-09,2.0295882138654707e-09,2.1123826755532235e-09,2.214145771009625e-09,2.3345648823597756e-09,2.472684715432691e-09,2.6266615452248945e-09,2.793562009637634e-09,2.9692764403674975e-09,3.148629727810512e-09,3.325766430475417e-09,3.4948496378154894e-09,3.651039069222654e-09,3.7916102789612956e-09,3.91696950310826e-09,4.0312505612612926e-09,4.142198589094721e-09,4.260178789719712e-09,4.396382066872694e-09,4.560564369451444e-09,4.758846848894107e-09,4.992123075449565e-09,5.255437434927032e-09,5.538383873261349e-09,5.826271603335884e-09,6.101660641351876e-09,6.345943034106148e-09,6.5408610318802696e-09,6.670045144768728e-09,6.720672832693e-09,6.685164045714926e-09,6.562564317932075e-09,6.359116028989894e-09,6.087625037014899e-09,5.765582184441442e-09,5.412435607042048e-09,5.046714879397064e-09,4.683737491882681e-09,4.334382627651038e-09,4.005026824350864e-09,3.6983776131772426e-09,3.4147457023709146e-09,3.1532988612878087e-09,2.912988470278144e-09,2.693038442957864e-09,2.493051641943893e-09,2.3128772381565276e-09,2.1523932303136482e-09,2.011318324000251e-09,1.889109948541656e-09,1.7849555953826272e-09,1.6978346247722438e-09,1.6266174461136734e-09,1.5701724862662462e-09,1.5274612272062067e-09,1.4976120675601723e-09,1.4799716770382122e-09,1.4741369165754429e-09
2026-05-22 13:36:27.464113,[94.71674053],2.037732042979933e-06,2.0479762279181447e-06,2.0789363998120794e-06,2.1313083460836037e-06,2.206290465041496e-06,2.30562413589584e-06,2.43160650748748e-06,2.5870156534170586e-06,2.774855866608624e-06,2.9978038661962425e-06,3.2572356006242378e-06,3.551767264951588e-06,3.875381910562694e-06,4.215445084836971e-06,4.551206549902118e-06,4.8536431361981525e-06,5.0875600899265166e-06,5.216556534333647e-06,5.2106730561934535e-06,5.055369878443668e-06,4.7593002030619294e-06,4.357737225787597e-06,3.909073705129046e-06,3.4837669545067775e-06,3.148003454528896e-06,2.9470617160560784e-06,2.8944317433362033e-06,2.9712458265421405e-06,3.136703279582141e-06,3.345485369669583e-06,3.564919174647203e-06,3.784639288955213e-06,4.0149269153958556e-06,4.27516554082626e-06,4.578318817890387e-06,4.918817494737661e-06,5.269171189530658e-06,5.58628069985358e-06,5.8241186364251564e-06,5.947174599747202e-06,5.939547133769248e-06,5.807099369146532e-06,5.5731656382014045e-06,5.270488688494593e-06,4.932705104924583e-06,4.587951863780122e-06,4.255735057142025e-06,3.94683566592028e-06,3.6651999321366195e-06,3.410571712305271e-06,3.1808958810002385e-06,2.9739822574022e-06,2.7883412912488007e-06,2.6233686254662588e-06,2.4791520230058852e-06,2.356148592479567e-06,2.2548967379231407e-06,2.175837113465928e-06,2.119248471842464e-06,2.0852657902527597e-06,2.073935330599945e-06
2026-05-22 13:36:27.514559,[73.51005988],1.0343669181295417e-08,1.0377820067108664e-08,1.0480928005219988e-08,1.0655026322382035e-08,1.0903723295240508e-08,1.123250442372484e-08,1.1649077062878113e-08,1.2163628220771954e-08,1.2788779700556337e-08,1.3538947203117415e-08,1.4428800567447183e-08,1.5470665002757098e-08,1.6671079317252415e-08,1.8027357481364312e-08,1.9525764488444335e-08,2.1143490712233596e-08,2.2856475016608588e-08,2.465374762362397e-08,2.655611889000262e-08,2.8633240491839133e-08,3.1009791942335775e-08,3.38509950990207e-08,3.7321817958148185e-08,4.152347843716745e-08,4.642282852547417e-08,5.179981805897632e-08,5.723957650883458e-08,6.218512225081449e-08,6.604600399738637e-08,6.833489177740079e-08,6.878893554157717e-08,6.743401328498578e-08,6.456898085784139e-08,6.06762106603951e-08,5.629125283129682e-08,5.187676524534394e-08,4.7739448853463064e-08,4.400809659881916e-08,4.066649185748069e-08,3.7617413812446754e-08,3.474915097553763e-08,3.198277798104769e-08,2.9291347510650722e-08,2.6694399260664055e-08,2.4238311318883405e-08,2.1974015533427787e-08,1.9940234246684062e-08,1.8155502399996295e-08,1.6618160393047125e-08,1.5311346321536736e-08,1.4209722217574476e-08,1.3285532027409702e-08,1.2512808981703754e-08,1.1869570287449276e-08,1.1338430933507226e-08,1.09062591068808e-08,1.05634244713294e-08,1.0303009259985498e-08,1.0120168160948646e-08,1.0011688602115867e-08,9.97572907360943e-09
2026-05-22 13:36:27.563136,[70.76246383],1.173714304654252e-08,1.1797754895954581e-08,1.1980386241205896e-08,1.2287299263172725e-08,1.2721837257657216e-08,1.3287753211952914e-08,1.3988218865588957e-08,1.4824491074165252e-08,1.5794250148441782e-08,1.688970064105816e-08,1.8095644187615628e-08,1.9387888689044986e-08,2.073251720360665e-08,2.2086641366487945e-08,2.3401218115728906e-08,2.4626220171468214e-08,2.5717867757042582e-08,2.664680529718697e-08,2.740525433913707e-08,2.8010658902576576e-08,2.8503580589702773e-08,2.893886678668328e-08,2.9371287952361455e-08,2.983927872652009e-08,3.0352072754983034e-08,3.0885350361406116e-08,3.138807474004601e-08,3.179907470329041e-08,3.206775410989399e-08,3.217105587588427e-08,3.211982296741982e-08,3.1951837563506586e-08,3.171434824195224e-08,3.1443277321088834e-08,3.114749933764631e-08,3.0804128083349925e-08,3.0365949559982186e-08,2.9777313530933307e-08,2.8992041688717472e-08,2.7987099276019483e-08,2.676832834214573e-08,2.5367954179425826e-08,2.3836312249858566e-08,2.223142224020497e-08,2.060965206688746e-08,1.9019383801981365e-08,1.7498100771619812e-08,1.6072235691820107e-08,1.4758663637391494e-08,1.356679236198609e-08,1.2500550731403561e-08,1.155996610190759e-08,1.0742308062037696e-08,1.0042917053890469e-08,9.45585972186391e-09,8.974512168773676e-09,8.592115574520245e-09,8.302304218018897e-09,8.09958292453045e-09,7.979726109645108e-09,7.940076010289142e-09
2026-05-22 13:36:27.711990,[89.89515308],6.646460467802764e-07,6.679949277115693e-07,6.781067481759991e-07,6.951796195368768e-07,7.195510019429249e-07,7.517032705320222e-07,7.922584174041375e-07,8.419440807124103e-07,9.015038283345958e-07,9.71517270197831e-07,1.0520964926779773e-06,1.1424432813985574e-06,1.2402950480766392e-06,1.3413587477504212e-06,1.438920223038654e-06,1.5238903899525297e-06,1.5855597970249319e-06,1.6132255395640154e-06,1.598601265397182e-06,1.5385564866548608e-06,1.4373750077819095e-06,1.307560166659269e-06,1.1684257793068872e-06,1.0423553958005328e-06,9.495335399955768e-07,9.027803826080787e-07,9.04407173938605e-07,9.464673587332682e-07,1.0145012966941423e-06,1.0933761291203252e-06,1.1728318274194956e-06,1.2504115049465745e-06,1.3306184752524184e-06,1.4208633266940425e-06,1.5261916789516574e-06,1.6452232289073111e-06,1.7690228912622182e-06,1.8831957652902788e-06,1.972097119777047e-06,2.0233182811528055e-06,2.0307731194401714e-06,1.99553283776856e-06,1.924549987020055e-06,1.828122737914859e-06,1.7171620707023304e-06,1.601093318506879e-06,1.4867712983465758e-06,1.3783545219258005e-06,1.2778189838484816e-06,1.1857273652175545e-06,1.1019504124079399e-06,1.026178246262016e-06,9.581893118901925e-07,8.979269424813363e-07,8.454637388161431e-07,8.009268123058172e-07,7.644320758778292e-07,7.360489039977011e-07,7.157962352486622e-07,7.036599550505931e-07,6.996178518263594e-07
2026-05-22 13:36:27.912996,[90.78353553],8.887182873675149e-07,8.933036289383541e-07,9.071532845365483e-07,9.305505500129681e-07,9.639736315226479e-07,1.0080969562971674e-06,1.0637745975761789e-06,1.1319818357197944e-06,1.2136794608046084e-06,1.309557130924646e-06,1.4196151635902676e-06,1.5425696326567682e-06,1.6751238041856993e-06,1.8112419295232134e-06,1.941673741520906e-06,2.054069044561107e-06,2.1340278269758846e-06,2.1672848364766712e-06,2.142895555846847e-06,2.056820606133583e-06,1.9148530838230173e-06,1.733636030634396e-06,1.5388001611756872e-06,1.360084758599989e-06,1.2244841253973205e-06,1.1495146191030587e-06,1.1390560861558758e-06,1.1835294299156431e-06,1.2645535556475422e-06,1.3623329636323733e-06,1.462773393230302e-06,1.5613956858704055e-06,1.6625630520807957e-06,1.7746765467411568e-06,1.9037704454161074e-06,2.0484948475556744e-06,2.198610549466837e-06,2.3373757562343956e-06,2.4464964233105626e-06,2.511425995730653e-06,2.5250034352027977e-06,2.488417155402602e-06,2.4096781563855177e-06,2.300629960241395e-06,2.1737618413481693e-06,2.0398007303927783e-06,1.9065092871582901e-06,1.7786020794014947e-06,1.658385654726725e-06,1.5466638786172028e-06,1.4435567207724582e-06,1.3490538429977896e-06,1.2632789457566941e-06,1.1865349200059873e-06,1.1192305803057753e-06,1.061776483565162e-06,1.014504517636546e-06,9.776324638454027e-07,9.512704973213966e-07,9.354538882689573e-07,9.301829308780587e-07
2026-05-22 13:36:27.964522,[69.92907834],4.620529483667951e-09,4.635015603946797e-09,4.678916116429712e-09,4.753607792530921e-09,4.861545674925794e-09,5.006473747416027e-09,5.193645422646246e-09,5.429951225387465e-09,5.723797777265395e-09,6.084542205923243e-09,6.52129762483605e-09,7.041038444097481e-09,7.646191673661141e-09,8.332301371998269e-09,9.086808722439407e-09,9.89029160317411e-09,1.0721350330639095e-08,1.156542170658755e-08,1.2426081203107338e-08,1.3335223836374844e-08,1.435680438343052e-08,1.5578804856666614e-08,1.709077905069514e-08,1.8949684818965948e-08,2.1143181090768343e-08,2.3564206030360577e-08,2.6010355546387778e-08,2.82148577075449e-08,2.99043534415069e-08,3.0866848032259606e-08,3.10068283992393e-08,3.036750252937384e-08,2.9111950335734764e-08,2.7470688866648223e-08,2.5675612737576114e-08,2.3903912706209443e-08,2.2249288959427392e-08,2.0725238343944467e-08,1.929261065270555e-08,1.7896361467197463e-08,1.6496529233102168e-08,1.508430491424562e-08,1.3681882934021979e-08,1.2330926150520783e-08,1.1077010154290448e-08,9.95647032893065e-09,8.989157015275825e-09,8.177477572712557e-09,7.50997889945379e-09,6.966972157302448e-09,6.52604041417133e-09,6.166140326429324e-09,5.869903302836125e-09,5.624367318359935e-09,5.42065668069727e-09,5.253144952383347e-09,5.118507039063916e-09,5.014896837952712e-09,4.941342356194288e-09,4.897356294079382e-09,4.882715670322876e-09
2026-05-22 13:36:28.118778,[91.77924151],1.1750658874614074e-06,1.1812570835248162e-06,1.199934902232403e-06,1.2314118232450356e-06,1.276205705608343e-06,1.3350265860740146e-06,1.4087374508558504e-06,1.4982622160954639e-06,1.604401811715593e-06,1.727510935047017e-06,1.8669932373011357e-06,2.0206041065679462e-06,2.1836192965989936e-06,2.348036237152462e-06,2.5021039885796473e-06,2.630579160245658e-06,2.716103800239436e-06,2.7419188725162922e-06,2.6957268638854955e-06,2.5739586024935214e-06,2.3851689633400344e-06,2.1510665815215057e-06,1.90403940852391e-06,1.6810497313821876e-06,1.5151925757383933e-06,1.4274721939358339e-06,1.4217741960259705e-06,1.4851687530578888e-06,1.5937214025923069e-06,1.721693397603711e-06,1.8504774994012799e-06,1.9736711585033456e-06,2.096406169332635e-06,2.229633922031706e-06,2.382245230523829e-06,2.5546424299159405e-06,2.7364173935581634e-06,2.908734562656342e-06,3.0499597038811727e-06,3.141956342304115e-06,3.1746359525002264e-06,3.1474739069447225e-06,3.0680976864189465e-06,2.9490682079941798e-06,2.8042964978524903e-06,2.646238357387991e-06,2.4843976801393e-06,2.3250788835613386e-06,2.1719696435790578e-06,2.0270497336469673e-06,1.8914333786365298e-06,1.7659427314104917e-06,1.651381829112255e-06,1.5485852092956568e-06,1.4583494120395712e-06,1.3813404967699978e-06,1.3180340155777662e-06,1.2687068596382616e-06,1.2334740527031073e-06,1.212350299060859e-06,1.2053133787214448e-06
2026-05-22 13:36:28.325314,[93.77997608],1.893452642107719e-06,1.9035809907295314e-06,1.9341479458570042e-06,1.985696497601656e-06,2.0591185037523302e-06,2.1556196157496308e-06,2.2766349652623956e-06,2.4236522407002758e-06,2.5978809322458183e-06,2.7996963264716433e-06,3.027799086511633e-06,3.2780851171404797e-06,3.5423323847347533e-06,3.8069821251197124e-06,4.052489480745513e-06,4.253866162197919e-06,4.383019042425297e-06,4.413185228389232e-06,4.325125922948952e-06,4.1138686058707575e-06,3.7939754602018877e-06,3.4010046839920216e-06,2.9874239404321007e-06,2.6128388568512958e-06,2.3306161284407623e-06,2.1749218746009577e-06,2.1528157470230063e-06,2.2446963328920745e-06,2.4133345759511625e-06,2.618180922679495e-06,2.8292777027910347e-06,3.0352214181827983e-06,3.2422852574353983e-06,3.4657860708884084e-06,3.718118186165948e-06,3.998991496444498e-06,4.291919277146452e-06,4.567853915174806e-06,4.793732639219321e-06,4.9420053506852255e-06,4.997484204086574e-06,4.95957867246676e-06,4.840099691919605e-06,4.65834757897797e-06,4.435672608618445e-06,4.191231595851934e-06,3.939731370448618e-06,3.691057754797499e-06,3.451150534510145e-06,3.2233621389925066e-06,3.0097109942135824e-06,2.811729509139681e-06,2.6308651419589736e-06,2.468548971414233e-06,2.326095157879654e-06,2.2045701389897503e-06,2.104714249921792e-06,2.0269426256432135e-06,1.971413026220745e-06,1.938128895578128e-06,1.927042468182676e-06
2026-05-22 13:36:28.380165,[66.75882046],3.7636345016389855e-09,3.776432736043942e-09,3.814905156156608e-09,3.879260177412855e-09,3.969764731283063e-09,4.086631327292646e-09,4.229877337747608e-09,4.399177623064216e-09,4.593740567214183e-09,4.81224465791093e-09,5.052873628877187e-09,5.3134778955636735e-09,5.591864940824989e-09,5.88618222343845e-09,6.1953112432270544e-09,6.519157024092301e-09,6.8587145887913325e-09,7.215839545465711e-09,7.592742720577242e-09,7.991340238224164e-09,8.412666357665929e-09,8.856538105676058e-09,9.321522219146808e-09,9.805037612995697e-09,1.030324490788475e-08,1.0810371390759901e-08,1.1317380064600242e-08,1.181035809924561e-08,1.2269455393798834e-08,1.2669356100024152e-08,1.2981914532834075e-08,1.318077729028066e-08,1.3246869434511505e-08,1.3173009073548329e-08,1.2965989803763356e-08,1.2645271611671749e-08,1.2238620875465032e-08,1.1776109525391522e-08,1.1284364443168085e-08,1.0782689707499499e-08,1.028185447062246e-08,9.785354434724852e-09,9.292219777311521e-09,8.800180208281754e-09,8.308193368726319e-09,7.817807483152635e-09,7.333325924163116e-09,6.861093445774851e-09,6.408363983125585e-09,5.98216772364405e-09,5.588450727219983e-09,5.231596196700381e-09,4.914307906872376e-09,4.637764344486277e-09,4.4019317662879415e-09,4.205937999915853e-09,4.048437472752733e-09,3.927927701141087e-09,3.843000861763053e-09,3.792528910409814e-09,3.775787913262321e-09
2026-05-22 13:36:28.431107,[65.35290677],1.6426693642738163e-09,1.6491662405690812e-09,1.6686870977866767e-09,1.7013128694595162e-09,1.7471464624094488e-09,1.806266635222211e-09,1.8786672125020942e-09,1.964185613904375e-09,2.0624261802475435e-09,2.1726858510826287e-09,2.2938929657427893e-09,2.4245750149128157e-09,2.5628783052918913e-09,2.7066704321512955e-09,2.8537610534201116e-09,3.0022700559862124e-09,3.151144927292628e-09,3.3007735465077624e-09,3.4535574432685256e-09,3.6142247562369296e-09,3.789612955830477e-09,3.987690444753536e-09,4.215750615613799e-09,4.477992855729864e-09,4.773026038107005e-09,5.092057782979236e-09,5.4185273240438155e-09,5.729630444507602e-09,5.999630969341296e-09,6.204246281476886e-09,6.324984326562704e-09,6.352284491126063e-09,6.286698563231031e-09,6.137980894566161e-09,5.922574226069162e-09,5.66034352769459e-09,5.371427730623552e-09,5.073816795918155e-09,4.781890230739164e-09,4.505843386164026e-09,4.251769978975423e-09,4.0221556601010155e-09,3.816600081256682e-09,3.632651798740594e-09,3.466674109416478e-09,3.3146632798059128e-09,3.1729376312106996e-09,3.0386281519497037e-09,2.909934395327026e-09,2.7861537708522653e-09,2.6675321917633657e-09,2.5550071434624303e-09,2.449916720624077e-09,2.353734020721372e-09,2.2678635432987947e-09,2.193512997496225e-09,2.131635647036593e-09,2.0829272244891203e-09,2.0478571168977633e-09,2.0267141516779867e-09,2.0196507883561115e-09
2026-05-22 13:36:28.528761,[73.673707],9.95455327337944e-09,9.987184697246299e-09,1.0085787594389165e-08,1.0252552934445631e-08,1.0491357233497411e-08,1.0808122294821999e-08,1.1211344251337298e-08,1.1712772516378556e-08,1.2328154089558958e-08,1.3077864480670484e-08,1.3987146544931596e-08,1.508562146721136e-08,1.6405791518873932e-08,1.7980487558173023e-08,1.9839638397389204e-08,2.20072539810431e-08,2.449987028514056e-08,2.732754276111197e-08,3.049749044204255e-08,3.401869268821938e-08,3.790369600980183e-08,4.216275939304379e-08,4.678661370459449e-08,5.171829232664293e-08,5.682097594493924e-08,6.185500762325553e-08,6.647948100365269e-08,7.028911325574586e-08,7.288538304687398e-08,7.396599061543726e-08,7.34052888220768e-08,7.129682846862379e-08,6.793993235838226e-08,6.37716777776552e-08,5.926557664854914e-08,5.4829748456317256e-08,5.0735606943858036e-08,4.709451838706739e-08,4.3881288150462393e-08,4.0987933536054116e-08,3.8284635296612424e-08,3.566786853774639e-08,3.308510899783509e-08,3.053604248077101e-08,2.8057649371452653e-08,2.5703129336631907e-08,2.3523045569500246e-08,2.1553326462923265e-08,1.9810952370682078e-08,1.829558783512461e-08,1.69944376289269e-08,1.5887855166114573e-08,1.4954095495099178e-08,1.4172538079082868e-08,1.3525393128111376e-08,1.2998263266733462e-08,1.2580018548521753e-08,1.2262369040719788e-08,1.203938753652589e-08,1.1907111410202132e-08,1.1863266529812075e-08
2026-05-22 13:36:28.578608,[68.72375087],6.313123929656959e-09,6.337794588948194e-09,6.412217978140894e-09,6.537602148018052e-09,6.7158709640051444e-09,6.949521310638256e-09,7.2414046404906085e-09,7.594411483024916e-09,8.01103006714254e-09,8.492747287213747e-09,9.039269634067714e-09,9.647573982305787e-09,1.0310863041782406e-08,1.1017599462236184e-08,1.1750909460390403e-08,1.2488738512873676e-08,1.3205140673411586e-08,1.3872917720556806e-08,1.4467459730811555e-08,1.497112662375892e-08,1.5377018903564163e-08,1.5690772472155354e-08,1.5929319282736973e-08,1.6116454268057955e-08,1.627631266147733e-08,1.6426970406457547e-08,1.6576717262403074e-08,1.6724739420865398e-08,1.686614312201405e-08,1.6999191824237762e-08,1.7131333748472604e-08,1.7280822801326104e-08,1.747251916871624e-08,1.7729018535684853e-08,1.806038953802076e-08,1.8456494578515064e-08,1.888485773890698e-08,1.9294883819165455e-08,1.96269584278998e-08,1.9823516078861425e-08,1.98389757451902e-08,1.9646322708750434e-08,1.9239487280494862e-08,1.8631926650508258e-08,1.785257959823631e-08,1.6940566965870968e-08,1.5939806932508892e-08,1.4894329258725003e-08,1.3844688536801872e-08,1.2825584797526183e-08,1.1864615837344224e-08,1.0981985935632131e-08,1.0190950665318723e-08,9.498766771030629e-09,8.90792897186876e-09,8.417506034198157e-09,8.024430608825788e-09,7.724643879195625e-09,7.514039549985368e-09,7.389186224316032e-09,7.3478296295931095e-09
2026-05-22 13:36:28.627357,[65.85293117],2.0507269011887283e-09,2.059606105978244e-09,2.0862644943095445e-09,2.1307380239732234e-09,2.192999605988003e-09,2.272832395313404e-09,2.3696628461947383e-09,2.482370189171639e-09,2.609101501285973e-09,2.7471373995062845e-09,2.8928697518778237e-09,3.041964046206925e-09,3.189776632790738e-09,3.332070639907011e-09,3.466014998074195e-09,3.591356519768662e-09,3.7115366426427636e-09,3.834412263992241e-09,3.972182302939794e-09,4.140173908139139e-09,4.3543451468491306e-09,4.627710596107125e-09,4.966320752386878e-09,5.365786602870538e-09,5.809468211669584e-09,6.269212667685863e-09,6.708922233846006e-09,7.090407919639779e-09,7.380216657031622e-09,7.555715852109388e-09,7.608866688943296e-09,7.546790547180197e-09,7.389185996469085e-09,7.1635293347386684e-09,6.899481818120138e-09,6.6239062108364574e-09,6.357455548264105e-09,6.113074168406361e-09,5.8961978537559895e-09,5.7061160105373534e-09,5.537890305403254e-09,5.384335128456575e-09,5.2377452287160284e-09,5.0912190910352236e-09,4.93953666355694e-09,4.779611147597445e-09,4.610567635885187e-09,4.433523542160395e-09,4.251162475108812e-09,4.067201409571246e-09,3.885846281442283e-09,3.711312918130655e-09,3.5474627834977142e-09,3.39757326495843e-09,3.264236637580987e-09,3.149364362082143e-09,3.0542649198157643e-09,2.9797625141606005e-09,2.9263280739425563e-09,2.8942004158419533e-09,2.8834821141597488e-09
2026-05-22 13:36:28.729893,[68.92112748],3.516149638270556e-09,3.529358691448952e-09,3.5691808934315864e-09,3.636207507955327e-09,3.731446270859655e-09,3.856359978777504e-09,4.012926239284561e-09,4.203714143999918e-09,4.4319606837998806e-09,4.701613982520727e-09,5.017299788907449e-09,5.3841747573536355e-09,5.807668333934903e-09,6.2931897076752804e-09,6.8459709187929665e-09,7.47128288798094e-09,8.175219078088041e-09,8.96601229766739e-09,9.855412462081465e-09,1.0859113108743636e-08,1.1994840039400417e-08,1.3276878004099796e-08,1.4706805988704268e-08,1.6262003823314e-08,1.788553144823207e-08,1.948226002883437e-08,2.092559146865728e-08,2.207626174227605e-08,2.281021304090094e-08,2.3048088953813382e-08,2.277673921375214e-08,2.2054698657266188e-08,2.099875080954691e-08,1.975541607256769e-08,1.8466605775353653e-08,1.724038299338903e-08,1.613515178065062e-08,1.5160054802150483e-08,1.4288486153442592e-08,1.347784034039141e-08,1.2688056165619355e-08,1.189372953913445e-08,1.1088059292605807e-08,1.0280007041474413e-08,9.487753253705501e-09,8.731644883732679e-09,8.028850164855934e-09,7.390597761219153e-09,6.8217753281840686e-09,6.322073620367941e-09,5.887768068503703e-09,5.513447524781869e-09,5.19332159337393e-09,4.92201619609478e-09,4.694938144967079e-09,4.5083549495515246e-09,4.35932959715566e-09,4.245610142375003e-09,4.1655291519985316e-09,4.1179333082927515e-09,4.102142962648069e-09
2026-05-22 13:36:28.779521,[67.16099949],3.2453876417045636e-09,3.2660659160898375e-09,3.32871634893156e-09,3.4351571603238215e-09,3.5883166980648735e-09,3.792057508278623e-09,4.050885899689517e-09,4.369507649305246e-09,4.752188309618542e-09,5.201884788194753e-09,5.719138971667027e-09,6.3007698794422555e-09,6.938471931522793e-09,7.617521574910168e-09,8.3159004998573e-09,9.004233806693533e-09,9.646972278092282e-09,1.0205165542831486e-08,1.0640930053597555e-08,1.0923299376090937e-08,1.1034607040579485e-08,1.0976032172334778e-08,1.0770645333534908e-08,1.0462447701285313e-08,1.0110630877700061e-08,9.779528566482168e-09,9.526165574033702e-09,9.388423596685077e-09,9.377118930801655e-09,9.474445753253138e-09,9.639430479590334e-09,9.818859417650021e-09,9.960404233967935e-09,1.0024070574483614e-08,9.988872166971992e-09,9.853447347754018e-09,9.631430359999524e-09,9.343946302780287e-09,9.012098691803735e-09,8.65173736381971e-09,8.271540459844605e-09,7.874113350638359e-09,7.458898727534785e-09,7.025426118547541e-09,6.5757283190641555e-09,6.115352322682567e-09,5.652998648002796e-09,5.199231344805145e-09,4.764843446640281e-09,4.359384685577815e-09,3.990161573430079e-09,3.661806176199771e-09,3.376346790023134e-09,3.133626815211562e-09,2.9319003691343054e-09,2.768461077207871e-09,2.6402082572743576e-09,2.544102677973243e-09,2.4775012170130395e-09,2.438382542026219e-09,2.4254856014405693e-09
2026-05-22 13:36:28.933103,[69.53501359],3.5880507650150206e-09,3.5977945260704073e-09,3.6273053906253505e-09,3.6774591429221406e-09,3.749837000956853e-09,3.846898367254088e-09,3.972193389858596e-09,4.1305657285377986e-09,4.328262038942028e-09,4.5728345121489315e-09,4.8727189273066496e-09,5.236423922538851e-09,5.6714051581860085e-09,6.182922770132441e-09,6.773439791636687e-09,7.44328665053955e-09,8.193205312219622e-09,9.028819230380648e-09,9.966015000898867e-09,1.1034915010926085e-08,1.2279158152049375e-08,1.3747387740843983e-08,1.5475803161482513e-08,1.7464312874615096e-08,1.965313317299724e-08,2.1909597923007504e-08,2.403435564339528e-08,2.579102699580607e-08,2.69548973832309e-08,2.7367590050907146e-08,2.6980025331689247e-08,2.5868183823236128e-08,2.421508108584676e-08,2.2264439324268337e-08,2.0261578566626648e-08,1.8400711435757858e-08,1.6793855387988982e-08,1.5467277986781473e-08,1.4381213677644413e-08,1.3461757497339925e-08,1.2632415534957862e-08,1.1836138518834251e-08,1.104432237060629e-08,1.0254472748839427e-08,9.481216567522393e-09,8.745749852243122e-09,8.067394388183216e-09,7.458865606207575e-09,6.925096330577807e-09,6.464480640176719e-09,6.0711932144478184e-09,5.737530042725921e-09,5.455686634937827e-09,5.2188092126871364e-09,5.0214194460850944e-09,4.8594210282632255e-09,4.729894439099775e-09,4.6308313561369144e-09,4.560895210329752e-09,4.5192424992717686e-09,4.505407853126268e-09
2026-05-22 13:36:28.983651,[68.69806927],3.923323190423753e-09,3.946654094511765e-09,4.017211981883546e-09,4.136652850448568e-09,4.307601222032495e-09,4.533434387159704e-09,4.817956996737734e-09,5.1649469656540654e-09,5.577555204230267e-09,6.057550205573738e-09,6.604417657205931e-09,7.214359403568682e-09,7.87928864702627e-09,8.585987895507211e-09,9.31567130990407e-09,1.0044247023057381e-08,1.0743565734988889e-08,1.1383823033727035e-08,1.1937028092843614e-08,1.2381087145499258e-08,1.2703679513184938e-08,1.2904896197940518e-08,1.299773896921673e-08,1.3006113820591115e-08,1.2960773214342738e-08,1.2894435854562677e-08,1.2837626049291369e-08,1.281635984585534e-08,1.2851759828088093e-08,1.2960509397680068e-08,1.3154451349061473e-08,1.3438069488320817e-08,1.3803978067675824e-08,1.42281902782007e-08,1.466789274347634e-08,1.5064057490427646e-08,1.5349523608897653e-08,1.546094279177095e-08,1.5351276642487644e-08,1.4999155527355315e-08,1.441248329765682e-08,1.362564712172846e-08,1.2691683237445092e-08,1.1672000614236659e-08,1.0626457591083558e-08,9.605884005953027e-09,8.648000467711823e-09,7.776596183149333e-09,7.003109949056843e-09,6.32950645344559e-09,5.751459658915816e-09,5.261172105944173e-09,4.849508083389718e-09,4.507394056822916e-09,4.22660321623067e-09,4.000102951232384e-09,3.822137663898685e-09,3.6881797621513666e-09,3.594835092515437e-09,3.5397499769971084e-09,3.521540486763249e-09
2026-05-22 13:36:29.135571,[91.61834857],1.3699031654215051e-06,1.3775702026711697e-06,1.4006651017944876e-06,1.4394579928816792e-06,1.4943593665534308e-06,1.56585199725507e-06,1.6543772116137512e-06,1.7601548793965777e-06,1.8829107332633085e-06,2.0214849205897365e-06,2.1733096767658236e-06,2.3337807397354263e-06,2.495612998317109e-06,2.6483625253041672e-06,2.7783930344902177e-06,2.8696200274157347e-06,2.9053176188163493e-06,2.871062922463076e-06,2.758506481064222e-06,2.5691668241842947e-06,2.31703071443209e-06,2.0286447823931783e-06,1.739819480764776e-06,1.48906201781399e-06,1.3091522422188041e-06,1.2193502551033744e-06,1.2209874528871008e-06,1.2983062019324817e-06,1.4245587637486495e-06,1.5712793252094352e-06,1.7172766362460669e-06,1.853975700172577e-06,1.98530161341157e-06,2.1226320063281826e-06,2.2773388121781615e-06,2.4541858044395693e-06,2.648105513160446e-06,2.845153612730146e-06,3.0266449752896134e-06,3.1744191704116283e-06,3.275179883242431e-06,3.322670000962979e-06,3.3175355733264496e-06,3.265573247805405e-06,3.175381464164751e-06,3.0562817123064442e-06,2.9169668258817728e-06,2.764918242996528e-06,2.6063719869254995e-06,2.4465394695970127e-06,2.2898515053577825e-06,2.1401096043484467e-06,2.000531165471368e-06,1.8737330580135555e-06,1.7617108275800105e-06,1.6658546406561848e-06,1.5870170355632728e-06,1.5256250111343856e-06,1.4818158069365992e-06,1.4555719075625406e-06,1.44683343927662e-06
2026-05-22 13:36:29.187750,[71.11327617],4.464845905701527e-09,4.48594412028661e-09,4.549925591876194e-09,4.658866906464785e-09,4.816273057871914e-09,5.0271058211361595e-09,5.297735620527893e-09,5.635705138403608e-09,6.049142414656197e-09,6.545627113314543e-09,7.130334714793795e-09,7.803411271065276e-09,8.55681208430638e-09,9.37127556219244e-09,1.021461381186219e-08,1.1042874849030049e-08,1.1805848939619339e-08,1.2457531726325668e-08,1.2970398272718514e-08,1.3350001935619321e-08,1.3644368760802165e-08,1.3942182713287438e-08,1.435596103997486e-08,1.4991465668714884e-08,1.5911094851047847e-08,1.710411459672307e-08,1.8477154519184147e-08,1.9872699076589155e-08,2.1112615866102278e-08,2.2052419619388507e-08,2.2625599257686754e-08,2.2859846192612322e-08,2.2858109892393812e-08,2.2752233888662478e-08,2.264845436134174e-08,2.2586786099941368e-08,2.2529278026794556e-08,2.2379155112672757e-08,2.2020378197790223e-08,2.1360602116234295e-08,2.0361830663317228e-08,1.9050305589124937e-08,1.750615518308047e-08,1.5840081170358695e-08,1.4166826791424408e-08,1.2583598724287296e-08,1.1157785344822647e-08,9.924298653201083e-09,8.890102886982882e-09,8.04244331051546e-09,7.3576390699897074e-09,6.808388698800458e-09,6.368725524781251e-09,6.016662810930137e-09,5.73505920907983e-09,5.511370827597484e-09,5.336870384927296e-09,5.2057373632679764e-09,5.114245892930533e-09,5.060143494822133e-09,5.042233972065124e-09
2026-05-22 13:36:29.236495,[65.08893208],1.8490068488113456e-09,1.8568810201982623e-09,1.880596385605384e-09,1.9204173388596228e-09,1.9767373706336568e-09,2.0500087581615968e-09,2.140646091966364e-09,2.2489078859408706e-09,2.3747643481715515e-09,2.5177640554666107e-09,2.6769168214270832e-09,2.8506131716498694e-09,3.036601242954229e-09,3.232038785319748e-09,3.433631250478519e-09,3.637857375709363e-09,3.841271912075381e-09,4.040861074890239e-09,4.234408863714712e-09,4.420811290744255e-09,4.600254562706401e-09,4.774163413648751e-09,4.944844458236191e-09,5.1148122073327935e-09,5.2858917600196995e-09,5.458312946424681e-09,5.630088969448117e-09,5.7969465668308566e-09,5.952916374740328e-09,6.091440331542513e-09,6.206613483106309e-09,6.294078475139191e-09,6.351210154371211e-09,6.376535556261346e-09,6.368694200430102e-09,6.325476649816556e-09,6.2434630959227445e-09,6.118521236188829e-09,5.9470412375871864e-09,5.727466233774375e-09,5.4615586907116306e-09,5.154958538389048e-09,4.8168622487255175e-09,4.458951294651877e-09,4.093905807636867e-09,3.733898850848926e-09,3.389392714427891e-09,3.0684104336597115e-09,2.7763013572145593e-09,2.5159073716096326e-09,2.287984280738572e-09,2.091733401686921e-09,1.925331276064368e-09,1.7863891374533412e-09,1.6723132035336392e-09,1.5805647521423498e-09,1.508834426315441e-09,1.4551509293394244e-09,1.417943860572823e-09,1.3960770561759464e-09,1.3888645318307213e-09
2026-05-22 13:36:29.340213,[93.64886112],2.224182447879923e-06,2.2365882409057798e-06,2.2739632053364436e-06,2.3367609738390865e-06,2.4256699899276864e-06,2.541497874532099e-06,2.6849791191655855e-06,2.856472929587855e-06,3.0555097589155688e-06,3.28014698956268e-06,3.5261182245459335e-06,3.7858205790519846e-06,4.047289586184765e-06,4.293455690619701e-06,4.502125164468753e-06,4.6472108926015055e-06,4.701656808093935e-06,4.642163802894954e-06,4.455213964621044e-06,4.143118869669326e-06,3.728165485611442e-06,3.252785604554202e-06,2.774359732949446e-06,2.354829689763689e-06,2.0473322558383624e-06,1.8837617533853739e-06,1.8676011279918894e-06,1.9749962324762934e-06,2.1641593058316945e-06,2.389897597461489e-06,2.6178865608557768e-06,2.8333732356871176e-06,3.0413842939027363e-06,3.259135094951592e-06,3.50447704153164e-06,3.785454199987205e-06,4.09496400643219e-06,4.411884456729376e-06,4.707242820376343e-06,4.952313757625894e-06,5.1254607541648e-06,5.215742599523666e-06,5.222969908533751e-06,5.155207549804892e-06,5.0252555053290704e-06,4.847441756540305e-06,4.63545831078749e-06,4.4013440518040125e-06,4.155311433516458e-06,3.905988913297376e-06,3.660733023470967e-06,3.425830779067135e-06,3.2065643612987605e-06,3.0071969616410033e-06,2.8309592591519677e-06,2.6800936271046956e-06,2.5559757090475186e-06,2.4593004307651375e-06,2.390300591953801e-06,2.3489609752208303e-06,2.3351951537609594e-06
2026-05-22 13:36:29.391736,[73.68351063],8.317521887595385e-09,8.342425988339431e-09,8.41782669912713e-09,8.545836850773162e-09,8.730129766236085e-09,8.976138881333167e-09,9.291265203875618e-09,9.684990378613243e-09,1.016873759997538e-08,1.075528036356365e-08,1.1457511295743e-08,1.2286505211258696e-08,1.3249090528833836e-08,1.4345582657662177e-08,1.556883410446691e-08,1.6906083518395998e-08,1.8344887330320972e-08,1.9883347806484916e-08,2.1542807576708253e-08,2.3378575665223047e-08,2.548215062502256e-08,2.7968327925201036e-08,3.09438256549206e-08,3.4460775800486e-08,3.846683192703148e-08,4.2770137103446723e-08,4.703787008584044e-08,5.083914837108979e-08,5.3728039366683275e-08,5.534574901646244e-08,5.551027267222574e-08,5.426285958749767e-08,5.185443733587636e-08,4.8676408476075897e-08,4.5159867609820036e-08,4.167687741446712e-08,3.847346462535997e-08,3.564930847738994e-08,3.318100142434788e-08,3.097202615882736e-08,2.8907766983133508e-08,2.6897844375694364e-08,2.489712802014176e-08,2.2906164733813557e-08,2.0957934279119846e-08,1.9099649904291332e-08,1.7376641511030004e-08,1.582206383383125e-08,1.4453003376247882e-08,1.3271513801749861e-08,1.2268374960908103e-08,1.142760148615197e-08,1.0730411858854688e-08,1.0158088321695039e-08,9.693684309211309e-09,9.322815011906172e-09,9.033846949479336e-09,8.817766135503775e-09,8.667923499564594e-09,8.579775994561472e-09,8.550682255771964e-09
2026-05-22 13:36:29.439586,[66.99587949],3.741381128182079e-09,3.757092993999354e-09,3.8043830846807245e-09,3.883693434287293e-09,3.995692298426714e-09,4.14118204405145e-09,4.320991104173987e-09,4.535868956475013e-09,4.786402736749059e-09,5.072965461054179e-09,5.395685494717945e-09,5.754394772727543e-09,6.1484764222650555e-09,6.5765083330393146e-09,7.0356152274204e-09,7.520527277114875e-09,8.022512452121885e-09,8.528578120581098e-09,9.021543496731313e-09,9.481634332252532e-09,9.890001626835031e-09,1.023394754582532e-08,1.0512750984719247e-08,1.0742130623726516e-08,1.0955021052784805e-08,1.1196879737963389e-08,1.1515298494113429e-08,1.1945882526418154e-08,1.2498349597297612e-08,1.314762109961393e-08,1.3833703505940806e-08,1.4471518719029152e-08,1.4968466291535583e-08,1.5244750769749848e-08,1.5250536202367943e-08,1.4975180024041992e-08,1.4446592338347583e-08,1.3721970669786766e-08,1.2873537787600429e-08,1.1973727620150376e-08,1.1083522461330211e-08,1.0245934811576628e-08,9.484756751071809e-09,8.807317977861175e-09,8.20938782543113e-09,7.680458739709921e-09,7.208181481485679e-09,6.781373282270496e-09,6.391562268293043e-09,6.0333632533401885e-09,5.704104234232296e-09,5.403099039214979e-09,5.130861658656081e-09,4.888439789701306e-09,4.6769438098882806e-09,4.4972767019441e-09,4.350030511508564e-09,4.235499057118329e-09,4.153756376537269e-09,4.1047583567466514e-09,4.088435860033832e-09
2026-05-22 13:36:29.544743,[94.59338947],2.879910988517473e-06,2.896185885038507e-06,2.945197864954711e-06,3.0274794418447283e-06,3.1438155331537875e-06,3.2950723080907417e-06,3.4819213979478977e-06,3.704421603808854e-06,3.961413089519376e-06,4.249685520686667e-06,4.562915603223023e-06,4.890446530027904e-06,5.216111202078135e-06,5.517472545918851e-06,5.766023240684633e-06,5.928966937964413e-06,5.9730770786421565e-06,5.870695390347288e-06,5.607175828472982e-06,5.1881521931970676e-06,4.6442544871930036e-06,4.030784287817157e-06,3.420763522763788e-06,2.891721889930308e-06,2.509069364574855e-06,2.310908479232672e-06,2.2995717106087842e-06,2.443411702630593e-06,2.6887994549611833e-06,2.9782868552196604e-06,3.2682993332330164e-06,3.539880082300174e-06,3.7989655449993887e-06,4.067085841682364e-06,4.36717847607499e-06,4.710675484110538e-06,5.090713223989491e-06,5.483143796999119e-06,5.85368247655423e-06,6.1675012524552435e-06,6.3974762012561806e-06,6.5287138463911635e-06,6.558936817901396e-06,6.4958497011140245e-06,6.353240156257303e-06,6.14734817550187e-06,5.894348237430901e-06,5.609075213299512e-06,5.304666767038936e-06,4.992658455332654e-06,4.683163618961467e-06,4.384956950165512e-06,4.1054448643910885e-06,3.850594770441098e-06,3.6249096986758985e-06,3.431503165685058e-06,3.2722839622847903e-06,3.1482239059642424e-06,3.0596623324195903e-06,3.0065981056667517e-06,2.988927468718046e-06
2026-05-22 13:36:29.595253,[74.83189036],1.0022496837295307e-08,1.004845606818074e-08,1.0127242913606664e-08,1.0261659464864481e-08,1.0456612432552357e-08,1.0719420232914416e-08,1.1060131502833906e-08,1.149171460805686e-08,1.2029918338961194e-08,1.2692570849794846e-08,1.349812537447122e-08,1.446343545105285e-08,1.560108990634859e-08,1.6917135424419694e-08,1.84105218657732e-08,2.007583776125403e-08,2.1910477397756076e-08,2.3925975817387033e-08,2.6160870998998493e-08,2.868970739438127e-08,3.1620959088138224e-08,3.5077349263411754e-08,3.9156457848581e-08,4.387737182404563e-08,4.912806910825782e-08,5.463412299083112e-08,5.996796963776743e-08,6.460753228435316e-08,6.803580215614764e-08,6.985554722648585e-08,6.988373156926882e-08,6.819403469537948e-08,6.509274016547414e-08,6.10365624875596e-08,5.652075092338172e-08,5.197376911620215e-08,4.76884643878167e-08,4.380300345755543e-08,4.032607692370566e-08,3.71877536595275e-08,3.429383343921658e-08,3.156667903202598e-08,2.8965064297731425e-08,2.6484704385888243e-08,2.414663248973463e-08,2.1981718508383948e-08,2.001758389756958e-08,1.8270894380294673e-08,1.674513520060113e-08,1.543229914106101e-08,1.4316473062859017e-08,1.3377678424417363e-08,1.2595003744269041e-08,1.1948697389964944e-08,1.1421300897862e-08,1.0998085308785478e-08,1.066707304927992e-08,1.0418867071627135e-08,1.024642850300715e-08,1.014487671106929e-08,1.0111341781113854e-08
2026-05-22 13:36:29.643770,[67.64314946],5.376688192181389e-09,5.401502685713747e-09,5.476193224358134e-09,5.601444325961298e-09,5.778210153637647e-09,6.007442914957575e-09,6.289732434002286e-09,6.624882245314746e-09,7.011459666118479e-09,7.446368460344e-09,7.924499344360964e-09,8.43851283930601e-09,8.978800971089e-09,9.53366402892497e-09,1.0089735441616078e-08,1.0632701111425782e-08,1.1148389268248896e-08,1.1624333202230308e-08,1.205188779138309e-08,1.2428853898031242e-08,1.2762293649223781e-08,1.3070830726353639e-08,1.3385351192003256e-08,1.3746874160864826e-08,1.4200686779472564e-08,1.4786754673124192e-08,1.552779325035949e-08,1.6417783677666617e-08,1.7414521138600855e-08,1.843945094211155e-08,1.9386417850609388e-08,2.0138414446537722e-08,2.0588821010558394e-08,2.0661967710829496e-08,2.032779855370318e-08,1.9607033885068944e-08,1.8565925824352305e-08,1.7302512324056253e-08,1.5928273027000627e-08,1.4549741270791093e-08,1.3253936338322142e-08,1.2099893221931389e-08,1.1116721496933779e-08,1.030709010147872e-08,9.654144069423169e-09,9.129670256012987e-09,8.701688552923504e-09,8.340299948372725e-09,8.021324586271161e-09,7.727834313175933e-09,7.450040861608402e-09,7.1841398659451875e-09,6.930681316199616e-09,6.692907949190516e-09,6.4753392008166546e-09,6.282726439759007e-09,6.119390443782558e-09,5.988881311587955e-09,5.8938690878175744e-09,5.8361696817776764e-09,5.816823995916872e-09
2026-05-22 13:36:29.740728,[89.68644772],9.299937900052314e-07,9.351863797084744e-07,9.508095232202272e-07,9.769883506704363e-07,1.0138935078528984e-06,1.0616797620861356e-06,1.120390690184128e-06,1.1898200538160347e-06,1.2693194309040777e-06,1.3575448729116627e-06,1.4521466685610534e-06,1.5494298651497099e-06,1.6440511029244644e-06,1.7288657509723787e-06,1.7950844282916993e-06,1.8329138978277663e-06,1.8328103672902512e-06,1.7873353774971977e-06,1.6933751566527346e-06,1.554212683948531e-06,1.3807335435115206e-06,1.1910397286030854e-06,1.008047867085052e-06,8.552579663670077e-07,7.516294042229594e-07,7.070836996313971e-07,7.202375473829494e-07,7.793821016289388e-07,8.665961716139393e-07,9.636488341510462e-07,1.0575751879285998e-06,1.1439003262916354e-06,1.2264453964234847e-06,1.3140496458561689e-06,1.4157375108373801e-06,1.536322288646768e-06,1.6740251859000398e-06,1.8206857779008377e-06,1.9640697554293987e-06,2.0911106063480428e-06,2.190850343271222e-06,2.2562581889833136e-06,2.2847094354414053e-06,2.2774049262207837e-06,2.2382445033921277e-06,2.1726381941291243e-06,2.0865559995639827e-06,1.9859103893887075e-06,1.8762218594345301e-06,1.7624622143317345e-06,1.64898173720365e-06,1.5394673183874147e-06,1.4369174853054722e-06,1.3436418381566059e-06,1.2612959769070689e-06,1.1909556653831995e-06,1.133223865382445e-06,1.0883568371563661e-06,1.0563926720886338e-06,1.0372667711268695e-06,1.0309021881347308e-06
2026-05-22 13:36:29.791591,[69.42301159],3.825554655712973e-09,3.836004025267807e-09,3.867568007451072e-09,3.920909076857071e-09,3.997177941408725e-09,4.09807158817294e-09,4.225885980397241e-09,4.383526365780134e-09,4.5744235673073435e-09,4.802301513266645e-09,5.070766436499068e-09,5.382759858900233e-09,5.740043996289219e-09,6.143050390972221e-09,6.591556074084315e-09,7.086643004991102e-09,7.634111657745204e-09,8.248875210006946e-09,8.958928497322725e-09,9.80657836255355e-09,1.0844280492875534e-08,1.2123239789694318e-08,1.367518378077111e-08,1.549102480588281e-08,1.7503278180602867e-08,1.9580384544017175e-08,2.153907387986877e-08,2.3175446419934752e-08,2.4308178858977444e-08,2.4821253511849767e-08,2.4691959363627767e-08,2.3994064140597335e-08,2.287472318175796e-08,2.1513250714126055e-08,2.0076112179917663e-08,1.8682751492214978e-08,1.739138794473657e-08,1.6205569994564955e-08,1.5094908543616843e-08,1.4019892034199547e-08,1.2951685602586539e-08,1.188192809476394e-08,1.0822370296663696e-08,9.797680971596585e-09,8.835963962304287e-09,7.960755409227945e-09,7.186472170845087e-09,6.517479325928299e-09,5.949774482110724e-09,5.473901944084754e-09,5.077915741721725e-09,4.749686409328124e-09,4.478320342798934e-09,4.254785788285244e-09,4.071987426805815e-09,3.924544218656144e-09,3.808466038537882e-09,3.7208466089463953e-09,3.659624316326311e-09,3.62341977582185e-09,3.6114382333493687e-09
2026-05-22 13:36:29.940357,[90.6351709],1.2449906442307202e-06,1.2520504483307592e-06,1.2732987984716832e-06,1.3089267649661361e-06,1.3591984558573075e-06,1.4243628948847445e-06,1.5045173613722171e-06,1.5994095591509357e-06,1.7081654895288047e-06,1.8289355067262795e-06,1.9584675770681175e-06,2.0916491390898584e-06,2.221109055042524e-06,2.3370330888801244e-06,2.4274015359801086e-06,2.4788728220703393e-06,2.4784700812517e-06,2.416045458297188e-06,2.287201483881522e-06,2.096005175503258e-06,1.8565729106571378e-06,1.5926040207801053e-06,1.3343294755718255e-06,1.113111361511602e-06,9.548684106174848e-07,8.742292923582536e-07,8.714228548328659e-07,9.331952920087245e-07,1.0376621326834934e-06,1.1614923879677676e-06,1.286867362622148e-06,1.4057424285299348e-06,1.5200700873355109e-06,1.6383060406823644e-06,1.7699473354725705e-06,1.9204185390307052e-06,2.0881620859846476e-06,2.2646389670850805e-06,2.4367161938966162e-06,2.590149306658317e-06,2.7127836465897936e-06,2.796562319974666e-06,2.8381005819267373e-06,2.8381327730488647e-06,2.8003840850375567e-06,2.730376386098586e-06,2.6344727068880347e-06,2.5192437886566635e-06,2.3910949299652444e-06,2.2560440334982117e-06,2.1195641823675343e-06,1.9864523245369137e-06,1.8607257048026572e-06,1.7455651803992979e-06,1.643321518385113e-06,1.5555870190323368e-06,1.48332023595388e-06,1.4270021328221778e-06,1.38679925846777e-06,1.3627120015148812e-06,1.354691186934224e-06
2026-05-22 13:36:30.004060,[70.5686812],3.9851194387942056e-09,3.993644116525491e-09,4.019475538944546e-09,4.063422495449748e-09,4.126947331361409e-09,4.21230787635403e-09,4.322689033887371e-09,4.462244638239956e-09,4.635946040244971e-09,4.849136260738863e-09,5.106748659085249e-09,5.412297932713921e-09,5.766997835621304e-09,6.1696592953821606e-09,6.6182466240406894e-09,7.113906526176465e-09,7.667698296149583e-09,8.309018903813137e-09,9.09300411824529e-09,1.0102600999732233e-08,1.1440535962080458e-08,1.3208062451637125e-08,1.5471580347185576e-08,1.82241598234799e-08,2.1354435387358328e-08,2.4637235767785408e-08,2.7756329278646962e-08,3.035976732669491e-08,3.2135623727145465e-08,3.288586812619821e-08,3.257390253287737e-08,3.13290461434926e-08,2.9406376007733768e-08,2.7116412851036715e-08,2.4749108185182055e-08,2.2516334902416023e-08,2.0527476399714893e-08,1.8798837201917298e-08,1.7285848462712508e-08,1.5921845747406714e-08,1.4649263305167772e-08,1.343583008808249e-08,1.2275837833305069e-08,1.1181633559770916e-08,1.017197541025664e-08,9.262451038238307e-09,8.460405276732502e-09,7.764293313809855e-09,7.165913727600759e-09,6.653669887558533e-09,6.215469065154106e-09,5.840591676318481e-09,5.5204769496575495e-09,5.2487175640227476e-09,5.020646597980552e-09,4.832830200984302e-09,4.682650572819719e-09,4.568045599632499e-09,4.48739390510354e-09,4.4394986006167006e-09,4.423617569665269e-09
2026-05-22 13:36:30.151424,[91.48217337],1.6170564353422153e-06,1.6263607177279845e-06,1.6543439187606145e-06,1.70119351321231e-06,1.7671413209564503e-06,1.8523355624931496e-06,1.9566482326218277e-06,2.079406263949899e-06,2.219036759551548e-06,2.3726260321666486e-06,2.5354143142289123e-06,2.7002873836881417e-06,2.8573836655455632e-06,2.994002247409966e-06,3.0950511630005482e-06,3.144278267827696e-06,3.1264332000541788e-06,3.0302846873838233e-06,2.8520718980396476e-06,2.5985818583737313e-06,2.288773597020167e-06,1.9529064246610355e-06,1.6286146921555768e-06,1.3542822484624358e-06,1.1611538635445603e-06,1.0664353844746882e-06,1.0697209064078653e-06,1.1542193317739203e-06,1.2926352813751393e-06,1.4558088469787879e-06,1.6211166011384609e-06,1.7777320158309094e-06,1.927138795488136e-06,2.0792055089812182e-06,2.2457916583560213e-06,2.434551803169432e-06,2.6451353846133996e-06,2.8687095374172903e-06,3.0903369119878357e-06,3.292829717800246e-06,3.4605379304286075e-06,3.5819842374075673e-06,3.6509689506099286e-06,3.6663728535954145e-06,3.6311870618061103e-06,3.551296252386248e-06,3.434360948591676e-06,3.2889338177211623e-06,3.1238003370835207e-06,2.94748029125245e-06,2.7678375836780953e-06,2.591780177570159e-06,2.4250581463173835e-06,2.2721737290093546e-06,2.1364064752335747e-06,2.0199392452714735e-06,1.924056318558151e-06,1.8493779356230346e-06,1.7960964691283836e-06,1.7641855539264736e-06,1.7535616871873254e-06
2026-05-22 13:36:30.199230,[71.07896486],4.103449788495397e-09,4.112675806516202e-09,4.1406967264738e-09,4.188608677536347e-09,4.258455927770778e-09,4.353525486470529e-09,4.478682196289012e-09,4.6406399427963655e-09,4.848014367910241e-09,5.110970401787069e-09,5.440303467508873e-09,5.845924467395925e-09,6.334990417900639e-09,6.9103187190960346e-09,7.57013321266253e-09,8.310387287779152e-09,9.130586251278211e-09,1.0042929572973098e-08,1.108271590428217e-08,1.2315776857576544e-08,1.383723958326573e-08,1.5756445305883762e-08,1.816629781642126e-08,2.1101460594089122e-08,2.4496792058920575e-08,2.816198868357746e-08,3.178734539662751e-08,3.498744680627756e-08,3.73763662282902e-08,3.865463987128407e-08,3.868108712685946e-08,3.7505608358032316e-08,3.535199621794331e-08,3.25573483595238e-08,2.9489317032435388e-08,2.6468074994237158e-08,2.3714863865193632e-08,2.1336609408079046e-08,1.9342453469661218e-08,1.7678809120550385e-08,1.6267331754396698e-08,1.5034079951094974e-08,1.3924899394899781e-08,1.2908249108616466e-08,1.1970188075873467e-08,1.1106743561333436e-08,1.031737863185502e-08,9.601148711054446e-09,8.955435263068516e-09,8.376297529396661e-09,7.859398057904362e-09,7.4007956037849475e-09,6.997324712596722e-09,6.646592829741868e-09,6.3467660208348544e-09,6.096319291903439e-09,5.893864261849757e-09,5.738092476570838e-09,5.6278181314926824e-09,5.5620773846123514e-09,5.540237405714606e-09
2026-05-22 13:36:30.352651,[93.49747217],2.6251110151817355e-06,2.640225536426064e-06,2.6856885376729293e-06,2.7618188859465498e-06,2.8690130927087434e-06,3.007531077866975e-06,3.1771737819946428e-06,3.376834378433062e-06,3.603909148164159e-06,3.853571271278509e-06,4.117948393839006e-06,4.385309205564066e-06,4.639455162349365e-06,4.859616296510638e-06,5.021228490560524e-06,5.097964571937732e-06,5.065233853947054e-06,4.905006239488014e-06,4.611276919077293e-06,4.19489421229431e-06,3.6860683334453737e-06,3.132955574007959e-06,2.595477602827332e-06,2.1349460296837924e-06,1.8017254297129841e-06,1.624408085711675e-06,1.6040983165506712e-06,1.7160800904500828e-06,1.9186785694205964e-06,2.166460760096047e-06,2.423230634921765e-06,2.6703876582066233e-06,2.9081417955319276e-06,3.1499496614992426e-06,3.4130531282495404e-06,3.709095212038291e-06,4.038146641076716e-06,4.387625268889606e-06,4.735522581046246e-06,5.055970165134625e-06,5.324885052631052e-06,5.524052378791461e-06,5.643018647208491e-06,5.679053331820757e-06,5.635897281704411e-06,5.5220435125855286e-06,5.349062518841558e-06,5.130197945900596e-06,4.879256167005179e-06,4.609731967054696e-06,4.334118547511677e-06,4.063387597693682e-06,3.8066522343772524e-06,3.5710267216179716e-06,3.3616776007664378e-06,3.1820353306749898e-06,3.034116088834602e-06,2.918895786483802e-06,2.8366820491291533e-06,2.7874407458409132e-06,2.7710467824614457e-06
2026-05-22 13:36:30.410422,[68.43009729],8.19765155999355e-09,8.232509804073106e-09,8.337835175157973e-09,8.51587348059694e-09,8.770337957125184e-09,9.106329272693295e-09,9.5301453756906e-09,1.0048890044726935e-08,1.066975666733242e-08,1.139884918451011e-08,1.2239432707881878e-08,1.3189614957981717e-08,1.4239670099900243e-08,1.536951843832897e-08,1.654719620549806e-08,1.7729340293977444e-08,1.8864572586784324e-08,1.9900028854166446e-08,2.0790135655546104e-08,2.15053879024217e-08,2.203792924476796e-08,2.240093036398976e-08,2.2620573657620628e-08,2.2722634161239835e-08,2.2718989373240254e-08,2.2601049576504094e-08,2.2345495649318783e-08,2.1932647417601764e-08,2.1371074262788114e-08,2.071702597921345e-08,2.0077108085029783e-08,1.9588452540409265e-08,1.9380369246737753e-08,1.9530578373821827e-08,2.0032948778678038e-08,2.079000053171769e-08,2.1633836887838698e-08,2.2368158970507596e-08,2.281658160115218e-08,2.286153114987636e-08,2.2463187533979477e-08,2.165619434992622e-08,2.0529378326190736e-08,1.919777566590569e-08,1.7776195461770608e-08,1.63605025920613e-08,1.5018729446154835e-08,1.3790745666520542e-08,1.2693407651262776e-08,1.1727877219251714e-08,1.0886599145237325e-08,1.0158589942855672e-08,9.532710384622609e-09,8.999235878856689e-09,8.550293015499372e-09,8.179711510728553e-09,7.882688851710523e-09,7.655489142813304e-09,7.495257780472798e-09,7.39994794078295e-09,7.368317226148268e-09
2026-05-22 13:36:30.615110,[73.10375464],9.346521240492363e-09,9.371976742306027e-09,9.448967969808653e-09,9.579465322750655e-09,9.767068360613292e-09,1.0017453081807478e-08,1.0338919788780824e-08,1.0742909903548688e-08,1.1244269562300163e-08,1.186095404218682e-08,1.2612847019005783e-08,1.3519491859632142e-08,1.4596873684827062e-08,1.5853967246279412e-08,1.7290463079990552e-08,1.8897605233947887e-08,2.066395909587578e-08,2.258671536053759e-08,2.46866634080051e-08,2.7021720581784724e-08,2.9691194111036748e-08,3.28226536930653e-08,3.65370159589729e-08,4.0895362856531945e-08,4.584097888878117e-08,5.115777510855666e-08,5.6466827715411465e-08,6.127349950455476e-08,6.506028209849496e-08,6.740156900538302e-08,6.806472546904721e-08,6.70635706382136e-08,6.464622150500768e-08,6.122278403588343e-08,5.725932709910514e-08,5.317398820412105e-08,4.926580418185347e-08,4.5690780454006296e-08,4.248102611094027e-08,3.9589526659343046e-08,3.693941039499795e-08,3.446148144558024e-08,3.211302929422853e-08,2.987960406057544e-08,2.7766444820014285e-08,2.5786987211124875e-08,2.39536930122022e-08,2.227332045949083e-08,2.0746241935660542e-08,1.9368176383641625e-08,1.8132620272250854e-08,1.7032829559775527e-08,1.6062911229838037e-08,1.521810599912547e-08,1.4494586044675197e-08,1.3889105082561873e-08,1.3398730102703838e-08,1.3020749943110907e-08,1.2752751541907005e-08,1.2592797884775737e-08,1.2539626375240438e-08
2026-05-22 13:36:30.667101,[67.03094341],4.655045028752897e-09,4.669604443786221e-09,4.713241569960406e-09,4.785796941946658e-09,4.886887611592912e-09,5.015743356277433e-09,5.1710038466536566e-09,5.350507871371773e-09,5.55111789059364e-09,5.768632385050958e-09,5.997839180991835e-09,6.2327492733529405e-09,6.467019192767775e-09,6.694523407355736e-09,6.909988617122097e-09,7.109570123229299e-09,7.291260665393299e-09,7.45508838920361e-09,7.603171935954858e-09,7.739811534044831e-09,7.871833111401084e-09,8.009299644861828e-09,8.166443126092887e-09,8.362325267184179e-09,8.620470099494884e-09,8.966723692163954e-09,9.425008303454099e-09,1.0011398189325984e-08,1.0727795561350374e-08,1.1557051290810131e-08,1.246133388076486e-08,1.3384812088008957e-08,1.4260499527282444e-08,1.5019859073774925e-08,1.5602952051112534e-08,1.5966824964730832e-08,1.6090437056598756e-08,1.5975465215819715e-08,1.564338831327676e-08,1.513002239464547e-08,1.4478993406081787e-08,1.373551957528823e-08,1.29414762467447e-08,1.2132212503489626e-08,1.1335131230913059e-08,1.056972104259085e-08,9.848566980563395e-09,9.178849199696879e-09,8.56392197605592e-09,8.004699021134959e-09,7.500710586856364e-09,7.050812055055067e-09,6.6535976172034694e-09,6.307605592787289e-09,6.011402812510603e-09,5.763617163293953e-09,5.562961998376619e-09,5.408272369946262e-09,5.29855551646263e-09,5.23304786673462e-09,5.2112670179180376e-09
2026-05-22 13:36:30.716061,[65.02122778],1.4309783208783847e-09,1.4382171178291849e-09,1.4601216998937034e-09,1.4972418798514762e-09,1.5504430279796957e-09,1.6208239196245749e-09,1.7095924085395744e-09,1.8178943961815045e-09,1.946596952513785e-09,2.096036024138789e-09,2.2657520983039644e-09,2.4542508816238354e-09,2.658836080580279e-09,2.8755623696779992e-09,3.099344356139733e-09,3.324231525305017e-09,3.54382578445537e-09,3.751789337598862e-09,3.9423798164207546e-09,4.11096386968921e-09,4.25449210527762e-09,4.371943431874046e-09,4.464735436685041e-09,4.537034312076142e-09,4.59580366526414e-09,4.650366701388866e-09,4.711295671158844e-09,4.7886268074541224e-09,4.889689629217244e-09,5.017112764050354e-09,5.167667355241227e-09,5.332433329442218e-09,5.4983544681569316e-09,5.650753560606505e-09,5.776035398046358e-09,5.863775886745432e-09,5.907688431272161e-09,5.905424677855266e-09,5.857584383460988e-09,5.7665044492583594e-09,5.635324313673516e-09,5.467568943610015e-09,5.267201861361098e-09,5.0389093783542415e-09,4.788338214055901e-09,4.522096132647819e-09,4.247467269322075e-09,3.971917885507314e-09,3.7025321403135267e-09,3.4455162535582088e-09,3.2058643340773705e-09,2.9872195030129084e-09,2.7919132126140795e-09,2.6211353941919593e-09,2.4751788822828416e-09,2.353707617602265e-09,2.2560118067899945e-09,2.1812281862060918e-09,2.1285159576242134e-09,2.0971873203113065e-09,2.0867958722253386e-09
2026-05-22 13:36:30.817160,[66.41605036],3.533373218511712e-09,3.5466651688761125e-09,3.5866313835731845e-09,3.6535133077463938e-09,3.747613641399828e-09,3.869144348077598e-09,4.01801155136074e-09,4.193541156102768e-09,4.394159296411863e-09,4.617058937034455e-09,4.857908522677979e-09,5.110688354723476e-09,5.3677689096164805e-09,5.62036020823033e-09,5.859444318238649e-09,6.077233489820556e-09,6.269059966986422e-09,6.435405631767239e-09,6.583559683592099e-09,6.728229936851199e-09,6.8904347295037544e-09,7.0942634267302324e-09,7.361640344339934e-09,7.705962668915943e-09,8.126174440769276e-09,8.60317490107366e-09,9.10018036212712e-09,9.567705683871264e-09,9.952437751147849e-09,1.0207921442524067e-08,1.0304213909264485e-08,1.0233841371516456e-08,1.0012493004403619e-08,9.67450001520767e-09,9.264660608000928e-09,8.828844812443195e-09,8.405813502638525e-09,8.021947569989325e-09,7.689492943443523e-09,7.407916148013136e-09,7.167327230448472e-09,6.95274353575306e-09,6.748144546150684e-09,6.539630919073728e-09,6.3173884499243e-09,6.076469446051458e-09,5.816603805385661e-09,5.541346379288697e-09,5.256880349294669e-09,4.970755222501754e-09,4.690766291699409e-09,4.424099751384578e-09,4.176789951412155e-09,3.953473678564675e-09,3.757386490792308e-09,3.5905280722668536e-09,3.4539231923149675e-09,3.3479158631753718e-09,3.2724503479691185e-09,3.22730876954559e-09,3.2122881659539716e-09
2026-05-22 13:36:31.015496,[68.76998425],3.822958872369565e-09,3.835093521767366e-09,3.871618781281657e-09,3.9329173808825025e-09,4.019691497119037e-09,4.1330624179085584e-09,4.2747076779121945e-09,4.447013827668027e-09,4.6531935143145805e-09,4.89727984795174e-09,5.18388456300844e-09,5.517615799395288e-09,5.902128855897064e-09,6.338951799999748e-09,6.826474505451627e-09,7.359737996755586e-09,7.931760234416806e-09,8.536893256459624e-09,9.175987041366478e-09,9.861992308957718e-09,1.0623431647567743e-08,1.1502566704345846e-08,1.254581693736028e-08,1.3786408688957134e-08,1.522291118273449e-08,1.6800851838429602e-08,1.8406055799836282e-08,1.9876189640744812e-08,2.1031147274826297e-08,2.1715316483479667e-08,2.1838731184669916e-08,2.1402807264774414e-08,2.0500995822416672e-08,1.929363622482838e-08,1.796570830994143e-08,1.668192853623965e-08,1.5553387800490315e-08,1.462427081517891e-08,1.387909513025903e-08,1.3264012184991027e-08,1.2712537952517981e-08,1.2167058695049539e-08,1.1591193236604082e-08,1.0972431616775144e-08,1.0317636538262252e-08,9.645231655891954e-09,8.97745021015589e-09,8.33466748146015e-09,7.732407344459707e-09,7.1806107322873325e-09,6.6843231070420045e-09,6.244977472500599e-09,5.861699522748407e-09,5.5323506476562e-09,5.254243609893872e-09,5.024584609497691e-09,4.840732271940764e-09,4.700353308662763e-09,4.601526578365648e-09,4.54282058433594e-09,4.5233515495743235e-09
2026-05-22 13:36:31.064600,[67.23871864],2.162183522812627e-09,2.171381139288567e-09,2.1990665169885987e-09,2.245499166724324e-09,2.3110506978373305e-09,2.3961116603830862e-09,2.5009594888473495e-09,2.625590681622828e-09,2.769528353160823e-09,2.9316294457189565e-09,3.10993374009949e-09,3.301616237499951e-09,3.5031183943604212e-09,3.7105306609190366e-09,3.920265072958081e-09,4.12998177760178e-09,4.339619028144274e-09,4.552245797432857e-09,4.774359083192162e-09,5.015250752239374e-09,5.28522915490368e-09,5.592809316039117e-09,5.941412217854996e-09,6.326484745531254e-09,6.7340761559282144e-09,7.14164641928021e-09,7.521246767898622e-09,7.844402354682126e-09,8.087370081370462e-09,8.235250723973494e-09,8.283825083132942e-09,8.238807428332382e-09,8.1131024740678e-09,7.923223957406008e-09,7.686069308638837e-09,7.416808360762589e-09,7.128014601189178e-09,6.829669535272413e-09,6.529498146974159e-09,6.233234388116406e-09,5.944704009401243e-09,5.665851711222335e-09,5.396915289050875e-09,5.13686558971444e-09,4.884075774869359e-09,4.6370583403090605e-09,4.395072727980924e-09,4.1584598041491455e-09,3.928660198670228e-09,3.707970526817798e-09,3.499150087589295e-09,3.3050013607963097e-09,3.1280213909132487e-09,2.9701776386419258e-09,2.8328192219294323e-09,2.716703665819775e-09,2.622103574175932e-09,2.5489547742110006e-09,2.497012773779901e-09,2.4659930934973527e-09,2.455679753383465e-09
2026-05-22 13:36:31.210242,[70.02255002],5.629265702307443e-09,5.6514538272185356e-09,5.718186191971813e-09,5.8299336029901176e-09,5.987372577668297e-09,6.191230467079315e-09,6.442079774823764e-09,6.740084740484106e-09,7.084694540789665e-09,7.4742678706304e-09,7.9056140325285e-09,8.373464640693795e-09,8.869969427660969e-09,9.38445045839491e-09,9.903828482461459e-09,1.041427265483814e-08,1.0904577068467221e-08,1.1371367525553083e-08,1.1825397918758355e-08,1.2297028397998999e-08,1.2837923356377741e-08,1.3515773302321741e-08,1.44001322916782e-08,1.554049561658943e-08,1.694182111184393e-08,1.8546125240346108e-08,2.022943501739071e-08,2.1819818618557643e-08,2.3134867788277394e-08,2.4028512661615423e-08,2.4431387965709092e-08,2.4369460853188087e-08,2.3952931944157534e-08,2.3338760986029225e-08,2.2680501933333024e-08,2.2083703409487403e-08,2.158197889187372e-08,2.113977375686745e-08,2.0677298208999017e-08,2.0105714856263115e-08,1.9359060556814268e-08,1.8413166293657172e-08,1.7288395367518526e-08,1.6039153483054424e-08,1.473661536057282e-08,1.345141328974947e-08,1.2241005713883416e-08,1.1143558701031068e-08,1.0177712654066763e-08,9.346232857573489e-09,8.641281525560794e-09,8.04953571748185e-09,7.55614865661538e-09,7.147258250882179e-09,6.811212809513306e-09,6.538890985618969e-09,6.323508264617159e-09,6.160215972562744e-09,6.045684542793953e-09,5.977764511843359e-09,5.955253445442465e-09
2026-05-22 13:36:31.259637,[67.46134566],3.2086602100901638e-09,3.2218041587479977e-09,3.2614170240946272e-09,3.3280200701755314e-09,3.4224082684182714e-09,3.545536090375899e-09,3.698352567998857e-09,3.881585171001597e-09,4.095478394181141e-09,4.339503530174477e-09,4.612070400281423e-09,4.9102876112146935e-09,5.2298308127537455e-09,5.564982050177234e-09,5.908890516360947e-09,6.2540706697828055e-09,6.5930983491896465e-09,6.9193988144620994e-09,7.227962134662761e-09,7.515796639639703e-09,7.781962678971505e-09,8.027123741644057e-09,8.252692236183657e-09,8.459790068368508e-09,8.648334748646801e-09,8.816556222220655e-09,8.961137376931948e-09,9.077984059693927e-09,9.163431369074459e-09,9.215549264926189e-09,9.23516600269188e-09,9.226289425296075e-09,9.19574925535624e-09,9.152069214248049e-09,9.103766649361184e-09,9.057433362051889e-09,9.016039558604389e-09,8.977891847137161e-09,8.936550782075339e-09,8.881791188901186e-09,8.801425604027564e-09,8.683587846757651e-09,8.518962969526458e-09,8.30248579404562e-09,8.034194065303367e-09,7.719152282439824e-09,7.366582008385508e-09,6.9884829469979105e-09,6.598079573600263e-09,6.2083896304753225e-09,5.831116040542301e-09,5.475952000223346e-09,5.150291934905947e-09,4.859276009020342e-09,4.606066138396189e-09,4.392250371367853e-09,4.218289326957976e-09,4.083942606721065e-09,3.988636945281679e-09,3.931756897352737e-09,3.912851495660484e-09
2026-05-22 13:36:31.406302,[93.25299104],3.0523605345401677e-06,3.069778450232228e-06,3.1220921109774956e-06,3.2094242839895477e-06,3.3317872481834114e-06,3.488786828865838e-06,3.679196954810512e-06,3.900403348318154e-06,4.14773006812686e-06,4.413691359909081e-06,4.687256728044361e-06,4.953278926384093e-06,5.192304814781845e-06,5.381048062309589e-06,5.493816717670368e-06,5.505113586051297e-06,5.393422519207956e-06,5.1458469935166e-06,4.7628252052434045e-06,4.261733466719102e-06,3.6779990619634234e-06,3.0625744603496173e-06,2.475381567654004e-06,1.975520943617482e-06,1.6103137041160548e-06,1.4060899405807164e-06,1.363578484977669e-06,1.4596039906221512e-06,1.654840760598463e-06,1.9053153903356073e-06,2.1740393600825877e-06,2.439170986257244e-06,2.6964646823124128e-06,2.9558794729861077e-06,3.2341937190944e-06,3.5465436026096446e-06,3.899677109338883e-06,4.288646305550981e-06,4.697240929836779e-06,5.101294981188983e-06,5.47341941732634e-06,5.787742503221768e-06,6.023657693844541e-06,6.1681098658273335e-06,6.216391921766817e-06,6.171695398669999e-06,6.0437757211541185e-06,5.847108834506677e-06,5.5988795917573026e-06,5.317080687191474e-06,5.018925258945801e-06,4.719692930437502e-06,4.432046631236443e-06,4.165786838717604e-06,3.92796008743003e-06,3.7232137417204316e-06,3.554287109021717e-06,3.4225435413478113e-06,3.3284711217068432e-06,3.2721036007260863e-06,3.2533335085596442e-06
2026-05-22 13:36:31.455172,[66.60383352],6.347144832187883e-09,6.3790242469469085e-09,6.4752927287222585e-09,6.637750636216271e-09,6.869085023386091e-09,7.172359315587912e-09,7.550231324601042e-09,8.003863389265756e-09,8.531526731010471e-09,9.12697898792503e-09,9.77781103213979e-09,1.0464103078905032e-08,1.1157864230334819e-08,1.182379212535371e-08,1.2421803438326671e-08,1.291148785661588e-08,1.3258121010467235e-08,1.3439229600887867e-08,1.3450145045305603e-08,1.3306793058721095e-08,1.3044385436169273e-08,1.2711748523877079e-08,1.2362469425292158e-08,1.2045306277000914e-08,1.1796757885753508e-08,1.1637950543620583e-08,1.157625821304774e-08,1.1610083979701229e-08,1.1733993788410755e-08,1.1941591120604393e-08,1.2225073733044187e-08,1.2572458309886925e-08,1.2964828386405142e-08,1.337588615080533e-08,1.377467241497153e-08,1.4130457223246664e-08,1.4417607141722933e-08,1.4618343696896004e-08,1.4722544226128021e-08,1.4725297594643751e-08,1.462392626767643e-08,1.4416171260924922e-08,1.4100371470506428e-08,1.3677332204019872e-08,1.315277307529562e-08,1.2539086621298483e-08,1.1855563470419567e-08,1.1126935351632114e-08,1.0380704575539537e-08,9.644047793048123e-09,8.941065764995283e-09,8.290900837235131e-09,7.706912269527825e-09,7.196814585229983e-09,6.7635125825847416e-09,6.4063151911976965e-09,6.1222474709739615e-09,5.9072618552899006e-09,5.757238352178741e-09,5.668735029224917e-09,5.639495029556316e-09
2026-05-22 13:36:31.612597,[67.56745772],1.2413942378733702e-09,1.2445633664075118e-09,1.2541809813534142e-09,1.2705819398542352e-09,1.294338064626292e-09,1.3262777499530188e-09,1.3675100592179547e-09,1.4194469136418301e-09,1.483811436268823e-09,1.56261381734539e-09,1.6580704153631736e-09,1.7724411395114597e-09,1.90776958783783e-09,2.0655342973476496e-09,2.2462579664365844e-09,2.4491666282343464e-09,2.672024117448473e-09,2.911262996639201e-09,3.1624686887766647e-09,3.4211460233845637e-09,3.683539318599194e-09,3.947158739902933e-09,4.210672794744705e-09,4.4730147495704405e-09,4.731893508615151e-09,4.982268150050703e-09,5.215545344715116e-09,5.420126322187373e-09,5.5834426868955425e-09,5.694952517877221e-09,5.749034672448555e-09,5.746618104636062e-09,5.69481929952778e-09,5.6046628245016006e-09,5.487752645793079e-09,5.3531652582664706e-09,5.205670309604048e-09,5.045760428350541e-09,4.871213154932943e-09,4.679365828384177e-09,4.469159778920523e-09,4.242279827911335e-09,4.0031853410220685e-09,3.758263503618323e-09,3.5145727051160916e-09,3.278648709150652e-09,3.0556874880029403e-09,2.8492069033727725e-09,2.6611176092505817e-09,2.492045828169184e-09,2.341743878020314e-09,2.2094681484975266e-09,2.094263660828117e-09,1.99514440441921e-09,1.9111886284715102e-09,1.8415788007715393e-09,1.7856133674940556e-09,1.7427089484986134e-09,1.712402522731218e-09,1.6943562933287187e-09,1.6883640235703372e-09
2026-05-22 13:36:31.663247,[71.91826636],6.900853135161222e-09,6.938143939506681e-09,7.050913184895093e-09,7.24180547301955e-09,7.515070386355916e-09,7.876306557207158e-09,8.332062595701243e-09,8.889247840386163e-09,9.554287420999803e-09,1.0331943067123417e-08,1.1223727934809885e-08,1.2225893299474422e-08,1.3327084077168751e-08,1.4505966595875208e-08,1.5729412516265047e-08,1.6952107526113372e-08,1.8118603193988648e-08,1.9168658171309318e-08,2.004605985888525e-08,2.070996422882858e-08,2.114638662534797e-08,2.1376358526502856e-08,2.145712275802694e-08,2.1474086161544147e-08,2.1524033041782258e-08,2.1693486602618183e-08,2.2038641727617926e-08,2.2573552823256372e-08,2.3270662375606135e-08,2.4073102384369545e-08,2.491350231986928e-08,2.573156737743941e-08,2.648374330715944e-08,2.7142377146223844e-08,2.7686852548299284e-08,2.8092695883521096e-08,2.8325002286721216e-08,2.833983109853209e-08,2.8093094871821415e-08,2.755304086775355e-08,2.6711172087053396e-08,2.5587575112594876e-08,2.4229189538213697e-08,2.270220341080118e-08,2.1081419862295442e-08,1.9439733530293174e-08,1.7840057159034325e-08,1.6330757676862246e-08,1.4944480452959897e-08,1.3699499610004324e-08,1.2602491336473128e-08,1.1651757436031247e-08,1.0840235611071917e-08,1.0157959131832485e-08,9.593879372036811e-09,9.137113866052596e-09,8.777745009244866e-09,8.507300721294381e-09,8.319027045779181e-09,8.208033467230514e-09,8.171364921074442e-09
2026-05-22 13:36:31.808523,[89.13713182],1.2601237635299302e-06,1.2671587691551772e-06,1.2882619738577272e-06,1.3234026122962424e-06,1.3724445208311878e-06,1.4350177252429414e-06,1.5103384336125617e-06,1.5969818216661285e-06,1.692620004954203e-06,1.7937505491705733e-06,1.8954589229568679e-06,1.991279865381361e-06,2.0732432764708624e-06,2.132201714169305e-06,2.1585270288803315e-06,2.1432199112461257e-06,2.0793890462695456e-06,1.9639291355177746e-06,1.7990825212087897e-06,1.5934543047357376e-06,1.3620283423380444e-06,1.1248578853795638e-06,9.043980556091598e-07,7.218582753095359e-07,5.933574662005127e-07,5.268969335039061e-07,5.210841679879449e-07,5.661070902987897e-07,6.467827178372699e-07,7.468231149499791e-07,8.530441205272231e-07,9.582672854140458e-07,1.0621306066025375e-06,1.1697423520448346e-06,1.2888004766469998e-06,1.4262077896746899e-06,1.585229242857619e-06,1.7639187049772285e-06,1.955059351344764e-06,2.1474071651306337e-06,2.3277354248298576e-06,2.483091691273489e-06,2.6027620035972516e-06,2.6796157083592592e-06,2.7107047015776834e-06,2.697161083186046e-06,2.6435520140343393e-06,2.5569053219420838e-06,2.4456221090500575e-06,2.318457520112493e-06,2.183694351153558e-06,2.0485719792983905e-06,1.9189777838772375e-06,1.799367754339025e-06,1.6928601734301705e-06,1.6014396069793983e-06,1.526213665102737e-06,1.4676769298379381e-06,1.4259503932617488e-06,1.4009773756011257e-06,1.3926663950401333e-06
2026-05-22 13:36:31.861548,[69.75791709],3.5747693795722233e-09,3.585987524464084e-09,3.6196645381930838e-09,3.675872309028915e-09,3.754745516838917e-09,3.856505664928813e-09,3.981491745701925e-09,4.130180905051165e-09,4.303162851651399e-09,4.501011436161484e-09,4.7239898128897395e-09,4.97155338382456e-09,5.241699998949254e-09,5.530368778679902e-09,5.831281332860651e-09,6.1367713859982945e-09,6.440126431178461e-09,6.739621257986819e-09,7.043688773326087e-09,7.375670427234692e-09,7.775701230542283e-09,8.297099841513944e-09,8.995696598843227e-09,9.912963995697945e-09,1.1056995132797962e-08,1.2387948318266394e-08,1.3814941623581738e-08,1.520857581102854e-08,1.6427764553877743e-08,1.7353438057391654e-08,1.7917851048313956e-08,1.8118888093731408e-08,1.8014107027862672e-08,1.7697103166327485e-08,1.7265546805153188e-08,1.679285862011654e-08,1.6312955874205404e-08,1.5821364377825293e-08,1.5289337164112826e-08,1.4683385725541761e-08,1.3982183228896937e-08,1.3185563093062082e-08,1.2314452176380199e-08,1.1404057710830947e-08,1.0494282295343738e-08,9.621079864827952e-09,8.810995727164226e-09,8.079401732457753e-09,7.431654487360261e-09,6.8658472457182875e-09,6.375897915055058e-09,5.9541353465016845e-09,5.593031497953794e-09,5.286098199650582e-09,5.028163740167454e-09,4.81529029567706e-09,4.644547828359264e-09,4.513781328850631e-09,4.421434707687679e-09,4.3664435184210855e-09,4.348182123525069e-09
2026-05-22 13:36:32.010875,[90.11647191],1.6857072884076592e-06,1.69513542964396e-06,1.723423960678446e-06,1.770551010975454e-06,1.8363654120919374e-06,1.920412774745595e-06,2.0216910616831627e-06,2.1383412896110886e-06,2.267290124960017e-06,2.4038790777914585e-06,2.541539718669809e-06,2.671603347355057e-06,2.783360439003519e-06,2.8644987210796073e-06,2.9020333265108527e-06,2.88378169663981e-06,2.800319629072262e-06,2.647189282161958e-06,2.426947039878783e-06,2.1504992069633122e-06,1.837153918288446e-06,1.5129848077733574e-06,1.2074724111696597e-06,9.488967638575975e-07,7.594463121960752e-07,6.512856593713293e-07,6.247250040637984e-07,6.691189617144429e-07,7.663255065981735e-07,8.95752036606264e-07,1.0395126844502247e-06,1.186220586216863e-06,1.3324397758866837e-06,1.4816193695592342e-06,1.641117223039153e-06,1.8184159888724069e-06,2.0177122468480552e-06,2.2377653246902493e-06,2.471395292526422e-06,2.706517667929018e-06,2.928242982687989e-06,3.121413291086529e-06,3.272978343348077e-06,3.3737708076970567e-06,3.4194516114986626e-06,3.410603425610464e-06,3.35211240560507e-06,3.2520754834032803e-06,3.120500125167209e-06,2.9680364131446792e-06,2.804917051281335e-06,2.6402017631460364e-06,2.4813482046195773e-06,2.3340751077307445e-06,2.202450262285429e-06,2.0891247721511155e-06,1.9956402310455885e-06,1.922750034676116e-06,1.8707136469425923e-06,1.8395387620591648e-06,1.8291585359248277e-06
2026-05-22 13:36:32.060586,[70.19634491],3.400275111754455e-09,3.4126697944848766e-09,3.4501280501681027e-09,3.513480451412921e-09,3.604137065722101e-09,3.7241218267852215e-09,3.876105920729157e-09,4.063412395848471e-09,4.2899418868259456e-09,4.559946003006612e-09,4.877563941758585e-09,5.246060585719189e-09,5.666785050142178e-09,6.13802163500365e-09,6.654113929380844e-09,7.205439090435684e-09,7.779867237607475e-09,8.366107172995957e-09,8.958711310649811e-09,9.563547654008568e-09,1.0201551872136587e-08,1.0908086143115617e-08,1.1725832159908721e-08,1.269110896286042e-08,1.3816458319947556e-08,1.507515649263817e-08,1.6394458801470074e-08,1.7662681785719086e-08,1.8750678483768713e-08,1.954241461853141e-08,1.9964813963530785e-08,2.0006220122159315e-08,1.9716554217708088e-08,1.9189139336821972e-08,1.853115976567572e-08,1.7833663223077636e-08,1.715126817191306e-08,1.6496983703997322e-08,1.585126239745215e-08,1.5179451774000587e-08,1.445000883496596e-08,1.3647294923298804e-08,1.2776157374921388e-08,1.185901856147554e-08,1.0928455393411905e-08,1.001879343969467e-08,9.159415544141878e-09,8.371055842898302e-09,7.665031387889892e-09,7.044559433175119e-09,6.507078964144247e-09,6.046675356724297e-09,5.6560642858015806e-09,5.327937878061358e-09,5.055715195146788e-09,4.833853227010957e-09,4.6578931106349214e-09,4.5243824048928105e-09,4.4307641656454366e-09,4.3752791276598004e-09,4.356897216874929e-09
2026-05-22 13:36:32.253923,[71.65478927],4.007707758475896e-09,4.0210475256798266e-09,4.061226093088931e-09,4.128734317706382e-09,4.224435217164052e-09,4.349633768866931e-09,4.506170864018854e-09,4.69651888608206e-09,4.92382791775986e-09,5.191838249995263e-09,5.504552803868913e-09,5.865579367638349e-09,6.2771395056533886e-09,6.738919860015036e-09,7.2471958707521805e-09,7.794905494619074e-09,8.373434311868215e-09,8.976597988267633e-09,9.606537407474883e-09,1.0280040900733894e-08,1.1032558348476516e-08,1.1916553408692212e-08,1.299159286490684e-08,1.4306060362152118e-08,1.5874150046203005e-08,1.765542903558247e-08,1.954580503463248e-08,2.1386664372109346e-08,2.2993198835829017e-08,2.419541795389173e-08,2.4879320576396448e-08,2.5014268929383205e-08,2.4656948690847864e-08,2.393081728655434e-08,2.2988924497969257e-08,2.1973472839746554e-08,2.0985290347476922e-08,2.0071120256902413e-08,1.922913557794351e-08,1.8426794707113412e-08,1.762236851100585e-08,1.6782506465350667e-08,1.5891697487340714e-08,1.4953397420259896e-08,1.3985335483533693e-08,1.3012453085142413e-08,1.2060366512116578e-08,1.1150947236462823e-08,1.0300328315764966e-08,9.518811063178414e-09,8.811849018032845e-09,8.181380936580677e-09,7.627054387481156e-09,7.147152763339842e-09,6.73922286420138e-09,6.400483887333634e-09,6.128108908600941e-09,5.9194438619496314e-09,5.772195446871857e-09,5.684593605533181e-09,5.655520420688721e-09
2026-05-22 13:36:32.448363,[72.74431592],6.8041984668144035e-09,6.823520873495014e-09,6.881500710689883e-09,6.978202676749173e-09,7.113829990611215e-09,7.288883475592855e-09,7.504399787113938e-09,7.762247450329994e-09,8.065407558474948e-09,8.418098221092624e-09,8.825543619004937e-09,9.293185796711094e-09,9.825248843914349e-09,1.0422836784202893e-08,1.1082167061243814e-08,1.1793993205625193e-08,1.2545506874802428e-08,1.3325706331104948e-08,1.4134124094009026e-08,1.4990971484032427e-08,1.5944732148815677e-08,1.7072063277634473e-08,1.846572147671794e-08,2.02097561061213e-08,2.234678920854648e-08,2.4847714707652928e-08,2.7596628647530717e-08,3.040089624711471e-08,3.3027882338953844e-08,3.52589333506123e-08,3.694267596112082e-08,3.802818412416023e-08,3.856560304804925e-08,3.867466133185301e-08,3.8494286419471765e-08,3.81333209078648e-08,3.764024591055614e-08,3.7000434736785554e-08,3.615769616042971e-08,3.504815245620903e-08,3.3632049140747056e-08,3.1912740019920176e-08,2.993902480565389e-08,2.7793678624028367e-08,2.5574882723094416e-08,2.3377679512204234e-08,2.1280449289567064e-08,1.9338341239690515e-08,1.7582982524452043e-08,1.6026347371083267e-08,1.4666409605720889e-08,1.3492725401174989e-08,1.2490903153786117e-08,1.1645644388218612e-08,1.0942510091769432e-08,1.0368770005197495e-08,9.913703992150935e-09,9.56863920805498e-09,9.32689818964101e-09,9.183742520856446e-09,9.136338450653361e-09
2026-05-22 13:36:32.498678,[67.08196899],3.939661481222013e-09,3.956823787195069e-09,4.008595318319022e-09,4.0958137165534144e-09,4.219819355462744e-09,4.382365900754786e-09,4.585483613684727e-09,4.831284840578596e-09,5.1216999431818685e-09,5.458132943864097e-09,5.84103072263285e-09,6.269369452277448e-09,6.7400791988234405e-09,7.2474544303705686e-09,7.782635947182954e-09,8.333297066339956e-09,8.883716244112782e-09,9.415452079058208e-09,9.908824993856186e-09,1.0345315033515958e-08,1.0710776292241778e-08,1.0999047633808117e-08,1.1215170117655134e-08,1.1377140399428145e-08,1.1515118277018989e-08,1.1667416504988493e-08,1.18734477109862e-08,1.2164889512318994e-08,1.2557259690171109e-08,1.304441570139097e-08,1.3597920346294953e-08,1.4171822485530554e-08,1.4711660651357478e-08,1.51651006881931e-08,1.5491155846267497e-08,1.5665598900635188e-08,1.5681651422089685e-08,1.5546675529394582e-08,1.527673429755374e-08,1.489115823818112e-08,1.4408709262147661e-08,1.3845951373724957e-08,1.3217496376465264e-08,1.253723843638964e-08,1.181962314704052e-08,1.1080295048676274e-08,1.0335907887584526e-08,9.603258725127477e-09,8.898108176463447e-09,8.234065694382245e-09,7.62181024393859e-09,7.0687625285220195e-09,6.579188777770035e-09,6.1546305445453775e-09,5.79452390801832e-09,5.496881456271982e-09,5.258942379567357e-09,5.077733402117089e-09,4.950515491257248e-09,4.875113589436289e-09,4.850138527627211e-09
2026-05-22 13:36:32.647841,[73.44533263],8.871822756315693e-09,8.903115775475323e-09,8.997196377716562e-09,9.154681194143757e-09,9.37663914809619e-09,9.664652824629426e-09,1.0020887342159169e-08,1.0448115400374808e-08,1.0949595037790271e-08,1.152864216749317e-08,1.218771784923401e-08,1.2926914731055177e-08,1.3741938007745903e-08,1.4622064423472832e-08,1.554907678311864e-08,1.6498625284537793e-08,1.7445531490439553e-08,1.8373838647406523e-08,1.9290685276688678e-08,2.024053318867727e-08,2.1313760386549168e-08,2.2642554377561224e-08,2.4378888739367106e-08,2.665476665946832e-08,2.9532781613239847e-08,3.2962361748754103e-08,3.6759840430299886e-08,4.062576440445485e-08,4.420078536831388e-08,4.714623967007964e-08,4.92238765740434e-08,5.034724928465831e-08,5.0586970956679204e-08,5.01295951637269e-08,4.920745257227133e-08,4.802644316799529e-08,4.6716675728269193e-08,4.53189305241917e-08,4.380453422059377e-08,4.211445004212655e-08,4.0199476037483254e-08,3.804736064863062e-08,3.569094710034866e-08,3.3199696213665797e-08,3.06619147889603e-08,2.8165832398165272e-08,2.5785384605969037e-08,2.357309153085135e-08,2.1559442027302334e-08,1.9756554451610703e-08,1.8163600999830496e-08,1.6772076888768346e-08,1.5569891070571508e-08,1.454403208319107e-08,1.368203691383989e-08,1.2972665901222319e-08,1.2406160311812498e-08,1.1974342580129545e-08,1.1670693543971661e-08,1.1490447277364796e-08,1.1430691946039034e-08
2026-05-22 13:36:32.695370,[66.41842852],6.5836416016318e-09,6.6165849468513526e-09,6.71592631336598e-09,6.883142691705483e-09,7.120495862536501e-09,7.430698786042584e-09,7.816384474870675e-09,8.27932491050036e-09,8.819357177308832e-09,9.433013475191621e-09,1.0111933870963153e-08,1.0841271119199801e-08,1.1598462292300951e-08,1.2352897811442307e-08,1.3067084138586047e-08,1.3699768809840668e-08,1.4211091646712014e-08,1.4569145148436738e-08,1.4756522721157486e-08,1.4774827334671988e-08,1.4645116046564459e-08,1.440317273792464e-08,1.4090284507935991e-08,1.3742287252651736e-08,1.3381066878907262e-08,1.3012475595497913e-08,1.263236325410587e-08,1.223878468408517e-08,1.1845041385589282e-08,1.1486915311192746e-08,1.1219313680068754e-08,1.1102045075916666e-08,1.1179553704847057e-08,1.1462603085998738e-08,1.1919462164520565e-08,1.2480283243354161e-08,1.3052988035449752e-08,1.3544665044615625e-08,1.3881065638186715e-08,1.4018514219214134e-08,1.3946174824728334e-08,1.3680267887846814e-08,1.3254023197331555e-08,1.2707396019653611e-08,1.207932857876648e-08,1.1403549477047302e-08,1.070742537915232e-08,1.0012645301647346e-08,9.336507615125972e-09,8.693000159097107e-09,8.093376877331346e-09,7.54631144518977e-09,7.057872885935999e-09,6.631557523059539e-09,6.268510658424406e-09,5.96795834361208e-09,5.727790356744083e-09,5.545202363904388e-09,5.4173088808679236e-09,5.341661708548692e-09,5.316635329478844e-09
2026-05-22 13:36:32.847585,[66.23186469],2.9574723513465554e-09,2.969316501135515e-09,3.0049877109591096e-09,3.0648949470277474e-09,3.149695601626177e-09,3.260259398586174e-09,3.3976171911421613e-09,3.562891858763156e-09,3.75720632674054e-09,3.981563991732295e-09,4.23670443836452e-09,4.522958933172171e-09,4.840171485624957e-09,5.187811263801468e-09,5.565464932486139e-09,5.973925096626164e-09,6.417024413021413e-09,6.904141433382398e-09,7.452896438750752e-09,8.091023599958042e-09,8.855937483057106e-09,9.790409666854494e-09,1.0933352308551778e-08,1.2306119336283081e-08,1.3896768087329951e-08,1.5646711676217945e-08,1.7445171088710773e-08,1.9135942200593024e-08,2.0537975605292037e-08,2.147683236536991e-08,2.1819796100566002e-08,2.1505124006672138e-08,2.0556833084500668e-08,1.908047957330026e-08,1.7241160426446953e-08,1.5230243931842048e-08,1.3230164706688936e-08,1.1386148704680752e-08,9.790510322236144e-09,8.480724289758061e-09,7.448556519214259e-09,6.655330239008768e-09,6.048197433799434e-09,5.5735880207200134e-09,5.185953618923093e-09,4.851706870497426e-09,4.5494118017984806e-09,4.267713816096948e-09,4.0023798585026775e-09,3.75341704360283e-09,3.522785503319399e-09,3.3128593209108064e-09,3.125566149419171e-09,2.962037664353798e-09,2.822589346478524e-09,2.7068782863447783e-09,2.6141318134940696e-09,2.543380846266858e-09,2.4936630527693763e-09,2.464181308533152e-09,2.454414333208683e-09
2026-05-22 13:36:33.039164,[89.72142813],1.8591584595075202e-06,1.8691373376716216e-06,1.8990339849445732e-06,1.9486885715318027e-06,2.01770198503072e-06,2.105238332832932e-06,2.2097552650430405e-06,2.328677142191437e-06,2.4580411627802622e-06,2.592167487169431e-06,2.7234288419692123e-06,2.8422176522242183e-06,2.9372205015467066e-06,2.9960990513462993e-06,3.0066319471371788e-06,2.9582872609265677e-06,2.8440745811533448e-06,2.662391472438646e-06,2.4184693804201945e-06,2.1249876336423575e-06,1.8015030606339234e-06,1.4725514629657865e-06,1.164585746364762e-06,9.022469249341366e-07,7.047133998142052e-07,5.829445193242239e-07,5.384792506712215e-07,5.640964753481243e-07,6.461858053412054e-07,7.682488966472942e-07,9.146731962743057e-07,1.07386707105356e-06,1.2400264614371448e-06,1.4131671040111893e-06,1.5975082276364494e-06,1.798717716153353e-06,2.02081341780503e-06,2.263581247244121e-06,2.5211976288886663e-06,2.782383720662836e-06,3.0319845261675824e-06,3.2534931820931515e-06,3.4318383348751056e-06,3.5557639247304587e-06,3.619323615595708e-06,3.622300088516972e-06,3.569641385431287e-06,3.4702046453904704e-06,3.335178208393419e-06,3.1765261094578265e-06,3.0057023043703755e-06,2.832760916246551e-06,2.665880132974938e-06,2.5112416928113816e-06,2.373169852030901e-06,2.25442708915743e-06,2.1565774776939544e-06,2.0803515582040967e-06,2.0259702502999217e-06,1.9934049058889392e-06,1.9825640606762414e-06
2026-05-22 13:36:33.087282,[65.70688534],3.2825515886417395e-09,3.3004806453126177e-09,3.3548465072407404e-09,3.447370253443122e-09,3.580862437577496e-09,3.7591086105940295e-09,3.986654827735285e-09,4.268443287071547e-09,4.60924523197792e-09,5.012851269205166e-09,5.481017314990573e-09,6.012234300650858e-09,6.600490087697424e-09,7.234305589821619e-09,7.896415697879997e-09,8.564472639261615e-09,9.213016088185859e-09,9.816651105586613e-09,1.0353939520736776e-08,1.081107168180526e-08,1.1184147003816333e-08,1.1479056493704528e-08,1.1708612844005105e-08,1.1887573187703065e-08,1.2027165641900601e-08,1.2131173794433247e-08,1.2195206076276317e-08,1.2209521950079784e-08,1.2164210694187223e-08,1.2054392811569826e-08,1.1883066919603952e-08,1.1660352304337247e-08,1.1399633009873974e-08,1.1112581034934412e-08,1.0805461489470358e-08,1.0478326466807885e-08,1.0127180616553472e-08,9.747794192761145e-09,9.339243764062073e-09,8.905660116687864e-09,8.455703414822666e-09,8.000354102736799e-09,7.550199443561593e-09,7.113346305695994e-09,6.694578058216727e-09,6.295740593090109e-09,5.916889929060314e-09,5.557593441515054e-09,5.217906576146517e-09,4.898808151643114e-09,4.602127506668324e-09,4.330149505293498e-09,4.0851214463575736e-09,3.868839990910313e-09,3.6824138480557474e-09,3.5262191281847392e-09,3.4000107615522307e-09,3.303129552683028e-09,3.2347437750954665e-09,3.1940764212783472e-09,3.1805852023458757e-09
2026-05-22 13:36:33.244107,[66.40388678],1.3338952827152768e-09,1.338460391431657e-09,1.3523248284112929e-09,1.375997468422636e-09,1.4103317663742658e-09,1.4565343155997277e-09,1.5161775450322929e-09,1.5912161595280013e-09,1.6840049434430217e-09,1.797311975685263e-09,1.9343161764171763e-09,2.0985723510289656e-09,2.293922712698279e-09,2.5243345964457136e-09,2.7936531839013137e-09,3.105276999165038e-09,3.4617895362655404e-09,3.864603201582947e-09,4.313677686436997e-09,4.807351489423335e-09,5.342271922320686e-09,5.913345470976311e-09,6.513596832055782e-09,7.1338651998059695e-09,7.76239840776726e-09,8.384592468828734e-09,8.983269040857597e-09,9.539865234720529e-09,1.0036654209494493e-08,1.0459662778132512e-08,1.0801480908686627e-08,1.1062916822649771e-08,1.1252633188074372e-08,1.1384515105086947e-08,1.1473355449675909e-08,1.1530142565784607e-08,1.1558475208387348e-08,1.1553284400262796e-08,1.1502250353170629e-08,1.1389396487104038e-08,1.1199681355301466e-08,1.0923216170188315e-08,1.0558017932989912e-08,1.011078893165239e-08,9.595838857792772e-09,9.032722641411689e-09,8.443353775546015e-09,7.849286445764072e-09,7.269634145692789e-09,6.7198211525910846e-09,6.211134608440569e-09,5.7509028629782266e-09,5.34307302057799e-09,4.988974824757128e-09,4.688108548790568e-09,4.438854921405708e-09,4.239058203605202e-09,4.0864717478498805e-09,3.9790779657404815e-09,3.915304491934066e-09,3.894159433783555e-09
2026-05-22 13:36:33.300687,[70.965307],4.6319479244350754e-09,4.649536483275565e-09,4.702644849581234e-09,4.792280265023896e-09,4.920046406278655e-09,5.08801152423539e-09,5.298487581598365e-09,5.553691794650387e-09,5.855270057852695e-09,6.20368897250095e-09,6.5975563188948795e-09,7.033008811258855e-09,7.503396464544854e-09,7.999559514941664e-09,8.510980809420434e-09,9.027942779549446e-09,9.544490320354951e-09,1.0061538768880972e-08,1.0589016789691852e-08,1.1145741645437929e-08,1.1756046914175958e-08,1.2443139318518345e-08,1.3220573169428673e-08,1.4084565188373977e-08,1.501039092784917e-08,1.5955222920956994e-08,1.6867483598953663e-08,1.769988278140654e-08,1.8421159653565313e-08,1.9021445228745673e-08,1.9508532655060092e-08,1.9896328921253237e-08,2.0190502174655397e-08,2.0377913789087487e-08,2.0424929348894558e-08,2.0285801224145276e-08,1.9917902120780488e-08,1.929775901064719e-08,1.8431785270365866e-08,1.7358099199238922e-08,1.6139463662280773e-08,1.4850486040268757e-08,1.3563621762960189e-08,1.2338029882565612e-08,1.1213563385133429e-08,1.0210111724453134e-08,9.330959927189789e-09,8.568158482894938e-09,7.908040211761506e-09,7.335643804375849e-09,6.837537558088371e-09,6.403118654811146e-09,6.024786680180794e-09,5.6974739503742655e-09,5.417942193442302e-09,5.184115929876212e-09,4.994584360876248e-09,4.8483001376803354e-09,4.744443135826142e-09,4.6823931897539005e-09,4.66175533455734e-09
2026-05-22 13:36:33.451658,[92.5782411],3.8075866975930214e-06,3.827570763605034e-06,3.887396150010651e-06,3.986601475821122e-06,4.12414920943723e-06,4.298029301336687e-06,4.504724534747756e-06,4.738574142854635e-06,4.991103462260532e-06,5.250428655457621e-06,5.500891068289214e-06,5.723113724312897e-06,5.894684695323351e-06,5.991636835881468e-06,5.990791463382788e-06,5.872858389789212e-06,5.625953328179062e-06,5.248954115147537e-06,4.753945297046438e-06,4.166982027064732e-06,3.5266021836346905e-06,2.8799352117238664e-06,2.2768217492931394e-06,1.762920845980222e-06,1.373162702711423e-06,1.1269609065353954e-06,1.0262799924753728e-06,1.0570304130211537e-06,1.1934959579155854e-06,1.4047872454557883e-06,1.661834362446774e-06,1.9432952093901446e-06,2.239001553812033e-06,2.550153293990855e-06,2.8862851818657847e-06,3.2598768912380663e-06,3.6801212926611447e-06,4.147597451169249e-06,4.65131730353334e-06,5.168902548656101e-06,5.669734587225562e-06,6.120110563593855e-06,6.48898636572971e-06,6.752898178622629e-06,6.899059846230167e-06,6.92624323410732e-06,6.843641806164969e-06,6.668327252113327e-06,6.422067469089508e-06,6.1282080745844226e-06,5.809112853104109e-06,5.48440749932127e-06,5.170050988312551e-06,4.878109711045607e-06,4.617037924309649e-06,4.392259220413802e-06,4.206874078355679e-06,4.062365596596466e-06,3.959222770020672e-06,3.897438866223953e-06,3.876868237378086e-06
2026-05-22 13:36:33.500174,[72.45527461],6.573731043734046e-09,6.5961855912677285e-09,6.663845339438426e-09,6.77758019121845e-09,6.938777390015552e-09,7.149242193549804e-09,7.4110441691293e-09,7.72628762916291e-09,8.096774822938149e-09,8.523529896286791e-09,9.006176736342754e-09,9.542235785486982e-09,1.0126539960851458e-08,1.0751160425222378e-08,1.1406423405201741e-08,1.2083668634825077e-08,1.2780175302146733e-08,1.3506003961924287e-08,1.4291352251133128e-08,1.5191657132284832e-08,1.6286700430967802e-08,1.7670211429578275e-08,1.9428580504322838e-08,2.161128864470731e-08,2.420041968603982e-08,2.7090057156907372e-08,3.0086169824520585e-08,3.293253584615126e-08,3.53593292216839e-08,3.7141524482701614e-08,3.8148677130621016e-08,3.836916403767814e-08,3.790072623447284e-08,3.691164861514919e-08,3.5587606559762876e-08,3.40833665154039e-08,3.249463994078296e-08,3.085582527471615e-08,2.9158898451352084e-08,2.738189439501105e-08,2.5514452167635683e-08,2.3571969889998853e-08,2.159621401501583e-08,1.9645670531917074e-08,1.7781615729493957e-08,1.6055604765370595e-08,1.4501871804091965e-08,1.3135460009604279e-08,1.1954877545702903e-08,1.0947171592620186e-08,1.0093403469542868e-08,9.373167384504415e-09,8.767578206262729e-09,8.260765921632057e-09,7.840248816038254e-09,7.496643771587314e-09,7.223102332829639e-09,7.014729353374661e-09,6.868112685331034e-09,6.780999260810198e-09,6.7521013302346184e-09
2026-05-22 13:36:33.552675,[66.09841341],3.6319157541707943e-09,3.648740664515498e-09,3.699330961266782e-09,3.7839796994926714e-09,3.902996655737545e-09,4.056442735718757e-09,4.24376927729839e-09,4.463387344202304e-09,4.712216388297066e-09,4.985292669034772e-09,5.275548784609795e-09,5.573894523773798e-09,5.869719940732566e-09,6.15188854115034e-09,6.4101845493139795e-09,6.637033906273454e-09,6.82916850207044e-09,6.988803149637694e-09,7.123906037863297e-09,7.247303512411435e-09,7.374653191256313e-09,7.521662764913387e-09,7.70119506133224e-09,7.920959977570087e-09,8.182302861896387e-09,8.48022612774267e-09,8.8043930616478e-09,9.140640728943783e-09,9.47256238145059e-09,9.782948684429797e-09,1.0055125509256814e-08,1.0274316491738815e-08,1.042903279673225e-08,1.0512253821014894e-08,1.052200550097046e-08,1.0461017427144917e-08,1.0335444913512808e-08,1.0153022076083183e-08,9.92125664917952e-09,9.6462524497071e-09,9.33246780904963e-09,8.983333839294026e-09,8.602347451741439e-09,8.194141165820405e-09,7.765126209728556e-09,7.3235271872192875e-09,6.878862309510634e-09,6.4410840246829014e-09,6.019646092393203e-09,5.622720731510416e-09,5.2566966856051065e-09,4.9259906721977764e-09,4.633130598214757e-09,4.379029999711576e-09,4.163365666065307e-09,3.98498349969621e-09,3.842279792728965e-09,3.733527591826446e-09,3.657135817287011e-09,3.6118406386392157e-09,3.5968346245251273e-09
2026-05-22 13:36:33.654899,[93.54346625],4.801054443343221e-06,4.825923793518973e-06,4.900345127013778e-06,5.0236560320697706e-06,5.194413769129822e-06,5.409897360874472e-06,5.665440131338917e-06,5.953642800087312e-06,6.263557272499184e-06,6.579982924674983e-06,6.883072396440617e-06,7.148486982494695e-06,7.3483496011748406e-06,7.453189431983417e-06,7.434934996441424e-06,7.270787552888744e-06,6.947520624444336e-06,6.465468400661223e-06,5.8412807407715965e-06,5.108536405736166e-06,4.315585216433978e-06,3.520524424530872e-06,2.78389820913348e-06,2.1603561999787526e-06,1.6909104981620354e-06,1.3974405679324541e-06,1.280678856415324e-06,1.3221651052753526e-06,1.4897734040708117e-06,1.7456067336451636e-06,2.054499724220994e-06,2.3911930214174526e-06,2.7444995844874276e-06,3.117459499987096e-06,3.5234642761489065e-06,3.9794000223076126e-06,4.497705213853186e-06,5.079570765342736e-06,5.711178776752049e-06,6.3639654381545545e-06,6.998708140377431e-06,7.572182863550355e-06,8.044553068158358e-06,8.385673493050033e-06,8.579027905022203e-06,8.622814842317731e-06,8.528459512841122e-06,8.317349173788453e-06,8.016780951955845e-06,7.656015072311198e-06,7.263054745929057e-06,6.8624513806480625e-06,6.474155512539158e-06,6.113248448603944e-06,5.790303351241255e-06,5.512116895266756e-06,5.282593135070239e-06,5.1036213609431755e-06,4.975849126864961e-06,4.899299085653379e-06,4.8738099781818955e-06
2026-05-22 13:36:33.702968,[68.3798442],7.783763250314061e-09,7.818029132697667e-09,7.920869564697392e-09,8.092329205832592e-09,8.33220687925607e-09,8.639655408241527e-09,9.012652950280193e-09,9.447388710260231e-09,9.93763295117683e-09,1.0474196532153076e-08,1.1044626535702527e-08,1.1633325554562804e-08,1.222231014711639e-08,1.2792817392856887e-08,1.3327896821992017e-08,1.3815953375951156e-08,1.4254910232975536e-08,1.4656247590310797e-08,1.5047719674531852e-08,1.5473219497249993e-08,1.5988286026341715e-08,1.6650372039217102e-08,1.750432532305879e-08,1.8565412913645266e-08,1.9804102728672645e-08,2.11378875319842e-08,2.2434877939875073e-08,2.3531330643613224e-08,2.4261152272154585e-08,2.4491027379014977e-08,2.415191248693422e-08,2.325765742437546e-08,2.190483007578859e-08,2.0253408716649993e-08,1.8493810644427843e-08,1.6809559366784663e-08,1.5345425060794922e-08,1.4188183980071704e-08,1.3362570361913346e-08,1.2840415685436846e-08,1.2557934436658925e-08,1.2435278328966796e-08,1.2393546074296708e-08,1.2366518636727606e-08,1.2306526287293578e-08,1.2185385581912177e-08,1.1992052527400268e-08,1.1728654474088302e-08,1.1406181312555046e-08,1.1040620602716186e-08,1.0649894529756466e-08,1.0251669661141601e-08,9.861956247709394e-09,9.494351969188682e-09,9.159774094401461e-09,8.866535400411698e-09,8.620638059771252e-09,8.42618028849206e-09,8.285791095242999e-09,8.201028223824784e-09,8.172692560892814e-09
2026-05-22 13:36:33.751668,[66.44052679],4.923686013588175e-09,4.943163483180823e-09,5.0015733175106934e-09,5.098789495750426e-09,5.234412039532492e-09,5.40749949554186e-09,5.616236093521661e-09,5.8575891673605614e-09,6.1270421064854924e-09,6.418516636453052e-09,6.724612284308193e-09,7.0372718378124625e-09,7.348910740935676e-09,7.653917194113834e-09,7.950253739617516e-09,8.240720948963472e-09,8.533363702689318e-09,8.840603636700075e-09,9.177019920690151e-09,9.556226184702589e-09,9.987820326371415e-09,1.0475630622835033e-08,1.1018182154725007e-08,1.1611399622621248e-08,1.2252324725567415e-08,1.294165502887164e-08,1.368287338332193e-08,1.4476971902830937e-08,1.5313967396780097e-08,1.616458202827393e-08,1.6976411245879706e-08,1.7677844644042214e-08,1.8190143743958575e-08,1.844461678013978e-08,1.8399401403888222e-08,1.8050174623618907e-08,1.743127129798996e-08,1.660719133195015e-08,1.5657733123514693e-08,1.4661691078013475e-08,1.3683740120922027e-08,1.2767275946719058e-08,1.1933601916138762e-08,1.1185941170040962e-08,1.0515853093673207e-08,9.909750741314724e-09,9.353978620601013e-09,8.837844254435325e-09,8.354744224260134e-09,7.901932374332305e-09,7.479567049950558e-09,7.089560122862105e-09,6.734558463773213e-09,6.41720754712577e-09,6.139718682868438e-09,5.9036912329479425e-09,5.710115591447462e-09,5.559483729760031e-09,5.451947061464074e-09,5.387477133521802e-09,5.365998835310586e-09
2026-05-22 13:36:33.850168,[88.48137486],1.4993720159290929e-06,1.5069071405801646e-06,1.5294364443395166e-06,1.5666996541067077e-06,1.6181571407428352e-06,1.6828356170967487e-06,1.7591239442285922e-06,1.8445372173108686e-06,1.9354802150073025e-06,2.027057238532576e-06,2.1129913845134773e-06,2.185727069267509e-06,2.236787782121263e-06,2.2574386776549934e-06,2.2396552045666316e-06,2.1773253907622076e-06,2.0675256526251095e-06,1.911630414627485e-06,1.7159745742946587e-06,1.4918136756184857e-06,1.2544339230860125e-06,1.0214413714130773e-06,8.104661857857331e-07,6.366937668793683e-07,5.107211702884226e-07,4.372007638557883e-07,4.145782499905345e-07,4.359993157687237e-07,4.912063296798603e-07,5.690288879686618e-07,6.599305601804746e-07,7.580362827231722e-07,8.621484691809076e-07,9.754691812898618e-07,1.1040557139073554e-06,1.2543803141121838e-06,1.4306386896416588e-06,1.6325533529432468e-06,1.854292513828237e-06,2.0848024847998067e-06,2.3094399725263107e-06,2.512433545862964e-06,2.6795174516518323e-06,2.8001091252090194e-06,2.868605377948372e-06,2.884658007372933e-06,2.8525549899152844e-06,2.7800060772011966e-06,2.6766869315989e-06,2.552851968052507e-06,2.4182244578408514e-06,2.2812574041014302e-06,2.148762573535174e-06,2.025843260199351e-06,1.9160395865455813e-06,1.821595274613208e-06,1.7437707620319793e-06,1.6831493707325911e-06,1.6399040967527798e-06,1.6140088661162139e-06,1.6053887209057157e-06
2026-05-22 13:36:33.903594,[66.97999682],5.185238745722102e-09,5.211535588312091e-09,5.290888360258079e-09,5.424602186855136e-09,5.61457268092267e-09,5.862842684699485e-09,6.1709438531615924e-09,6.539009424559547e-09,6.964677339209342e-09,7.441864545440172e-09,7.95958679485072e-09,8.50111752325344e-09,9.043903170363138e-09,9.56073780605836e-09,1.0022681955012635e-08,1.0404010704586053e-08,1.0689029101762093e-08,1.087988994631724e-08,1.1003691681612195e-08,1.1116371018758151e-08,1.1300617870635147e-08,1.1655641732118462e-08,1.2278358804232547e-08,1.3238304281925032e-08,1.4551617334342998e-08,1.6161640941098875e-08,1.793377473989228e-08,1.966947150989698e-08,2.113899708663902e-08,2.2126336936767218e-08,2.2474779764771238e-08,2.2120402773930918e-08,2.110382802334897e-08,1.95572754135604e-08,1.7671619501472667e-08,1.5653923549062087e-08,1.3687714767177088e-08,1.1905779186030393e-08,1.0379937763827939e-08,9.126476326640797e-09,8.121774091895388e-09,7.3212705921574296e-09,6.676018293378408e-09,6.1436053219988595e-09,5.6929129418064365e-09,5.3040666501425625e-09,4.965713787644431e-09,4.671591431559756e-09,4.417668016010237e-09,4.20038003536253e-09,4.015915795988509e-09,3.8602112271258635e-09,3.729274881545468e-09,3.6195503896493154e-09,3.528158677845484e-09,3.4529769990298566e-09,3.39258231720411e-09,3.3461142880073724e-09,3.313111785811251e-09,3.293362103853336e-09,3.2867851265491617e-09
2026-05-22 13:36:33.958534,[66.97999682],5.185238745722102e-09,5.211535588312091e-09,5.290888360258079e-09,5.424602186855136e-09,5.61457268092267e-09,5.862842684699485e-09,6.1709438531615924e-09,6.539009424559547e-09,6.964677339209342e-09,7.441864545440172e-09,7.95958679485072e-09,8.50111752325344e-09,9.043903170363138e-09,9.56073780605836e-09,1.0022681955012635e-08,1.0404010704586053e-08,1.0689029101762093e-08,1.087988994631724e-08,1.1003691681612195e-08,1.1116371018758151e-08,1.1300617870635147e-08,1.1655641732118462e-08,1.2278358804232547e-08,1.3238304281925032e-08,1.4551617334342998e-08,1.6161640941098875e-08,1.793377473989228e-08,1.966947150989698e-08,2.113899708663902e-08,2.2126336936767218e-08,2.2474779764771238e-08,2.2120402773930918e-08,2.110382802334897e-08,1.95572754135604e-08,1.7671619501472667e-08,1.5653923549062087e-08,1.3687714767177088e-08,1.1905779186030393e-08,1.0379937763827939e-08,9.126476326640797e-09,8.121774091895388e-09,7.3212705921574296e-09,6.676018293378408e-09,6.1436053219988595e-09,5.6929129418064365e-09,5.3040666501425625e-09,4.965713787644431e-09,4.671591431559756e-09,4.417668016010237e-09,4.20038003536253e-09,4.015915795988509e-09,3.8602112271258635e-09,3.729274881545468e-09,3.6195503896493154e-09,3.528158677845484e-09,3.4529769990298566e-09,3.39258231720411e-09,3.3461142880073724e-09,3.313111785811251e-09,3.293362103853336e-09,3.2867851265491617e-09
2026-05-22 13:36:34.054680,[89.48555952],1.968977642263256e-06,1.9788413401121176e-06,2.00834031043424e-06,2.057156463052138e-06,2.1246217674838543e-06,2.209516711784383e-06,2.309802601048256e-06,2.4223106693865754e-06,2.5424279671081516e-06,2.663841148711068e-06,2.778420702948635e-06,2.8763427046157063e-06,2.946542932017818e-06,2.9775686069881587e-06,2.958828888492704e-06,2.8821482614737717e-06,2.7434125880986406e-06,2.543996395138902e-06,2.291612107431582e-06,2.00026383543367e-06,1.6891348582130837e-06,1.380467919526233e-06,1.0967520620156534e-06,8.577294579970311e-07,6.7781155733929e-07,5.644182219478989e-07,5.175526296958306e-07,5.306639626483107e-07,5.925997662750136e-07,6.902555386570111e-07,8.114040518372905e-07,9.471326465156256e-07,1.0933478995544677e-06,1.2509541842770922e-06,1.424593059901234e-06,1.62020738855915e-06,1.8420611213780422e-06,2.0900600277677033e-06,2.3581717297857518e-06,2.6344262529240097e-06,2.9024979168344704e-06,3.144403067382266e-06,3.3435615528696444e-06,3.487445208722599e-06,3.5692475126918345e-06,3.588347323806969e-06,3.5496748384203537e-06,3.462319301979832e-06,3.337804912461827e-06,3.188419997337157e-06,3.0258650171798e-06,2.860343533302887e-06,2.700099571550289e-06,2.5513259734013997e-06,2.418333356855311e-06,2.3038684061208776e-06,2.2094894607719995e-06,2.1359342027440676e-06,2.0834399330055745e-06,2.0519969316704837e-06,2.04152837830566e-06
2026-05-22 13:36:34.104300,[67.43277661],7.540802392933758e-09,7.581905144803431e-09,7.705915010112616e-09,7.914797397062174e-09,8.211346133365089e-09,8.59840537795594e-09,9.077687316867678e-09,9.648137290000083e-09,1.0303854845690884e-08,1.103169533879138e-08,1.1808860192260204e-08,1.2601023631113782e-08,1.3361794532685999e-08,1.4034483813400464e-08,1.4557107213936157e-08,1.487115199783531e-08,1.4933772005232897e-08,1.4731782213472406e-08,1.4294355959168148e-08,1.370018809281172e-08,1.3074734926248462e-08,1.257455348932619e-08,1.2358893544523575e-08,1.2552985686759233e-08,1.3211591640841283e-08,1.4293590235441502e-08,1.5657202571632954e-08,1.708054189173847e-08,1.8304700342510972e-08,1.908909031059146e-08,1.9264160847487084e-08,1.8766908643568816e-08,1.7649881765360414e-08,1.6062675023032783e-08,1.4213092836821455e-08,1.2320281303072249e-08,1.0572727739198632e-08,9.100525035685831e-09,7.965590897504512e-09,7.167953816884651e-09,6.6625403203798275e-09,6.3797867818892095e-09,6.244460467335792e-09,6.189313074039974e-09,6.162556255442019e-09,6.129921536908376e-09,6.072976942166834e-09,5.98551422133098e-09,5.869473624822631e-09,5.731336552184138e-09,5.579408961946292e-09,5.422050990955601e-09,5.26670259483272e-09,5.119480820240037e-09,4.985133105981116e-09,4.867178356410731e-09,4.7681226476565695e-09,4.68968298572364e-09,4.6329851172268504e-09,4.598720916747615e-09,4.587260828143294e-09
2026-05-22 13:36:34.250491,[90.34058786],2.505296195463836e-06,2.5177002447165103e-06,2.5547690867046827e-06,2.616019394282476e-06,2.700469617897624e-06,2.80638449924431e-06,2.9309393380085368e-06,3.06983655973531e-06,3.2169290829741733e-06,3.3639313857654263e-06,3.500324571309083e-06,3.613576715265758e-06,3.6897917909564725e-06,3.714856781423304e-06,3.676069657129933e-06,3.5641052241777564e-06,3.375033669526775e-06,3.111988492117095e-06,2.7860369995910784e-06,2.4158805291847083e-06,2.026215714935545e-06,1.6448883207527708e-06,1.2992873330609515e-06,1.0126575666641332e-06,8.010716962971074e-07,6.716720670895525e-07,6.225126305360895e-07,6.43991673530638e-07,7.215571174487584e-07,8.391413429434159e-07,9.82652876459298e-07,1.1428146759481391e-06,1.316707956354213e-06,1.5075912311290745e-06,1.7229328426122572e-06,1.971068912441492e-06,2.2573393702288165e-06,2.5807854955102716e-06,2.932387243100596e-06,3.2953812494408026e-06,3.6475783717339003e-06,3.965020761941168e-06,4.225986065547197e-06,4.414351742343759e-06,4.5216294048551005e-06,4.547423263534672e-06,4.4984909816710055e-06,4.386867056599751e-06,4.227603495983451e-06,4.036616482903759e-06,3.828967554774509e-06,3.617725326588098e-06,3.413401596800738e-06,3.2238586347450818e-06,3.0545434263340706e-06,2.9089062059516705e-06,2.788886734016017e-06,2.6953866219082634e-06,2.6286787848506884e-06,2.588730325668821e-06,2.5754313482348176e-06
2026-05-22 13:36:34.303540,[69.22262785],9.32921829149457e-09,9.374477986810832e-09,9.510856481312465e-09,9.740019911679285e-09,1.0064287928165074e-08,1.0485892000589549e-08,1.1005839236823026e-08,1.1622320556651576e-08,1.2328646585145938e-08,1.3110797670558876e-08,1.3944851411569202e-08,1.4794802100380221e-08,1.5611579204876305e-08,1.633432387293813e-08,1.6895052818206338e-08,1.7227546806168046e-08,1.7280483096994135e-08,1.7033443540772757e-08,1.651266724453225e-08,1.580179028921146e-08,1.5042106727847458e-08,1.441791261047828e-08,1.4125704559210048e-08,1.4331035997194547e-08,1.5122306333396654e-08,1.6474524327990607e-08,1.823602370351814e-08,2.0146193552129254e-08,2.188342539701225e-08,2.3132537942559858e-08,2.365374224720858e-08,2.3333855787287256e-08,2.2205810507626633e-08,2.0432587209414158e-08,1.8262644324883774e-08,1.5971611766213078e-08,1.3807028966451657e-08,1.1949278748789966e-08,1.049481834426462e-08,9.460422230591143e-09,8.801960888392701e-09,8.439351012449927e-09,8.280358688389545e-09,8.2386542381333e-09,8.24450699645222e-09,8.248790409074619e-09,8.222169611347317e-09,8.151582686048137e-09,8.035761853257539e-09,7.880945219695214e-09,7.697364704519232e-09,7.496684177467777e-09,7.290321610967978e-09,7.088483619601721e-09,6.8997196045672104e-09,6.730823400569737e-09,6.586945301542849e-09,6.471812285887301e-09,6.387983553390203e-09,6.3370911094228875e-09,6.3200319782817435e-09
2026-05-22 13:36:34.351728,[65.06473212],3.3340932052841693e-09,3.3533974107808203e-09,3.411987055896427e-09,3.5118748424515436e-09,3.656343715269897e-09,3.8498036685591445e-09,4.097520658366989e-09,4.405151977269908e-09,4.778016677986638e-09,5.220042673679846e-09,5.732375028094492e-09,6.311712078466715e-09,6.948558848478778e-09,7.625736062271341e-09,8.317620372951915e-09,8.990656339793072e-09,9.605601417516696e-09,1.0121686787516166e-08,1.0502399663270188e-08,1.0722005961356728e-08,1.0771418498920159e-08,1.0661806136677255e-08,1.0424618629128287e-08,1.010749888710852e-08,9.76667416559486e-09,9.457477597952923e-09,9.225230457114208e-09,9.098559243248256e-09,9.086390306590503e-09,9.178722226581932e-09,9.350307451483051e-09,9.56592856386911e-09,9.786070273709331e-09,9.972215492231109e-09,1.0091386778133352e-08,1.0119702742849834e-08,1.004465871564024e-08,9.865782376171644e-09,9.59345761107218e-09,9.24608618760863e-09,8.846210974750953e-09,8.416522909741721e-09,7.976658539791561e-09,7.541372691850852e-09,7.120194607896171e-09,6.718247542862576e-09,6.3376775133954935e-09,5.979133351449931e-09,5.642906432911669e-09,5.329568318294175e-09,5.0401428957162905e-09,4.775964883179643e-09,4.53840405463369e-09,4.328600241931248e-09,4.14729323997185e-09,3.994772884995438e-09,3.870933353084292e-09,3.7753955078057596e-09,3.7076576716990684e-09,3.6672415435112155e-09,3.6538098407114844e-09
2026-05-22 13:36:34.456158,[92.15872937],3.980385244666812e-06,3.99986401209702e-06,4.0580734603629265e-06,4.154249413262322e-06,4.2868427174119604e-06,4.45311936818836e-06,4.648635319730008e-06,4.866637446545229e-06,5.09747684751366e-06,5.328162271057706e-06,5.542221007214578e-06,5.720056923535423e-06,5.8399803508112865e-06,5.880012335232663e-06,5.820425502089268e-06,5.646784696523687e-06,5.353030805274804e-06,4.943977364797174e-06,4.4365416494238845e-06,3.859172646264329e-06,3.2492768111765744e-06,2.648910387040865e-06,2.099466623942805e-06,1.6363780791283667e-06,1.2848685135045775e-06,1.0575231665997203e-06,9.54010147347876e-07,9.628424876070128e-07,1.064745509476898e-06,1.2370128417049903e-06,1.4581354448219797e-06,1.7119060720887886e-06,1.9901536632900387e-06,2.293360677400175e-06,2.6287843120202403e-06,3.006346156900987e-06,3.433294370290431e-06,3.909169370820668e-06,4.422642498984883e-06,4.951269448045615e-06,5.464287549077781e-06,5.927644146790034e-06,6.309827896353447e-06,6.586978701235339e-06,6.7461406516040275e-06,6.786184623672039e-06,6.716595095609406e-06,6.554780962232107e-06,6.322746252353801e-06,6.043875007299865e-06,5.740346529143786e-06,5.431416787308903e-06,5.132564586048222e-06,4.855348695767697e-06,4.607757260849873e-06,4.394832694290202e-06,4.219395628456524e-06,4.0827452749663956e-06,3.985263858612673e-06,3.926891154918941e-06,3.9074594563820125e-06
2026-05-22 13:36:34.514489,[69.75457297],1.1777425056690696e-09,1.1809024044038704e-09,1.1905483052725533e-09,1.2071781256400235e-09,1.2316171123278797e-09,1.2650027275452452e-09,1.3087466617209158e-09,1.3644566572095168e-09,1.4337966448372433e-09,1.5182626769488383e-09,1.6188576497984632e-09,1.7356639404480942e-09,1.8673432711273167e-09,2.0106375722469784e-09,2.159996960130171e-09,2.3075052996960705e-09,2.4432848314968334e-09,2.556509977851111e-09,2.6370271340996516e-09,2.677370021800625e-09,2.6747297632667183e-09,2.63227829744506e-09,2.5592617605476284e-09,2.4695485303935766e-09,2.378809676749135e-09,2.3010752056284138e-09,2.2458010890873075e-09,2.2165626088351505e-09,2.2119677085298685e-09,2.2285066031822845e-09,2.2641821061128397e-09,2.3213198656924326e-09,2.4072006821023273e-09,2.532030924054841e-09,2.7048979038026723e-09,2.9292325801869483e-09,3.1995302361180565e-09,3.5005824735742635e-09,3.809507763890233e-09,4.0998737852498326e-09,4.346581707773254e-09,4.530113474134946e-09,4.639153561489418e-09,4.671240227625115e-09,4.631701941068636e-09,4.531505615183775e-09,4.384733203767145e-09,4.206273130906335e-09,4.0100756857147945e-09,3.808082841351742e-09,3.609768451374193e-09,3.422134236425044e-09,3.249987654075093e-09,3.0963528247655506e-09,2.9629088791142186e-09,2.850393045024529e-09,2.7589393148404025e-09,2.6883453873058616e-09,2.6382723865898432e-09,2.608386572625836e-09,2.5984526674451236e-09
2026-05-22 13:36:34.567633,[69.5253437],6.8002754388768144e-09,6.831970090847407e-09,6.927501162375257e-09,7.088181858021669e-09,7.316110289454785e-09,7.614042429531542e-09,7.985222578292805e-09,8.433158425616175e-09,8.961296650957166e-09,9.572512964562075e-09,1.0268292872988937e-08,1.1047476257142988e-08,1.1904511695841635e-08,1.2827353613218252e-08,1.3795442765726712e-08,1.4778575868243552e-08,1.5737738707287533e-08,1.6628920824097648e-08,1.7410333207684553e-08,1.8052258284141478e-08,1.854723012521109e-08,1.891698596854603e-08,1.9212453359173067e-08,1.950454374958169e-08,1.9866639156173525e-08,2.035336929194871e-08,2.0982864902083726e-08,2.1729504706117814e-08,2.253070249676328e-08,2.330566010998506e-08,2.3978784160427802e-08,2.4498322481473398e-08,2.4843024273825556e-08,2.5015298828251482e-08,2.502561390362728e-08,2.4876586266521404e-08,2.4554646323056745e-08,2.403288772542476e-08,2.3283158281865167e-08,2.2291407257981994e-08,2.1069459071558067e-08,1.965862274164687e-08,1.8124340267993115e-08,1.6544502800877937e-08,1.499579573064435e-08,1.3542197138856912e-08,1.2228155891881317e-08,1.1076984779061272e-08,1.009343475499636e-08,9.268654871726203e-09,8.585751542231179e-09,8.024653646134117e-09,7.565633170327225e-09,7.191380182490323e-09,6.887874825448446e-09,6.644436591082136e-09,6.453320907945902e-09,6.309147022947512e-09,6.208336902344197e-09,6.148656469747539e-09,6.128891096401507e-09
2026-05-22 13:36:34.723560,[93.04056171],4.968589683936907e-06,4.992604207300616e-06,5.06434489179798e-06,5.182798500261328e-06,5.345932097476726e-06,5.550194977700647e-06,5.7898676680264286e-06,6.056325399401136e-06,6.337327437391248e-06,6.616495476908959e-06,6.8731921606079656e-06,7.0830350001946114e-06,7.219256188522228e-06,7.255020693833854e-06,7.166632041893867e-06,6.937302427012147e-06,6.56089326728979e-06,6.044830793074589e-06,5.411368629655235e-06,4.696578268011332e-06,3.946898395586412e-06,3.213665006080245e-06,2.5465927727179552e-06,1.9874855352855934e-06,1.5653990252736715e-06,1.2940877812358564e-06,1.1720071411730075e-06,1.1846280825375882e-06,1.3085019670587213e-06,1.5163795087979694e-06,1.7826241636361253e-06,2.0880562772497655e-06,2.423246339498897e-06,2.7893170556363782e-06,3.1957106112678083e-06,3.655164910436647e-06,4.1770955789973695e-06,4.761289007750451e-06,5.393900035219541e-06,6.047099984077245e-06,6.682563988483281e-06,7.257781666210028e-06,7.733384983772534e-06,8.079562693481038e-06,8.280127178466762e-06,8.333643859423984e-06,8.251880627246056e-06,8.056419590413359e-06,7.774488397516444e-06,7.434957070656556e-06,7.065140248976163e-06,6.688689588229976e-06,6.324564357182779e-06,5.986880688399255e-06,5.685362953444787e-06,5.426126809920129e-06,5.212576324061853e-06,5.04626577080334e-06,4.927639461988097e-06,4.856610152916499e-06,4.832966014085907e-06
2026-05-22 13:36:34.777791,[66.77655569],4.2479331944115624e-09,4.265132147284123e-09,4.31684948773152e-09,4.403405951182063e-09,4.525201802444936e-09,4.682521280072445e-09,4.875273821402837e-09,5.1026936792912135e-09,5.363032647833408e-09,5.6532944214585215e-09,5.969069082947965e-09,6.304526378837233e-09,6.652611387473824e-09,7.005454290634609e-09,7.354962725319656e-09,7.693524477457862e-09,8.014728775171758e-09,8.314030208349553e-09,8.5893270721424e-09,8.841476821101807e-09,9.074777105348214e-09,9.297360345680723e-09,9.521287656714087e-09,9.761962157423526e-09,1.0036449636949962e-08,1.036052317738897e-08,1.0744753350907226e-08,1.1190582048172325e-08,1.1687731140709926e-08,1.2214192851937707e-08,1.2739317091553559e-08,1.3229375100356208e-08,1.3653937252961954e-08,1.3990985333582538e-08,1.4229144433441714e-08,1.4366583900934359e-08,1.4407456854184669e-08,1.4357610556200595e-08,1.4221348372067058e-08,1.400032277270274e-08,1.3694597150242289e-08,1.3305036484417652e-08,1.2835813726892873e-08,1.2295999064644811e-08,1.1699733284302339e-08,1.1065077424191226e-08,1.0412040516279395e-08,9.760419080837473e-09,9.127975756258032e-09,8.529253514562537e-09,7.975083293961016e-09,7.47267211766307e-09,7.026079352296193e-09,6.636885732051395e-09,6.304901532905081e-09,6.028816390820496e-09,5.806743455563088e-09,5.636645960593684e-09,5.5166542278515605e-09,5.445289114400185e-09,5.421608386334671e-09
2026-05-22 13:36:34.939072,[68.72311154],2.3908614324892442e-09,2.401161544406076e-09,2.432269296141882e-09,2.4848059241774923e-09,2.5598034376874493e-09,2.6586988817101938e-09,2.7833228839599736e-09,2.9358746683940074e-09,3.1188689595338617e-09,3.3350340464498685e-09,3.5871403075254896e-09,3.877753060598653e-09,4.2089409997648235e-09,4.582033528025746e-09,4.997592972962399e-09,5.455813089880288e-09,5.957513192114282e-09,6.505705747865184e-09,7.107353839709598e-09,7.774478158727409e-09,8.523422658679037e-09,9.371137285815071e-09,1.0328042842391192e-08,1.1388432611387421e-08,1.2521067137828407e-08,1.3663872730993478e-08,1.4726584121089524e-08,1.560326537429964e-08,1.6193207348893633e-08,1.64249665486848e-08,1.6276004019458667e-08,1.5780874085086452e-08,1.502439476594304e-08,1.4121444996165947e-08,1.3189782762275142e-08,1.232451053707554e-08,1.1581656816088167e-08,1.0974498838262991e-08,1.0481555834803351e-08,1.006161365239701e-08,9.669888969043494e-09,9.270502806570523e-09,8.842864022489017e-09,8.382110641808794e-09,7.895473038749555e-09,7.396970538901116e-09,6.90244573273317e-09,6.426067715554699e-09,5.978568131327695e-09,5.566892631641546e-09,5.194717961403621e-09,4.863317517995115e-09,4.572421789639742e-09,4.320901206646143e-09,4.107234390706391e-09,3.929797972168451e-09,3.787036695347415e-09,3.6775655610826866e-09,3.600237874756551e-09,3.554195820876464e-09,3.538908408715213e-09
2026-05-22 13:36:35.108422,[88.96612507],1.9947512580020544e-06,2.0039800636565306e-06,2.031529710465988e-06,2.0769485451825553e-06,2.139348015266672e-06,2.2172071811389158e-06,2.3081194435184323e-06,2.408510397596264e-06,2.5133737685691105e-06,2.616093085999583e-06,2.708434921052514e-06,2.780806693903255e-06,2.8228576866502207e-06,2.8244564000368235e-06,2.776997363664444e-06,2.6748846515833972e-06,2.516932353873884e-06,2.3073527341782488e-06,2.056012463446907e-06,1.7777521523173521e-06,1.4907747683702687e-06,1.2143597485718475e-06,9.663640488835005e-07,7.610435498238463e-07,6.076295989680154e-07,5.098629533286618e-07,4.6642259371667225e-07,4.720036334593061e-07,5.187561845318273e-07,5.978639050773198e-07,7.011185876787337e-07,8.223451291897231e-07,9.584415614096958e-07,1.109712277646383e-06,1.2792173819473426e-06,1.4711028176304887e-06,1.6882510532990139e-06,1.929927407984242e-06,2.1902073150607265e-06,2.457769826413734e-06,2.7172010916647606e-06,2.9514541394486774e-06,3.144761465144433e-06,3.2852165855060304e-06,3.366425104976708e-06,3.3879668322962955e-06,3.354762662961152e-06,3.2756875759775177e-06,3.161864851305935e-06,3.0250324711379787e-06,2.876245540300621e-06,2.725030268974638e-06,2.5789814854870133e-06,2.4437183120356143e-06,2.323081950733359e-06,2.2194635352573803e-06,2.134173152530359e-06,2.067790122315434e-06,2.020460800466653e-06,1.9921295006021623e-06,1.982699886648444e-06
2026-05-22 13:36:35.162023,[69.46724214],4.122983652038046e-09,4.142555010177284e-09,4.201425748002531e-09,4.3000460291548825e-09,4.439104983403577e-09,4.619454098457883e-09,4.842022103439341e-09,5.107724660636682e-09,5.4173482590896495e-09,5.77135329372418e-09,6.169510107431517e-09,6.610280980646216e-09,7.0899276126164244e-09,7.601488196620082e-09,8.134025329969528e-09,8.6728192667454e-09,9.201305537921353e-09,9.705311154462814e-09,1.0179359666906772e-08,1.0633537931865639e-08,1.1098051975619635e-08,1.162190526669797e-08,1.2262955894207709e-08,1.3069369726103709e-08,1.4056647008008994e-08,1.5188296978142654e-08,1.6369599574135844e-08,1.7461020173910988e-08,1.831086837675199e-08,1.879822248688431e-08,1.887102522970454e-08,1.856415833033995e-08,1.7989149549332383e-08,1.7298329598575704e-08,1.6636657303506485e-08,1.60991588277456e-08,1.570887429359946e-08,1.542113058965129e-08,1.514937809048657e-08,1.4800502388956945e-08,1.4306084862101443e-08,1.3640104933869078e-08,1.2820317691763679e-08,1.1896711545313266e-08,1.093381303687656e-08,9.993673503865342e-09,9.124109553370093e-09,8.353734060061642e-09,7.692825785626192e-09,7.137787637272624e-09,6.676811144506426e-09,6.294978231779883e-09,5.977892755576819e-09,5.713677923855865e-09,5.4936359641010695e-09,5.312041435273828e-09,5.165514536038835e-09,5.0522984962846144e-09,4.9716256935582e-09,4.923245429497348e-09,4.9071173858020634e-09
2026-05-22 13:36:35.315385,[89.75423688],2.5040353546906666e-06,2.515559044063092e-06,2.5499430151494215e-06,2.6065736911014213e-06,2.6842570041123134e-06,2.7809726651638958e-06,2.8935580102914666e-06,3.0173598760622906e-06,3.1459159085496286e-06,3.2707524777635036e-06,3.3814081022010504e-06,3.465798107600323e-06,3.511014841418757e-06,3.5045965476278616e-06,3.4361937440790993e-06,3.2994271978954786e-06,3.093599206065755e-06,2.8248396639040595e-06,2.5062925178885375e-06,2.157106882015695e-06,1.8002736862367438e-06,1.4596691118094868e-06,1.1569160928703944e-06,9.087471794838714e-07,7.254022479957967e-07,6.102777104789865e-07,5.606965138397714e-07,5.69438590388265e-07,6.266333066658264e-07,7.217228484598048e-07,8.45326436477761e-07,9.908499240277598e-07,1.1555815564772391e-06,1.3409077675011103e-06,1.5513359402145492e-06,1.7923071665185762e-06,2.0672408647748233e-06,2.3746573867325875e-06,2.7063446911440005e-06,3.047269261740478e-06,3.377371369724496e-06,3.6747662217905144e-06,3.919448807481529e-06,4.096518599086652e-06,4.198187965992083e-06,4.224274796770044e-06,4.181321695527293e-06,4.080788124664939e-06,3.936869907403293e-06,3.764436265556526e-06,3.577409207151908e-06,3.3877217227776974e-06,3.2048367647153593e-06,3.0357141216108796e-06,2.8850763846174663e-06,2.7558324294466665e-06,2.649547354246867e-06,2.5668849171730897e-06,2.507981547969439e-06,2.472735114822435e-06,2.461006090819974e-06
2026-05-22 13:36:35.524724,[91.64172482],3.944782596150195e-06,3.962613454658276e-06,4.015806070615275e-06,4.103379840065733e-06,4.223435851588421e-06,4.372778107602912e-06,4.546427179277814e-06,4.737086660580958e-06,4.934658498800474e-06,5.1259431074046904e-06,5.294693248258776e-06,5.422199871441273e-06,5.488552646200619e-06,5.474620062399735e-06,5.3646295946481325e-06,5.149018624614447e-06,4.827024668583436e-06,4.408367892564259e-06,3.913430630927067e-06,3.3716009885694067e-06,2.817887493630178e-06,2.2884051292442414e-06,1.8156963273276592e-06,1.4249183376276593e-06,1.1316461831311891e-06,9.415161113701821e-07,8.514030067270678e-07,8.515266854229204e-07,9.279173061903667e-07,1.0649314216472294e-06,1.2477477698673932e-06,1.4647690940679175e-06,1.7095965513928992e-06,1.9819433657702656e-06,2.2868238905500504e-06,2.6317696005778236e-06,3.0225754957161437e-06,3.4588095829869828e-06,3.930621952615662e-06,4.418065054788185e-06,4.8932997383722235e-06,5.325079545010522e-06,5.684192981252213e-06,5.948355500867797e-06,6.105380411032563e-06,6.154111250395601e-06,6.103280132496321e-06,5.9689374761340046e-06,5.7712804567896816e-06,5.531621819552808e-06,5.2699953778467865e-06,5.0036103665766e-06,4.746132455714907e-06,4.507625139137871e-06,4.294930754894891e-06,4.112281411849908e-06,3.961976177104652e-06,3.845016561004215e-06,3.7616415303614317e-06,3.711738831776713e-06,3.695130431443513e-06
2026-05-22 13:36:35.579794,[66.31411969],6.429114729551809e-09,6.454407954850235e-09,6.5304535431055e-09,6.6577052919817466e-09,6.836768930312738e-09,7.068162554269867e-09,7.351957344814397e-09,7.687284401597113e-09,8.071707191626602e-09,8.50049079658461e-09,8.965853736615393e-09,9.456364493360574e-09,9.956729549889323e-09,1.0448281819933571e-08,1.0910469265586028e-08,1.1323508436894811e-08,1.1672070830366116e-08,1.1949430575261364e-08,1.2161025595704428e-08,1.2326065316655194e-08,1.2475889212991376e-08,1.2648408593308691e-08,1.287912200690941e-08,1.3190582575299862e-08,1.3583283213371372e-08,1.4031146626894954e-08,1.4483842721510018e-08,1.4876167658766121e-08,1.5142369885328385e-08,1.5231517989713164e-08,1.5119526560151898e-08,1.4814504026095685e-08,1.4354227325060162e-08,1.379692191752455e-08,1.3208266424248218e-08,1.2648155689284815e-08,1.2160263321015424e-08,1.1766247720040626e-08,1.146506357468296e-08,1.1236677994969865e-08,1.1048744273479468e-08,1.0864483546819249e-08,1.0650104617217202e-08,1.0380464011443668e-08,1.0042225148640485e-08,9.634391417414482e-09,9.16662911342128e-09,8.65615198065745e-09,8.124056272341216e-09,7.59189189619397e-09,7.079006193019267e-09,6.600899798478087e-09,6.168573696171747e-09,5.788672968661624e-09,5.464157087319416e-09,5.195231192891137e-09,4.980326611222866e-09,4.81699086051192e-09,4.702614815433488e-09,4.634975093530877e-09,4.6125995471155685e-09
2026-05-22 13:36:35.632251,[65.90726974],3.187802547051418e-09,3.206332260513677e-09,3.262146539091224e-09,3.355873514827754e-09,3.4884016563420907e-09,3.6606404636749387e-09,3.8731861264334795e-09,4.1259017535439595e-09,4.417435760696348e-09,4.744721301867204e-09,5.1025214505358814e-09,5.4831039565990395e-09,5.876138716231624e-09,6.268903235348913e-09,6.646851423807648e-09,6.9945495267598365e-09,7.296917662672307e-09,7.54065055811154e-09,7.715643240220954e-09,7.816229221757258e-09,7.842053131228395e-09,7.798439458630791e-09,7.696171768581282e-09,7.550654056378066e-09,7.380489643027638e-09,7.2055916445046296e-09,7.045034792651175e-09,6.914952668490839e-09,6.826835614679924e-09,6.786545990904217e-09,6.794219062999011e-09,6.844991954916102e-09,6.9302816968613685e-09,7.039211775656871e-09,7.159821421115223e-09,7.279865824013201e-09,7.387242802827061e-09,7.470252992535029e-09,7.517941582541934e-09,7.520675345633347e-09,7.470940056477141e-09,7.364188581670388e-09,7.1994980868952576e-09,6.979827284955807e-09,6.71177476390304e-09,6.4048743952492575e-09,6.070572648092624e-09,5.7210856434896655e-09,5.368327645578931e-09,5.023053655156996e-09,4.6942909686133445e-09,4.389069690771151e-09,4.112413913322516e-09,3.867528367621579e-09,3.656107878035795e-09,3.4787033649720483e-09,3.3350921592128074e-09,3.2246166233205997e-09,3.146469851550594e-09,3.099918570432954e-09,3.0844606891106322e-09
2026-05-22 13:36:35.730809,[76.30431981],8.107394185720566e-09,8.129672963141863e-09,8.1973517303393e-09,8.313050438582125e-09,8.481434704087764e-09,8.709622417636699e-09,9.007643862523816e-09,9.388797069143745e-09,9.86965359143112e-09,1.0469409575907297e-08,1.1208315884023556e-08,1.2105156597175804e-08,1.3174261136511347e-08,1.4423325647193771e-08,1.5854189085657075e-08,1.74691999409607e-08,1.9285237385553678e-08,2.1355151690348075e-08,2.3792187652883026e-08,2.6787718795143028e-08,3.060855288511476e-08,3.556030676813172e-08,4.191060890927249e-08,4.978047904357618e-08,5.903042189036833e-08,6.918188392309692e-08,7.941585763678497e-08,8.867317304825906e-08,9.58479138136044e-08,1.0002797198349062e-07,1.0071152737719832e-07,9.792873851930069e-08,9.222695145147746e-08,8.452456102533021e-08,7.588361684367415e-08,6.727539807841517e-08,5.9407666859531293e-08,5.265223376658391e-08,4.707213104900924e-08,4.251612350993511e-08,3.873513509592962e-08,3.548112285422456e-08,3.256669133053814e-08,2.9883266519609366e-08,2.7389240388291174e-08,2.5084307071775527e-08,2.2983777412309312e-08,2.110068364313982e-08,1.9437521809168455e-08,1.7985585681960807e-08,1.6728426696655518e-08,1.5646359829714067e-08,1.4720129146677223e-08,1.3933051770597196e-08,1.3271770661977175e-08,1.272610059065157e-08,1.2288471342489143e-08,1.1953326834552406e-08,1.1716661228123747e-08,1.1575735114494437e-08,1.1528937516013123e-08
2026-05-22 13:36:35.779771,[68.28258018],8.67049688667293e-09,8.712899161866525e-09,8.840725245714492e-09,9.05575666387165e-09,9.360705941890078e-09,9.75882460009714e-09,1.0253347029541744e-08,1.0846778315142363e-08,1.1540057455390243e-08,1.2331663501779511e-08,1.3216777581147568e-08,1.4186658961347682e-08,1.5228421120078273e-08,1.6325380919416705e-08,1.745807709688898e-08,1.8605901109408367e-08,1.974906729215169e-08,2.0870421189589313e-08,2.195643322682375e-08,2.2996755299336846e-08,2.3982010608945756e-08,2.4900042888135365e-08,2.5731550537774793e-08,2.644663735008408e-08,2.7004035636967373e-08,2.735437666727375e-08,2.744786526264093e-08,2.7245288167403412e-08,2.6729899711071976e-08,2.5916907379120185e-08,2.4857415423439766e-08,2.363485948490134e-08,2.2353891130512026e-08,2.112377189140145e-08,2.0039945768397074e-08,1.9168056979855838e-08,1.8534073774751175e-08,1.8122567950712196e-08,1.7883095821120948e-08,1.7742672033527142e-08,1.7621073746830792e-08,1.7445443551721065e-08,1.7161325950304314e-08,1.673854896855088e-08,1.617179530838671e-08,1.5476881938165532e-08,1.4684432283439591e-08,1.3832735192694217e-08,1.2961260807332574e-08,1.2105750811291058e-08,1.1295222922990194e-08,1.0550770501891062e-08,9.885761411939652e-09,9.306941021554922e-09,8.815976566909718e-09,8.411085435848344e-09,8.088516972684182e-09,7.843771678210118e-09,7.672526256103583e-09,7.571284332484951e-09,7.53779522235314e-09
2026-05-22 13:36:35.831925,[66.31502404],2.943571554828269e-09,2.9616698220378544e-09,3.016395938277831e-09,3.1090056681871424e-09,3.2414612518850736e-09,3.4162243445245443e-09,3.635947772796328e-09,3.9030561747140705e-09,4.2192142989134e-09,4.584697822128889e-09,4.99770462146844e-09,5.453672631482936e-09,5.944700373416527e-09,6.4591934746656745e-09,6.9818796183150185e-09,7.494338651722465e-09,7.97617455439582e-09,8.406897971628566e-09,8.768475683073314e-09,9.04832558469458e-09,9.24230278214345e-09,9.356985036360513e-09,9.410423915297101e-09,9.430610391328825e-09,9.451310321049827e-09,9.505647233686266e-09,9.61867005626043e-09,9.800813666686695e-09,1.0044281508296177e-08,1.0323749950692459e-08,1.0601525585922207e-08,1.0835820381991118e-08,1.0989744641241583e-08,1.1038422506818473e-08,1.0972399547540836e-08,1.079689223577091e-08,1.0527821223991074e-08,1.0186417837966293e-08,9.794246825971981e-09,9.369880310799495e-09,8.927574180836815e-09,8.477550024740213e-09,8.027118756985764e-09,7.581912629170448e-09,7.1467695618269486e-09,6.726140109733208e-09,6.324119873048623e-09,5.9443003476430456e-09,5.589607642978766e-09,5.262222364818911e-09,4.963599335892688e-09,4.694560670191766e-09,4.4554227783590535e-09,4.2461258409562615e-09,4.06634932452737e-09,3.91560972843063e-09,3.7933433125734215e-09,3.698977692441217e-09,3.631994308120383e-09,3.5919812207721957e-09,3.5786739079305482e-09
2026-05-22 13:36:35.930726,[87.12985631],1.4959224536352815e-06,1.5024629819613605e-06,1.5219617688121388e-06,1.554019273737849e-06,1.5978676723590132e-06,1.6522255252715564e-06,1.7151125393316625e-06,1.7836491832891442e-06,1.8538802447036881e-06,1.9206771170777707e-06,1.9777861014240537e-06,2.018092160099425e-06,2.034150855193553e-06,2.018998629322671e-06,1.967182160904941e-06,1.875861182996077e-06,1.745759360080267e-06,1.5816985427437733e-06,1.3924865458806007e-06,1.190053407811465e-06,9.879272485556062e-07,7.99349780995695e-07,6.354701454749497e-07,5.040525641307084e-07,4.089706005991588e-07,3.5049718729290826e-07,3.2615174444066086e-07,3.3174970770101853e-07,3.6236174849337193e-07,4.130719012016089e-07,4.795945483724265e-07,5.588497910945196e-07,6.49480578803371e-07,7.521172799655041e-07,8.691091339506948e-07,1.0035527397932351e-06,1.1577339455439639e-06,1.3314168207406633e-06,1.520580714286147e-06,1.7171162803223448e-06,1.909672836679258e-06,2.085447371049193e-06,2.2323966726849805e-06,2.3412558682916825e-06,2.406870140803679e-06,2.428610100326628e-06,2.409925542033874e-06,2.3572979244938485e-06,2.2789337830436414e-06,2.1835097544705077e-06,2.0791791449234015e-06,1.9729310251949777e-06,1.8702938088539194e-06,1.7753140011682335e-06,1.6907174942234313e-06,1.6181653623275974e-06,1.5585356665133674e-06,1.5121864243143316e-06,1.4791757452690555e-06,1.4594301150134812e-06,1.4528605702865292e-06
2026-05-22 13:36:35.979511,[71.28277516],3.032849858215498e-09,3.0418637822200526e-09,3.0692062037622863e-09,3.1158308047579878e-09,3.183497420942987e-09,3.2750159672601575e-09,3.394549861097521e-09,3.547909985961749e-09,3.742718072841193e-09,3.988266676652186e-09,4.2948838493520975e-09,4.672672314053293e-09,5.12968573676615e-09,5.669949356805156e-09,6.292173694037224e-09,6.990375560337645e-09,7.757619849011153e-09,8.593406125378161e-09,9.513680569288063e-09,1.056029303198355e-08,1.18047431820491e-08,1.3340529712088743e-08,1.5260547632910775e-08,1.7621131287561784e-08,2.040129638975137e-08,2.347162553549465e-08,2.658853394282031e-08,2.9423999453104045e-08,3.162891190182087e-08,3.2914233433314095e-08,3.312449209658543e-08,3.227806253839151e-08,3.0559402130022375e-08,2.8265821518429783e-08,2.572788088330862e-08,2.323085286179161e-08,2.0961663072861074e-08,1.8993574844372742e-08,1.7305807912997277e-08,1.5823920038661652e-08,1.4463027265798575e-08,1.3159625710045488e-08,1.188562873792766e-08,1.0646088778916389e-08,9.466956735204555e-09,8.380280555490913e-09,7.412390790857133e-09,6.577587346093874e-09,5.877151575521715e-09,5.3019569954321544e-09,4.836593838595835e-09,4.46336323096786e-09,4.165238236301183e-09,3.927559043429504e-09,3.7386550025213545e-09,3.589757010173405e-09,3.474555397146348e-09,3.3886635062033525e-09,3.3291363785207487e-09,3.294105779446013e-09,3.282538990181493e-09
2026-05-22 13:36:36.142572,[88.08949318],1.9146774806575992e-06,1.9229787864497694e-06,1.9477295154401793e-06,1.9884305162939014e-06,2.044120204197885e-06,2.1131892657461325e-06,2.193143730660964e-06,2.28034748613638e-06,2.36979380797763e-06,2.4549759796282825e-06,2.5279436407998607e-06,2.5796348209933227e-06,2.6005524265582927e-06,2.581798910067784e-06,2.5163925194298292e-06,2.4006759622181724e-06,2.235524670583213e-06,2.027012325768954e-06,1.7862404672795593e-06,1.52820730754182e-06,1.2698517231589044e-06,1.027681016216593e-06,8.155620551108344e-07,6.432292225427875e-07,5.158200504754866e-07,4.3437890940768004e-07,3.9693969834865017e-07,3.9967512492994994e-07,4.3774346292951496e-07,5.057794833069144e-07,5.982603085299482e-07,7.100393569892246e-07,8.371350407761405e-07,9.77522797441159e-07,1.1314496411786577e-06,1.3008559348698522e-06,1.4878543725458967e-06,1.6926942529541748e-06,1.9119643612447877e-06,2.1377757109976048e-06,2.3583160634126887e-06,2.55965428832641e-06,2.728232798056225e-06,2.85329711450577e-06,2.928613290439893e-06,2.953127629742124e-06,2.930578409794061e-06,2.8683423165083793e-06,2.7759213190693617e-06,2.6634534324444463e-06,2.540515155593542e-06,2.4153385486327083e-06,2.2944418502513405e-06,2.1825939128531447e-06,2.0830013864132584e-06,1.9976116337201566e-06,1.9274477495661423e-06,1.872920997829798e-06,1.834091647099937e-06,1.8108676251467909e-06,1.8031411259174165e-06
2026-05-22 13:36:36.195252,[71.52195802],2.989852949145482e-09,2.998040394072749e-09,3.0227550379173803e-09,3.0644890691388055e-09,3.124180919118187e-09,3.2033911295074763e-09,3.304534571534915e-09,3.4311313642202e-09,3.5880034607672312e-09,3.781309653494714e-09,4.018304149441817e-09,4.306760135231076e-09,4.654156461214539e-09,5.066991451878824e-09,5.550905447563951e-09,6.112507554321381e-09,6.763666112159238e-09,7.52828261408873e-09,8.450133434720123e-09,9.598511961540928e-09,1.1066907628223693e-08,1.2959951981698248e-08,1.5366358049398517e-08,1.8320736204933994e-08,2.1763676110084102e-08,2.551457407986421e-08,2.927211595443476e-08,3.2651112708848967e-08,3.52524385638871e-08,3.67493476445602e-08,3.696446501567415e-08,3.5912156642031076e-08,3.37917067342275e-08,3.093375465902827e-08,2.7718534112526555e-08,2.4492765713721185e-08,2.1509550025692442e-08,1.8904374289130963e-08,1.6706109505995654e-08,1.4870822281950604e-08,1.332204647504015e-08,1.1983843323491777e-08,1.079966411442168e-08,9.737005667727297e-09,8.782414095889399e-09,7.932695445272068e-09,7.186966040439571e-09,6.541860670454969e-09,5.990099765747926e-09,5.521373651126448e-09,5.1241878111846064e-09,4.787613301454999e-09,4.502406685406235e-09,4.261417592533231e-09,4.059465631864952e-09,3.892946381020803e-09,3.759384751901156e-09,3.657066052842394e-09,3.584791267944947e-09,3.5417466670649874e-09,3.5274517545127194e-09
2026-05-22 13:36:36.346651,[88.84049028],2.37854435994007e-06,2.388841752065433e-06,2.4195310276040136e-06,2.4699537348482156e-06,2.5388497234186636e-06,2.624125396692381e-06,2.7225590596650147e-06,2.829483836090857e-06,2.938511987471172e-06,3.041389929562277e-06,3.1280931510442117e-06,3.187272716064218e-06,3.2071359884595017e-06,3.176772274320837e-06,3.0878182378549433e-06,2.936215780218437e-06,2.7236869318374636e-06,2.458493724550548e-06,2.15512156078284e-06,1.8327459934242963e-06,1.5126783646302484e-06,1.2153302776615807e-06,9.57445583344903e-07,7.503018087956582e-07,5.99260435032809e-07,5.045641724383772e-07,4.6285743787246683e-07,4.687535529632835e-07,5.159633305912518e-07,5.979116086363932e-07,7.081389041280656e-07,8.40872824027969e-07,9.918984954574104e-07,1.159433211954428e-06,1.344420957085506e-06,1.5497413114276062e-06,1.7782795660923556e-06,2.0303956115581146e-06,2.3017266254163805e-06,2.5822348355291447e-06,2.8569703302130056e-06,3.1083782768383773e-06,3.3194376503174094e-06,3.4766923391084604e-06,3.572371436255242e-06,3.6051796856507023e-06,3.579782522076053e-06,3.5053470432381677e-06,3.3936483243953073e-06,3.257217837100918e-06,3.1078635123336045e-06,2.9557095928491514e-06,2.8087506003670914e-06,2.6728174136169064e-06,2.5518161239253335e-06,2.448106707746944e-06,2.362918444015289e-06,2.296735289591679e-06,2.2496162830304537e-06,2.2214387347000483e-06,2.212064997166744e-06
2026-05-22 13:36:36.398216,[72.63381062],4.499670228949609e-09,4.515311438849388e-09,4.562407101534141e-09,4.641483368076778e-09,4.7534492388429256e-09,4.899637054909865e-09,5.08183555836197e-09,5.302277039303876e-09,5.563521060026213e-09,5.868176897378001e-09,6.218455332163942e-09,6.615672197421353e-09,7.060059173940462e-09,7.551538356217147e-09,8.092362920529361e-09,8.692488522550765e-09,9.37793294200564e-09,1.020100331191703e-08,1.1249226610941985e-08,1.2647733390933491e-08,1.454888354264327e-08,1.7104458526067255e-08,2.042061844947985e-08,2.450345896164283e-08,2.921091180214951e-08,3.423099018420772e-08,3.9103287749132904e-08,4.328899943231883e-08,4.6277467114345244e-08,4.770105438859802e-08,4.742275348887092e-08,4.556708760387683e-08,4.2483347960907e-08,3.8653696026938274e-08,3.4577154153006717e-08,3.0666286894284326e-08,2.7184832724776037e-08,2.4236634986306812e-08,2.179746249419223e-08,1.976930570395004e-08,1.8034789791344175e-08,1.649581372338316e-08,1.5090676982145646e-08,1.3792867907341192e-08,1.2599430384977656e-08,1.1517091085930231e-08,1.0551674938059364e-08,9.702866515271079e-09,8.96367425333907e-09,8.322660966323304e-09,7.766955924616353e-09,7.284712131347545e-09,6.866467849263844e-09,6.505471074192697e-09,6.197321207728189e-09,5.939323924663385e-09,5.729854452865961e-09,5.567883407411032e-09,5.4527009235821614e-09,5.383802643038464e-09,5.360872848806313e-09
2026-05-22 13:36:36.552299,[90.59694237],3.7119346970259742e-06,3.7278124540730445e-06,3.775127931470245e-06,3.8528506191251005e-06,3.959010711740229e-06,4.090339862690636e-06,4.241814635442924e-06,4.406165862831726e-06,4.573453754878466e-06,4.730848507470402e-06,4.862787214099345e-06,4.951681227883662e-06,4.9793014374451064e-06,4.928854309892776e-06,4.787577844174528e-06,4.549462459881456e-06,4.217502449375032e-06,3.8048011590252607e-06,3.333975532811327e-06,2.834668186103354e-06,2.339514146599534e-06,1.8794506519041499e-06,1.479566171322288e-06,1.1565695407942623e-06,9.184001883537093e-07,7.657024028979928e-07,6.942203571346588e-07,6.969834516597611e-07,7.655537590438738e-07,8.903696169320997e-07,1.0608769685524874e-06,1.2662681043857587e-06,1.4971422441298806e-06,1.7475732132092605e-06,2.0164605297310567e-06,2.3070862516226976e-06,2.6245419979978025e-06,2.9717424846968534e-06,3.3455264272642076e-06,3.7344390038404916e-06,4.1191535878223154e-06,4.47545997849987e-06,4.7788153407265925e-06,5.009004825810859e-06,5.153598564018969e-06,5.209458407602233e-06,5.1822432633206156e-06,5.084412702034826e-06,4.932490369408223e-06,4.744323087734825e-06,4.5368572793434145e-06,4.324677682084878e-06,4.119313759514334e-06,3.929166625091043e-06,3.7598482231587777e-06,3.6147320545650022e-06,3.495559592837422e-06,3.4030018459013393e-06,3.3371242022014207e-06,3.2977372617826544e-06,3.284636019193019e-06
2026-05-22 13:36:36.606154,[73.2452245],7.627449446250982e-09,7.6544960290229e-09,7.735809136166928e-09,7.871890605884906e-09,8.063513829400071e-09,8.311619585222612e-09,8.617145362375679e-09,8.980755839839488e-09,9.40243714358008e-09,9.880942417635164e-09,1.0413163892420325e-08,1.0993690197540545e-08,1.161509532605198e-08,1.2269840468850602e-08,1.2954888705479286e-08,1.3679955951639891e-08,1.447942087244046e-08,1.5426090002850455e-08,1.6642452216079567e-08,1.830257742780806e-08,2.0616867411569404e-08,2.3794097276451297e-08,2.7981535417465948e-08,3.3193578906273793e-08,3.9249151326760305e-08,4.574324858665232e-08,5.2073991477982824e-08,5.753194167022863e-08,6.143687081574277e-08,6.328683082418746e-08,6.287473448866637e-08,6.033465804218286e-08,5.61024214959064e-08,5.080401393213568e-08,4.510898290922614e-08,3.959439983850418e-08,3.465602735283128e-08,3.0482339250477225e-08,2.708409285167644e-08,2.4356497227834558e-08,2.2147079948228392e-08,2.030871381243742e-08,1.8728680128820664e-08,1.7335346681315842e-08,1.6090353661263677e-08,1.4975423787662766e-08,1.3980565101791384e-08,1.3096814007132544e-08,1.231361140703359e-08,1.1619253508821674e-08,1.1002550474903562e-08,1.0454330528638098e-08,9.968167789664493e-09,9.540307618016591e-09,9.169074502777818e-09,8.854107377209221e-09,8.595680392377448e-09,8.39423532638645e-09,8.250139518790684e-09,8.163615635894559e-09,8.134765368276779e-09
2026-05-22 13:36:36.759487,[91.26682734],4.5424138175707236e-06,4.5617256722424e-06,4.619265397844883e-06,4.713749859151108e-06,4.842727787938796e-06,5.002134784332691e-06,5.1857285882674194e-06,5.384484126349356e-06,5.586073958012519e-06,5.774609850616527e-06,5.930859773727595e-06,6.033157557121144e-06,6.059161398384718e-06,5.988469817314444e-06,5.805868789794732e-06,5.504699557353184e-06,5.089587764958394e-06,4.577680127320054e-06,3.997706787562764e-06,3.386667449997507e-06,2.784639002529586e-06,2.228889955565435e-06,1.748853759198798e-06,1.3633163595856181e-06,1.0803973388309056e-06,8.998360420602807e-07,8.162344222910677e-07,8.217183378328826e-07,9.070936288885312e-07,1.0616656278515225e-06,1.2728161785983002e-06,1.52660397833307e-06,1.8099267999904637e-06,2.1135823672723656e-06,2.434643453544877e-06,2.7765390332198114e-06,3.1461922081659953e-06,3.5490030057731874e-06,3.983596580856309e-06,4.438487664168096e-06,4.892051955197003e-06,5.3158656641283545e-06,5.6802258813756104e-06,5.960017809408423e-06,6.139215324477298e-06,6.212995920351004e-06,6.187337938650921e-06,6.076687775615033e-06,5.900641095864162e-06,5.680568316008706e-06,5.4368532694621905e-06,5.187066409790303e-06,4.945089269058412e-06,4.7210111083795235e-06,4.521539103171106e-06,4.350671511575705e-06,4.210439290488972e-06,4.101591202732117e-06,4.024158723153876e-06,3.9778804042467205e-06,3.9624898332500564e-06
2026-05-22 13:36:36.815842,[67.95708647],4.373183774716956e-09,4.389168767922033e-09,4.437378397926938e-09,4.5185672627053776e-09,4.633960000568204e-09,4.785194959920038e-09,4.974230838021241e-09,5.2032006358171875e-09,5.474193685886231e-09,5.788947824311134e-09,6.148444826491233e-09,6.55242772385708e-09,6.998900144872641e-09,7.483719808084628e-09,8.000444793794943e-09,8.540606540902636e-09,9.094539637959585e-09,9.652779624582322e-09,1.0207859452347734e-08,1.0756143893967112e-08,1.129921667104917e-08,1.1844347873419128e-08,1.2403738878300714e-08,1.2992511540658699e-08,1.3625665178944883e-08,1.4314368840992949e-08,1.506197806060586e-08,1.5860168858201863e-08,1.6685710879208382e-08,1.749869816193955e-08,1.8243353080283136e-08,1.8852480011643867e-08,1.925597341756728e-08,1.939248771280145e-08,1.9221889899303052e-08,1.8735155839249805e-08,1.795855343596654e-08,1.6950413194929984e-08,1.579102925192912e-08,1.4568365430875377e-08,1.3363404140435048e-08,1.2238768413839834e-08,1.1232875096221716e-08,1.0359991362610856e-08,9.614913045409952e-09,8.980071800960282e-09,8.432829939454694e-09,7.951320356664372e-09,7.518058358048311e-09,7.1213444160344324e-09,6.754987188218629e-09,6.4170623945337975e-09,6.108358554608076e-09,5.830963556488673e-09,5.587223714927735e-09,5.379127022306787e-09,5.208050271713299e-09,5.074761200518243e-09,4.979562912461624e-09,4.922487630248745e-09,4.903474042207591e-09
2026-05-22 13:36:36.973643,[68.78872221],4.631284695728163e-09,4.651116862057488e-09,4.710769731948173e-09,4.810666455222916e-09,4.951357592028818e-09,5.133285010106778e-09,5.356447263826975e-09,5.619972014433881e-09,5.921616629862954e-09,6.2572439879295185e-09,6.620357532393454e-09,7.001825846290456e-09,7.38997535011894e-09,7.771265205419043e-09,8.131755956430238e-09,8.459508388839088e-09,8.747865199947406e-09,8.999254818510489e-09,9.228737023828412e-09,9.466079990813753e-09,9.754900144451753e-09,1.0147548324240578e-08,1.0695193265969569e-08,1.1433968502188409e-08,1.2369838926945558e-08,1.3466399667164762e-08,1.4640349534830181e-08,1.5768246473827294e-08,1.6705274102150252e-08,1.7312849182629934e-08,1.7488376340891482e-08,1.718884219397283e-08,1.6441170671318202e-08,1.5336121636485274e-08,1.4007627336772608e-08,1.260386187440389e-08,1.1258377070134733e-08,1.0068715920923834e-08,9.086683221457588e-09,8.320397762439914e-09,7.74494149365105e-09,7.316841144354609e-09,6.987883825948262e-09,6.715292407351753e-09,6.4671982713831636e-09,6.223914326948218e-09,5.976364294215494e-09,5.723173279098074e-09,5.467607247188431e-09,5.215056277763972e-09,4.971308948180366e-09,4.741568798210949e-09,4.530027543151746e-09,4.339789536686797e-09,4.1729818748818116e-09,4.030940631898397e-09,3.9144117114223676e-09,3.823736689313387e-09,3.7590112882412366e-09,3.720211669522159e-09,3.707286275226298e-09
2026-05-22 13:36:37.129860,[87.12110322],1.7669756323964278e-06,1.7741481716475931e-06,1.795505045412909e-06,1.8305273869679153e-06,1.8782307150704535e-06,1.9369950011472565e-06,2.0043500108116417e-06,2.0767475361366993e-06,2.1493703369565315e-06,2.2160472276375447e-06,2.269358483392812e-06,2.301015885559296e-06,2.3025758910496934e-06,2.2664837542184654e-06,2.187351163993949e-06,2.063256214253333e-06,1.8967575208982992e-06,1.6952828073150447e-06,1.4706312468880963e-06,1.237532967127882e-06,1.0114986067192356e-06,8.064677913203503e-07,6.328990510718512e-07,4.968374455735591e-07,4.0015069762169204e-07,3.416691608989507e-07,3.1861563189380257e-07,3.2766157833056257e-07,3.652452637501164e-07,4.2728261795298233e-07,5.088073553568944e-07,6.04137398586577e-07,7.078219193435561e-07,8.160699849919396e-07,9.279349522858215e-07,1.0455035617056815e-06,1.172755775106257e-06,1.3134009801899418e-06,1.4685130668627642e-06,1.6349141161346028e-06,1.8049477862292717e-06,1.967716129586415e-06,2.1113081744439747e-06,2.2252537649989103e-06,2.302468907452962e-06,2.3402415050343317e-06,2.340177833841853e-06,2.3073366574285913e-06,2.2489339077358197e-06,2.1730013283885107e-06,2.0872777347107833e-06,1.99846911259562e-06,1.9118880420461285e-06,1.8314018544721126e-06,1.759585833310428e-06,1.6979808895725882e-06,1.6473779734011405e-06,1.60807979221168e-06,1.580115191286109e-06,1.563398929442464e-06,1.5578392325686892e-06
2026-05-22 13:36:37.179088,[69.3777562],5.56360956595784e-09,5.5827797536156614e-09,5.6403667205142246e-09,5.736561805502566e-09,5.871555011422096e-09,6.045333220699409e-09,6.257384181046516e-09,6.506301780171325e-09,6.789302473024764e-09,7.101692445679324e-09,7.436374901510944e-09,7.78355743594886e-09,8.130901981928074e-09,8.464429317779293e-09,8.770501252426968e-09,9.039094056173328e-09,9.268285301647895e-09,9.469378761643548e-09,9.671448633125336e-09,9.923478507585767e-09,1.029200474136691e-08,1.0852590783172491e-08,1.1674781021406766e-08,1.2802317051973162e-08,1.4232809732890843e-08,1.5902825239345796e-08,1.7684460731218333e-08,1.9397355109269198e-08,2.0835945252106355e-08,2.1806848448532453e-08,2.2167347612366202e-08,2.1854751065364847e-08,2.089861188915186e-08,1.941276260900056e-08,1.757003752904394e-08,1.5567248788393504e-08,1.358988212427369e-08,1.1784735097688064e-08,1.0245214186098856e-08,9.009804271442848e-09,8.070826616678313e-09,7.388876681539628e-09,6.908344603870735e-09,6.570633715909443e-09,6.32335436281023e-09,6.125253096031272e-09,5.947606337064827e-09,5.773217181789562e-09,5.594140010155259e-09,5.409013058970581e-09,5.220568169736128e-09,5.0336102241604944e-09,4.853557490543821e-09,4.685510412742955e-09,4.533754431068801e-09,4.401582407934829e-09,4.2913270674340575e-09,4.20451109093234e-09,4.14204392898373e-09,4.104415059486645e-09,4.091850801168738e-09
2026-05-22 13:36:37.236189,[65.71951553],4.191645137905816e-09,4.209508883591473e-09,4.263195780761067e-09,4.352950435922965e-09,4.479038193176841e-09,4.641528764793833e-09,4.839990992646754e-09,5.073104500798587e-09,5.3382072322138585e-09,5.63081919790322e-09,5.944212041926373e-09,6.269128199103065e-09,6.5937849858639965e-09,6.9043148016485135e-09,7.185774491613746e-09,7.423785137596632e-09,7.606725019217627e-09,7.728198836639274e-09,7.789282426264344e-09,7.799868088002787e-09,7.77841160980872e-09,7.74960112408514e-09,7.739962797070394e-09,7.772109193925407e-09,7.859012072309742e-09,8.00004702399251e-09,8.180350393901082e-09,8.374168908506454e-09,8.551574427630697e-09,8.686628457798237e-09,8.764370996092221e-09,8.784258626819124e-09,8.758876028648624e-09,8.708446566840335e-09,8.653174160840486e-09,8.606138376235437e-09,8.569086726791399e-09,8.532246933401786e-09,8.477781783725625e-09,8.385346052096718e-09,8.23776718208256e-09,8.025189558951162e-09,7.746824700586086e-09,7.410341910147252e-09,7.029587774568096e-09,6.62158790097137e-09,6.2036926389514504e-09,5.791424516211671e-09,5.397234111256142e-09,5.030093239842118e-09,4.695700403770902e-09,4.397035728177585e-09,4.135042075150708e-09,3.909281503736066e-09,3.7184884766098667e-09,3.560995720426532e-09,3.4350412077339226e-09,3.33897893641288e-09,3.271418406505462e-09,3.2313138577767105e-09,3.218018551366287e-09
2026-05-22 13:36:37.334773,[73.8202985],1.518198859109835e-08,1.516060322524067e-08,1.5096056890146636e-08,1.4987215939805107e-08,1.4832313915422553e-08,1.4629134330083261e-08,1.437526498484326e-08,1.4068426105237677e-08,1.3706880122298546e-08,1.3289938043139986e-08,1.2818582703944508e-08,1.2296226361655723e-08,1.1729600196849696e-08,1.1129728040072285e-08,1.0512864043470183e-08,9.901185959481684e-09,9.32296302062532e-09,8.811906969868368e-09,8.405512923234628e-09,8.142420174633935e-09,8.059128362755689e-09,8.186677790466524e-09,8.547991644808472e-09,9.15636893014028e-09,1.0015129272285053e-08,1.1117845206189866e-08,1.2448281236352057e-08,1.3979376394746056e-08,1.5671392190631115e-08,1.7470373058737113e-08,1.9308742780011702e-08,2.110964568135163e-08,2.279539819596263e-08,2.429858692406018e-08,2.5572795633607684e-08,2.6599504617990455e-08,2.7388721901783147e-08,2.7973002373515896e-08,2.8396779805541163e-08,2.8704407051563426e-08,2.8930418759895196e-08,2.9094388698868578e-08,2.9200960474551643e-08,2.9243961743346388e-08,2.9212542876542554e-08,2.909718932623974e-08,2.8894050053183938e-08,2.8606916627458293e-08,2.82470050348369e-08,2.7831206976499884e-08,2.7379639173923914e-08,2.6913207825381674e-08,2.6451654308758385e-08,2.6012279417736994e-08,2.5609333578275324e-08,2.52539372014276e-08,2.4954350773501172e-08,2.4716423721034176e-08,2.4544087646001628e-08,2.4439802428390906e-08,2.4404900689540982e-08
2026-05-22 13:36:37.383275,[87.62521759],1.826427102068259e-06,1.834900987794782e-06,1.8601485429246765e-06,1.9016029650615873e-06,1.958174199759617e-06,2.028042590830265e-06,2.1083983483051465e-06,2.1951654197635e-06,2.2827705024299348e-06,2.3640416308444497e-06,2.430338176438133e-06,2.472013201177642e-06,2.4792759864259166e-06,2.4434466510774765e-06,2.3584769993599073e-06,2.2224729260898246e-06,2.0388382895772192e-06,1.8166288818342884e-06,1.5698129371105459e-06,1.3153974746000249e-06,1.0707445924537572e-06,8.507415405231008e-07,6.656397741170406e-07,5.202198539798782e-07,4.1447648188577934e-07,3.454210900996876e-07,3.091488486428247e-07,3.022636051364756e-07,3.221615834849643e-07,3.663467965538761e-07,4.315156643184356e-07,5.132668729233374e-07,6.068758582089952e-07,7.088559395749421e-07,8.18438797421178e-07,9.38008798711125e-07,1.0719927455864423e-06,1.2244821581050526e-06,1.396523152352006e-06,1.5842073154352116e-06,1.7783605760512668e-06,1.9659591656830502e-06,2.1327412178967278e-06,2.2661127814972273e-06,2.3574702863342674e-06,2.403390637415005e-06,2.4055830805884058e-06,2.3698670844726367e-06,2.304631777605822e-06,2.2192364522788034e-06,2.1226876938341557e-06,2.0227579953589375e-06,1.9255592366693743e-06,1.835486388540969e-06,1.7554066306430126e-06,1.6869727315502171e-06,1.6309671150055444e-06,1.5876172947115762e-06,1.556853361770735e-06,1.5384992201937263e-06,1.5324008871654358e-06
2026-05-22 13:36:37.434574,[68.98081048],4.33645304286084e-09,4.348550460652641e-09,4.385052634685158e-09,4.446608072138988e-09,4.534358477962658e-09,4.650022869006936e-09,4.7959960117898615e-09,4.9754318342972386e-09,5.192264171920985e-09,5.4510998370295084e-09,5.7569120835090394e-09,6.114478983538355e-09,6.527563137256638e-09,6.997920071563175e-09,7.524338252380291e-09,8.102015093199633e-09,8.722601534217276e-09,9.37514339553021e-09,1.0047886909966633e-08,1.0730547542056951e-08,1.1416301112757692e-08,1.210263218638654e-08,1.279041807080052e-08,1.3481243005936493e-08,1.4173721468480895e-08,1.486019543528614e-08,1.5525202726563643e-08,1.6146470970732804e-08,1.669811868216266e-08,1.7154773957127544e-08,1.7494989825379022e-08,1.770285176602013e-08,1.7767754514567898e-08,1.768334116442891e-08,1.7446948340847207e-08,1.7060393209119595e-08,1.6531901579102775e-08,1.5878049955371503e-08,1.5124324820100894e-08,1.4303426276175353e-08,1.3451442671877108e-08,1.2602952985431257e-08,1.178652793352923e-08,1.1021869488348267e-08,1.0319147815499171e-08,9.680324563318112e-09,9.101710506628238e-09,8.576839006110983e-09,8.098902599186288e-09,7.662343375908303e-09,7.2635393984460686e-09,6.900775723442513e-09,6.5737931571762725e-09,6.2831944597994895e-09,6.029907532457265e-09,5.814808087091026e-09,5.638523458875624e-09,5.501388076907348e-09,5.403498692260267e-09,5.344815626480946e-09,5.325265673238374e-09
2026-05-22 13:36:37.592608,[89.54932288],3.356121271069753e-06,3.3696629925732017e-06,3.4099685416683273e-06,3.4760090167519674e-06,3.565840889593879e-06,3.676282128136144e-06,3.8025047945760707e-06,3.937606204873382e-06,4.072255929247056e-06,4.194553467805555e-06,4.290258927632512e-06,4.343557420812386e-06,4.338465056094003e-06,4.260863473478229e-06,4.100962238122674e-06,3.855767097577178e-06,3.530947766023318e-06,3.1414482278664912e-06,2.7103530519204465e-06,2.2659401114137e-06,1.8374284106868435e-06,1.4504664293318677e-06,1.1236415599487218e-06,8.670333898903824e-07,6.830960995775147e-07,5.692154130188599e-07,5.205955530970241e-07,5.320898235458518e-07,5.982837898796958e-07,7.12238789810401e-07,8.641891773117959e-07,1.0416088509565596e-06,1.2312908748813893e-06,1.4228276635806413e-06,1.6118679847625352e-06,1.8013751262048598e-06,1.9999414939918554e-06,2.217589736616399e-06,2.460678312324767e-06,2.727934912496843e-06,3.0091179705523543e-06,3.2866843994209e-06,3.539691944851914e-06,3.7484781399361647e-06,3.898628067722136e-06,3.9832430705226464e-06,4.003240555641693e-06,3.966037973810499e-06,3.8833163011263946e-06,3.7685946469327684e-06,3.6351678355983465e-06,3.4946931672580296e-06,3.3564698422723034e-06,3.2272933478515003e-06,3.1116974311311155e-06,3.0123973838343847e-06,2.930788982295899e-06,2.86740995920077e-06,2.8223175461554e-06,2.7953685445980016e-06,2.7864066917674203e-06
2026-05-22 13:36:37.646985,[73.78652468],6.616139426836101e-09,6.63076377648751e-09,6.675056155789893e-09,6.750370220120629e-09,6.859276554283598e-09,7.006012183615525e-09,7.197042081811433e-09,7.441616329276173e-09,7.752122209091143e-09,8.143945650790962e-09,8.634518735889348e-09,9.241310619069112e-09,9.978793355431236e-09,1.0854916859347256e-08,1.1868289351778666e-08,1.3007848946176049e-08,1.4256929658079455e-08,1.560281509381006e-08,1.705087008403565e-08,1.8639396471470135e-08,2.044847377920984e-08,2.2594856873935364e-08,2.520717081382657e-08,2.8381824912916962e-08,3.212896209497748e-08,3.632592667520797e-08,4.0698712948081305e-08,4.4846401801946755e-08,4.8309970589081925e-08,5.066971692852378e-08,5.1642328101657035e-08,5.114604273691994e-08,4.9312566092248896e-08,4.64434700281874e-08,4.292840187493934e-08,3.915406146683976e-08,3.543224957165882e-08,3.196403397052127e-08,2.884147374271419e-08,2.6075549589095447e-08,2.363348932522021e-08,2.1470874941434558e-08,1.9550747379862397e-08,1.7849280866567393e-08,1.6352441150882066e-08,1.5049394835529675e-08,1.3927100946786244e-08,1.2968075968512842e-08,1.2151175857598337e-08,1.145408371900745e-08,1.0856038990385262e-08,1.033980825695087e-08,9.892530894844184e-09,9.505568253720021e-09,9.173729867185664e-09,8.89427429802537e-09,8.665978171576404e-09,8.488425765354355e-09,8.361552094760036e-09,8.285398294782599e-09,8.260008294077046e-09
2026-05-22 13:36:37.805985,[90.1832138],4.05810551918639e-06,4.074268684985347e-06,4.122363004195214e-06,4.201117729656291e-06,4.308136914938652e-06,4.439506196654693e-06,4.589299473424496e-06,4.749062469694153e-06,4.907393591157755e-06,5.049788539862425e-06,5.158948275720266e-06,5.2157463052882195e-06,5.2009834545208306e-06,5.097905681864702e-06,4.895225733494463e-06,4.590115137284371e-06,4.190408876608978e-06,3.715212640844117e-06,3.19333008529842e-06,2.6594627188422986e-06,2.1488649794730395e-06,1.6918004225363215e-06,1.3094120549692566e-06,1.0122540461941963e-06,8.017627116217197e-07,6.737389798162184e-07,6.220580394373208e-07,6.408207669629457e-07,7.241148694841039e-07,8.640120276371246e-07,1.0485807276059842e-06,1.2618282706452023e-06,1.4864390280792859e-06,1.7084942470785172e-06,1.9220028137799678e-06,2.1308503520833105e-06,2.3468516400967086e-06,2.5843981192721642e-06,2.8537729426237428e-06,3.1557768665510496e-06,3.4796669250400656e-06,3.8049741238729744e-06,4.106273260164325e-06,4.3590671485791505e-06,4.544877899708153e-06,4.6542549921782715e-06,4.687317952376904e-06,4.652248626875511e-06,4.562593322053292e-06,4.43429210527842e-06,4.283133044564197e-06,4.122997668234829e-06,3.964958852516562e-06,3.817088790900263e-06,3.6847460392993214e-06,3.5711111056053964e-06,3.477790383250743e-06,3.4053736430286562e-06,3.353888390568401e-06,3.323135267533003e-06,3.3129112603495894e-06
2026-05-22 13:36:37.857653,[67.26686078],5.8157324421746635e-09,5.839380593714508e-09,5.910468327858509e-09,6.029388544497295e-09,6.196672429823172e-09,6.412801911044346e-09,6.677942116660403e-09,6.991587494063734e-09,7.3521133185855125e-09,7.756226471963766e-09,8.198322013401843e-09,8.669784402050068e-09,9.15833337282831e-09,9.647606941008889e-09,1.0117283952941908e-08,1.0544136296840644e-08,1.0904399022876468e-08,1.1177675428857413e-08,1.1352198723071859e-08,1.1430674794892231e-08,1.1435276151218223e-08,1.1409910121243977e-08,1.1417954760387702e-08,1.1534451991255916e-08,1.1833217011593378e-08,1.237107527365213e-08,1.3172832550469553e-08,1.4220985695386919e-08,1.5453282571491508e-08,1.676925658994853e-08,1.804448260667228e-08,1.9149376410756275e-08,1.996850319082752e-08,2.041669166260935e-08,2.0449422147433e-08,2.0066414220871387e-08,1.930862942715608e-08,1.8249836999345295e-08,1.6984491984822956e-08,1.56140249794163e-08,1.4233745444005546e-08,1.2922345294343563e-08,1.1735408828138814e-08,1.0703464506814351e-08,9.834164893959828e-09,9.117417618462842e-09,8.531911067291687e-09,8.05153552548036e-09,7.65059624211508e-09,7.307265530770655e-09,7.005240771706608e-09,6.733939798484764e-09,6.487733612298432e-09,6.264716010696029e-09,6.065403298286594e-09,5.891610908198098e-09,5.745616862822693e-09,5.629620661805613e-09,5.54544662718768e-09,5.494416873621427e-09,5.477320006152365e-09
2026-05-22 13:36:37.970250,[85.1333683],1.2319917700280855e-06,1.2367350994375053e-06,1.2508422334203263e-06,1.2739188326965996e-06,1.305223633402962e-06,1.343549877581314e-06,1.3870771916996524e-06,1.4332178481931627e-06,1.4784946856244132e-06,1.5185019822535025e-06,1.5480103897718678e-06,1.5612752343639196e-06,1.5525855962190756e-06,1.517043386181408e-06,1.4514883260608007e-06,1.355400064605778e-06,1.2315410362480428e-06,1.0860911366829098e-06,9.28101097582839e-07,7.682628232603851e-07,6.172245463799783e-07,4.838827661574906e-07,3.741577067421229e-07,2.906320663891931e-07,2.3311754048707683e-07,1.9983048444896515e-07,1.8859468499712792e-07,1.9750408769975114e-07,2.2479704632156879e-07,2.681662497738633e-07,3.240927562532202e-07,3.8782193571180813e-07,4.542487600799718e-07,5.194319815235959e-07,5.820238840661851e-07,6.438425141109085e-07,7.091738975951427e-07,7.829823846393837e-07,8.687164317625564e-07,9.66572998172623e-07,1.072865222320508e-06,1.1806649740566078e-06,1.2814053890942122e-06,1.3668356658378107e-06,1.4307030937411835e-06,1.4697429242321077e-06,1.4838551743826079e-06,1.475607790202083e-06,1.4493499338011845e-06,1.4102364632389045e-06,1.3633919676270622e-06,1.3133339109234582e-06,1.2636746434070774e-06,1.2170556137439024e-06,1.1752382729219012e-06,1.1392764041634655e-06,1.1097110859859004e-06,1.086750852188605e-06,1.0704185573538006e-06,1.060659775256637e-06,1.0574149147264802e-06
2026-05-22 13:36:38.022063,[66.81242339],3.976663959177851e-09,3.992506195487461e-09,4.040288304798687e-09,4.120730302039325e-09,4.23487441800816e-09,4.383836568994304e-09,4.568440710995129e-09,4.7887329703100195e-09,5.04339359456613e-09,5.32910313320972e-09,5.639976515939292e-09,5.967251183592456e-09,6.299489998975565e-09,6.623609652966611e-09,6.927028921745424e-09,7.201096425854239e-09,7.445657965851611e-09,7.674146881326264e-09,7.91798716720411e-09,8.228552034084925e-09,8.67468698823003e-09,9.334194425565221e-09,1.0278901820553684e-08,1.1554945256344318e-08,1.3162237869006337e-08,1.5038914704191e-08,1.7056866433320293e-08,1.9032613621436288e-08,2.075381892472254e-08,2.2016755458028288e-08,2.2665839676051906e-08,2.2624704799210063e-08,2.191019014794692e-08,2.062558724692994e-08,1.893572518151491e-08,1.703164642852757e-08,1.5094870979513038e-08,1.3270018168138047e-08,1.1650729210185711e-08,1.0279169964424676e-08,9.15566176038423e-09,8.253236059007363e-09,7.532200855004565e-09,6.951449802233222e-09,6.475274171513799e-09,6.0760714738438705e-09,5.734217129138236e-09,5.436510572167821e-09,5.1742896894934995e-09,4.941832845941065e-09,4.73525551801698e-09,4.551854207171543e-09,4.389750834110707e-09,4.247694144670616e-09,4.1249224646739e-09,4.0210430666363216e-09,3.935918084179479e-09,3.869562527165613e-09,3.822062026386527e-09,3.7935137509206425e-09,3.783989057596912e-09
2026-05-22 13:36:38.175439,[86.08870821],1.5650069923676146e-06,1.5708947678197083e-06,1.5883988760230976e-06,1.6170094311230757e-06,1.6557715868066942e-06,1.7031374822403321e-06,1.7567816753808296e-06,1.813410462940716e-06,1.8686124081328636e-06,1.9168151299270383e-06,1.9514256869643045e-06,1.9652292362858474e-06,1.9510922332083264e-06,1.9029544380832127e-06,1.8170001476066231e-06,1.6927913418956257e-06,1.5340605857542554e-06,1.3488483969577972e-06,1.1487705311702408e-06,9.47423195877793e-07,7.582287102690053e-07,5.922813432780296e-07,4.568393090924315e-07,3.5493348036699723e-07,2.8614863389252213e-07,2.4814004384290016e-07,2.381221345225256e-07,2.5360904703133984e-07,2.921238860265811e-07,3.5021861469202366e-07,4.226119514763493e-07,5.022641034974876e-07,5.817157103267876e-07,6.552752243366076e-07,7.210633207731633e-07,7.818553182117686e-07,8.441595471783544e-07,9.157716095480298e-07,1.0027335567594446e-06,1.1068676419608532e-06,1.2247663493393239e-06,1.348490920124187e-06,1.467580579016904e-06,1.571579383680152e-06,1.6522562588285841e-06,1.7049577550582773e-06,1.728921426974567e-06,1.7267182811363215e-06,1.7031830833320913e-06,1.6642166185079487e-06,1.615752291794944e-06,1.5630407453561248e-06,1.5102788954757606e-06,1.4605253611322289e-06,1.4158079387109324e-06,1.377329483443649e-06,1.345699698690973e-06,1.3211473896183074e-06,1.3036914811368352e-06,1.29326556716607e-06,1.289799648582658e-06
2026-05-22 13:36:38.232341,[65.7610495],3.8906520860552576e-09,3.907759721705811e-09,3.959224620066594e-09,4.045427957678264e-09,4.166854854322191e-09,4.323867322148516e-09,4.516387107532706e-09,4.74349918766232e-09,5.003003829167968e-09,5.290971298319529e-09,5.6013869481657635e-09,5.926009569174101e-09,6.254590697048212e-09,6.575599008699775e-09,6.87754076849254e-09,7.150847550413476e-09,7.39011552581039e-09,7.596255687490416e-09,7.777918528562795e-09,7.95148773394615e-09,8.139094538831297e-09,8.364538149387322e-09,8.647656469887496e-09,8.99839485057333e-09,9.412290288201691e-09,9.86904781491349e-09,1.0335199699748412e-08,1.0770627248597104e-08,1.113737829093704e-08,1.1408260971176788e-08,1.1572577849591412e-08,1.1637211884668313e-08,1.1622807662294696e-08,1.1556420958514213e-08,1.1463103875566368e-08,1.1359056226513168e-08,1.1248214229917412e-08,1.1122840858015909e-08,1.0967372154341223e-08,1.0763922296255722e-08,1.0497663663756515e-08,1.016069777606388e-08,9.753750438999763e-09,9.2857516310422e-09,8.771873288007124e-09,8.230809840125848e-09,7.682033131542072e-09,7.143538939352346e-09,6.630339778033975e-09,6.1537316649071096e-09,5.7212120623935505e-09,5.336856763402937e-09,5.001957556195625e-09,4.7157550905975e-09,4.476149745405774e-09,4.280321487950014e-09,4.125228999718222e-09,4.007985698389085e-09,3.9261262661228946e-09,3.877784145168806e-09,3.861800842328182e-09
2026-05-22 13:36:38.387233,[86.78347013],1.8900166774437599e-06,1.8971949757314868e-06,1.9185335419704346e-06,1.9534039919209895e-06,2.0006306780406085e-06,2.058309967962366e-06,2.1235853199233698e-06,2.192415575561154e-06,2.259394540628298e-06,2.317701467673428e-06,2.359276816565945e-06,2.3753140690481873e-06,2.357123223435155e-06,2.2973454248707105e-06,2.191383261092242e-06,2.0387797018108064e-06,1.844175557107061e-06,1.617460480652921e-06,1.372857406307852e-06,1.126954354282849e-06,8.960592432695575e-07,6.935683233166692e-07,5.281427189891061e-07,4.032688190859319e-07,3.182644868011687e-07,2.7018301319658054e-07,2.556633463874113e-07,2.7182938354859566e-07,3.158849711208807e-07,3.8383187180907446e-07,4.693239087072734e-07,5.63694075779323e-07,6.575861193634233e-07,7.436943392642456e-07,8.193842443201615e-07,8.87860147949236e-07,9.571440172049411e-07,1.0371203797662767e-06,1.1357697267823299e-06,1.256036499437708e-06,1.39444730596957e-06,1.5418315018206733e-06,1.6856918692957622e-06,1.813270512394531e-06,1.9142964430305503e-06,1.9827099876894395e-06,2.0171291800300257e-06,2.0202431768702214e-06,1.9975586474253988e-06,1.9559649361222936e-06,1.9024784693736056e-06,1.843360821377119e-06,1.7836498374462106e-06,1.7270386686503816e-06,1.6759911041404993e-06,1.631980485525147e-06,1.5957639041460517e-06,1.5676356510486208e-06,1.54763261254572e-06,1.5356844491077403e-06,1.531712426264433e-06
2026-05-22 13:36:38.435320,[72.2554739],3.965403376488074e-09,3.9810134187699394e-09,4.028139169200006e-09,4.107648955159208e-09,4.220925730402236e-09,4.369761241851394e-09,4.556186352611637e-09,4.782212158510954e-09,5.049450325421709e-09,5.3585882586086635e-09,5.708732215993911e-09,6.096719430107508e-09,6.5166512528252985e-09,6.960098545102847e-09,7.417611744144241e-09,7.88219865228164e-09,8.35513186322244e-09,8.853658494560164e-09,9.41890661998023e-09,1.0120814823638144e-08,1.1055915332408006e-08,1.2334162783897563e-08,1.4053431574758197e-08,1.626478335979853e-08,1.893694711788387e-08,2.1932386937041786e-08,2.500731747248117e-08,2.7842614403095243e-08,3.010263110637302e-08,3.15079204681933e-08,3.190058063105159e-08,3.128126193700493e-08,2.9805510157197614e-08,2.774090867504652e-08,2.539969606769566e-08,2.3068690410186286e-08,2.09568896704166e-08,1.9172478475112402e-08,1.772953680186569e-08,1.657542198493332e-08,1.5625693073185177e-08,1.4794852960143775e-08,1.4016093426689849e-08,1.3248811748028081e-08,1.247670993140151e-08,1.1700912910799849e-08,1.0932106465924853e-08,1.0184185677810084e-08,9.470296054852634e-09,8.80102988984327e-09,8.18405357551316e-09,7.624436417351347e-09,7.1251802623539305e-09,6.687708429138463e-09,6.31225560083601e-09,5.998186428287257e-09,5.744285375025754e-09,5.549041002440373e-09,5.41092283190778e-09,5.328632221844147e-09,5.301303213438354e-09
2026-05-22 13:36:38.582784,[88.53405459],2.8940826650619076e-06,2.9048781095899284e-06,2.9369570894459574e-06,2.9893378370148737e-06,3.060189735734673e-06,3.1465602412303614e-06,3.2440362849684383e-06,3.3463980441681593e-06,3.4453545016686784e-06,3.5304828304042233e-06,3.58951541498208e-06,3.609111417806045e-06,3.576194044537006e-06,3.479815904616089e-06,3.3133373711813013e-06,3.0765017804736564e-06,2.776837141002454e-06,2.4297992124614184e-06,2.0572734497654195e-06,1.6844846755508384e-06,1.3359235185339615e-06,1.0313753816503713e-06,7.832754395348702e-07,5.962439363335414e-07,4.6883361619001864e-07,3.96567406703069e-07,3.7473951236920833e-07,3.9958563619971485e-07,4.6733303159398326e-07,5.719011072015828e-07,7.029442742313548e-07,8.459288835275125e-07,9.849226493810782e-07,1.1072525927438747e-06,1.207996728353849e-06,1.2921031137078841e-06,1.3729028663151134e-06,1.467395137628032e-06,1.590100638960298e-06,1.7478258838095712e-06,1.9371713011617077e-06,2.1454027447512e-06,2.3540140618838203e-06,2.5434885601973344e-06,2.6976517221948223e-06,2.8064797116208056e-06,2.866963963004726e-06,2.8822959656881495e-06,2.860022298768085e-06,2.8098905041266855e-06,2.741947663362588e-06,2.665197627449547e-06,2.58688247357618e-06,2.512291160168672e-06,2.4449258264686082e-06,2.3868541193823973e-06,2.339113464799911e-06,2.302082849357563e-06,2.2757817473189404e-06,2.2600865567480954e-06,2.254871536982225e-06
2026-05-22 13:36:38.678288,[68.57139562],7.89179336430478e-09,7.93121088099062e-09,8.050044146074624e-09,8.249921059012942e-09,8.533167456096127e-09,8.902206381475329e-09,9.358688858430078e-09,9.902354968306845e-09,1.0529663228566233e-08,1.1232294032693083e-08,1.1995729207040497e-08,1.2798224085701116e-08,1.3610594566592473e-08,1.4397294160239867e-08,1.5119194781893172e-08,1.5738250023962842e-08,1.6223780382851192e-08,1.655951326904515e-08,1.6749872341071624e-08,1.6823576147845193e-08,1.6832656391134515e-08,1.6845753961568423e-08,1.6935995817140783e-08,1.716557921360947e-08,1.7570774633249547e-08,1.8151682413144013e-08,1.887023892439405e-08,1.9657701807309554e-08,2.0429839094689002e-08,2.110543816745249e-08,2.1622630799311788e-08,2.194841709646911e-08,2.207931601758719e-08,2.2034202530709806e-08,2.1842830978345098e-08,2.153440695718083e-08,2.1129738066885924e-08,2.0638571902946892e-08,2.0061659490880076e-08,1.9395665548533067e-08,1.8638632780544223e-08,1.7794162971788187e-08,1.6873381914304298e-08,1.5894659726763075e-08,1.4881671849885307e-08,1.3860626771972948e-08,1.2857427385007937e-08,1.189530978844266e-08,1.0993240744064457e-08,1.0165131259865856e-08,9.419770821793219e-09,8.761305313247572e-09,8.190057608177542e-09,7.70350518541698e-09,7.297267066301174e-09,6.965999123717725e-09,6.704142116314035e-09,6.506504106767563e-09,6.3686850960008675e-09,6.28736639973445e-09,6.260492018268455e-09
2026-05-22 13:36:38.828961,[89.23677865],3.4840281150829174e-06,3.4968539854880746e-06,3.53495721901533e-06,3.5971427288665145e-06,3.6811845845022677e-06,3.7834973509209656e-06,3.898729350721636e-06,4.019348464669188e-06,4.135329439934953e-06,4.234091168631722e-06,4.30085840545966e-06,4.319613041837975e-06,4.274730744878251e-06,4.153252455204835e-06,3.947522715710869e-06,3.6576819396390965e-06,3.2933146329865545e-06,2.87354381233651e-06,2.4251181564212414e-06,1.9785740358343575e-06,1.5632430043555004e-06,1.202452433627806e-06,9.104179128580555e-07,6.918482582681011e-07,5.442524591225897e-07,4.617596308808542e-07,4.385362874457164e-07,4.7008694368643775e-07,5.518842684123541e-07,6.763594428549286e-07,8.304189482585221e-07,9.956184203168798e-07,1.1518152128646623e-06,1.2831863855511615e-06,1.38400058068273e-06,1.4613325771642935e-06,1.5331573253338723e-06,1.6223099453564392e-06,1.7485978723625847e-06,1.922043588621556e-06,2.1395942799412102e-06,2.3861011811972975e-06,2.63873676858904e-06,2.8729764223840376e-06,3.0681164923753533e-06,3.2108874780681164e-06,3.2966425971312886e-06,3.328436731838442e-06,3.314799083083372e-06,3.2670964388677035e-06,3.1971897184095136e-06,3.115769242623401e-06,3.0314550632564403e-06,2.950545742947519e-06,2.8772079457260966e-06,2.813895862708679e-06,2.761835529069044e-06,2.7214703012730384e-06,2.6928181398364757e-06,2.675729226399201e-06,2.6700528835569825e-06
2026-05-22 13:36:38.880371,[74.20246866],7.843960045967396e-09,7.869734773816789e-09,7.947637164232994e-09,8.07941746116237e-09,8.268033244278813e-09,8.517666143349604e-09,8.8336465841418e-09,9.22217171549405e-09,9.689668260890157e-09,1.0241657602063395e-08,1.088107119105419e-08,1.1606189058286624e-08,1.2408753402823521e-08,1.3273288975148532e-08,1.4179066306014225e-08,1.5106162822723232e-08,1.604633655380912e-08,1.7017674561056826e-08,1.807935597862089e-08,1.9340157732438985e-08,2.0952951269143015e-08,2.308902418422247e-08,2.5891578232152255e-08,2.941649532035475e-08,3.357752696205173e-08,3.8117988977531456e-08,4.2627737328862436e-08,4.661146735105147e-08,4.959561804976239e-08,5.1243823692048244e-08,5.144330574150001e-08,5.033175096068443e-08,4.825437022253695e-08,4.566583810434983e-08,4.301089674922733e-08,4.062255894818727e-08,3.866675831613304e-08,3.7142615025552135e-08,3.5927444541037515e-08,3.484324108214705e-08,3.3719912636249644e-08,3.243805953974942e-08,3.0945420109480754e-08,2.925098376572404e-08,2.740608704552199e-08,2.5482234035016373e-08,2.3552560149352672e-08,2.168001550182937e-08,1.9912189962230974e-08,1.8280976476170423e-08,1.6804880508716158e-08,1.5492218454977253e-08,1.4344159664723624e-08,1.3357189700538201e-08,1.2524961108562944e-08,1.1839663094649576e-08,1.1293061859847036e-08,1.0877320453595012e-08,1.058565510397999e-08,1.0412848076332971e-08,1.0355618640660582e-08
2026-05-22 13:36:39.030661,[83.99954261],1.026496752274392e-06,1.0301430725871548e-06,1.0409730810470052e-06,1.0586388237336038e-06,1.082491730491612e-06,1.111486244252618e-06,1.144060594141689e-06,1.1780155501336113e-06,1.2104233864740693e-06,1.2376110201649393e-06,1.2552690055732564e-06,1.258735207204837e-06,1.2434811691228503e-06,1.20578535500579e-06,1.1435123377900455e-06,1.056843942676705e-06,9.487535944598266e-07,8.250129089123262e-07,6.93598295704952e-07,5.635279450218065e-07,4.4336713711109713e-07,3.398117527335857e-07,2.5680064985117975e-07,1.9545659257684225e-07,1.5483735063724327e-07,1.3311963349289682e-07,1.286226118565632e-07,1.4015012789302478e-07,1.664976875460759e-07,2.0546398398746798e-07,2.5305525774818517e-07,3.0355087506983404e-07,3.5068064054613413e-07,3.895528856387377e-07,4.1850077719771126e-07,4.3995284136664705e-07,4.5982921229998e-07,4.856146874227191e-07,5.238321518796151e-07,5.778639351277789e-07,6.46870303494858e-07,7.260709475627399e-07,8.081355420907831e-07,8.850935953616309e-07,9.501174305761142e-07,9.987122789478647e-07,1.0291373359093697e-06,1.0421479053150162e-06,1.0403078683514725e-06,1.0271563274402614e-06,1.00645456783031e-06,9.816408428033887e-07,9.555256738469055e-07,9.301947417605688e-07,9.07055804620198e-07,8.869633775188652e-07,8.70368343782973e-07,8.574584755656669e-07,8.482729407949889e-07,8.427860310443173e-07,8.409620988179734e-07
2026-05-22 13:36:39.078837,[69.31030002],2.481165792892206e-09,2.490384964781633e-09,2.5182911956639043e-09,2.565634608012459e-09,2.633673561421788e-09,2.7241679711109288e-09,2.8393290601768408e-09,2.981680407396462e-09,3.1537738957648985e-09,3.357707535471508e-09,3.594426121384917e-09,3.862867207111335e-09,4.159151689172035e-09,4.47619325841078e-09,4.804255621187037e-09,5.133015161758117e-09,5.455457811975063e-09,5.773353850383498e-09,6.1031404181673754e-09,6.480039630464357e-09,6.957620910692115e-09,7.60035480862368e-09,8.468399364323445e-09,9.596778927453907e-09,1.0974385976660841e-08,1.253038500672582e-08,1.4135138383182814e-08,1.5619057674986326e-08,1.6806650674891193e-08,1.755678197956535e-08,1.779664464110151e-08,1.7538128313725865e-08,1.68710910605333e-08,1.593620021155626e-08,1.4887025431445153e-08,1.3854014533796197e-08,1.2920909765814446e-08,1.211843705608032e-08,1.1433527856542849e-08,1.0827651057961593e-08,1.0256469043895168e-08,9.684726350366405e-09,9.093589069420828e-09,8.480887888176961e-09,7.856729787411288e-09,7.237434916052434e-09,6.6401096707827785e-09,6.079046929192267e-09,5.56412175261745e-09,5.1007231461248275e-09,4.690557504212605e-09,4.332745981808113e-09,4.024848157004888e-09,3.763651291958256e-09,3.5457069499919424e-09,3.3676663486392406e-09,3.226481999957942e-09,3.11953139724012e-09,3.0446984774686783e-09,3.0004311138785894e-09,2.9857815590048454e-09
2026-05-22 13:36:39.228502,[84.92019177],1.2934024439061354e-06,1.2978797575120831e-06,1.3111702268260795e-06,1.3328232534824254e-06,1.36200270558444e-06,1.3973676499595867e-06,1.4369253714851504e-06,1.4778831127186393e-06,1.5165392795685364e-06,1.5482695043807678e-06,1.5676723712316835e-06,1.5689354983049733e-06,1.546455772105738e-06,1.495691551906059e-06,1.4141421571568077e-06,1.302258060007134e-06,1.1640174903728282e-06,1.0069048949555745e-06,8.411292456105791e-07,6.781281344894332e-07,5.286662493128935e-07,4.0105120685918595e-07,3.0003525209256203e-07,2.267733851796638e-07,1.7980170352643669e-07,1.5654699458515994e-07,1.5461341402409666e-07,1.7219526324032444e-07,2.074385901301072e-07,2.572000393299123e-07,3.1608293731452585e-07,3.765889944458843e-07,4.306802145811737e-07,4.722665843323388e-07,4.99546355247226e-07,5.160654784519369e-07,5.298812777938742e-07,5.51047033152393e-07,5.883558227296299e-07,6.465531920144219e-07,7.249628410221111e-07,8.178486633150225e-07,9.161780382302256e-07,1.0100325914661818e-06,1.0908499927138134e-06,1.1529146378972328e-06,1.193883346507619e-06,1.2144661221143947e-06,1.2175781023581183e-06,1.2073177569260896e-06,1.188050656043138e-06,1.1637531978186134e-06,1.1376525511464925e-06,1.1121187539714778e-06,1.0887286980963675e-06,1.068420107822767e-06,1.051671469203047e-06,1.0386677182432093e-06,1.0294326838520327e-06,1.0239240143291017e-06,1.0220942307831774e-06
2026-05-22 13:36:39.278800,[70.11591124],2.999332138722383e-09,3.009797996233394e-09,3.0414221162087558e-09,3.094900628017054e-09,3.1714463574317466e-09,3.2728566736473632e-09,3.4015768060153765e-09,3.5607079040491297e-09,3.753876979656053e-09,3.984859962254569e-09,4.2568544162343935e-09,4.571369800813094e-09,4.926872903140924e-09,5.317599200535864e-09,5.733260723592409e-09,6.160601876547558e-09,6.58765040114174e-09,7.010849443519845e-09,7.443951742567522e-09,7.925849227721071e-09,8.52307456035062e-09,9.322537327787816e-09,1.0412038852650565e-08,1.1850407617319831e-08,1.3634616813780708e-08,1.5675648325872327e-08,1.7795407799027668e-08,1.9751994404582718e-08,2.129085668759323e-08,2.2208371493337057e-08,2.2407214255652356e-08,2.1923594479721703e-08,2.0915660884913082e-08,1.9616606437648586e-08,1.8269035164456503e-08,1.7063248477414962e-08,1.6098901433158063e-08,1.5379030694218702e-08,1.4832913990907495e-08,1.4355007149946996e-08,1.384442563870547e-08,1.3232863872103165e-08,1.2495709448521209e-08,1.1647928559654385e-08,1.0730569593894309e-08,9.794702554941118e-09,8.888038473675596e-09,8.046800987603999e-09,7.292965365610032e-09,6.635463473376891e-09,6.073476821367902e-09,5.600206471729034e-09,5.206105255003302e-09,4.8811540616023276e-09,4.616186557969979e-09,4.403480800477507e-09,4.236887652802991e-09,4.11172489293334e-09,4.0245923447964115e-09,3.973194228452963e-09,3.9562058277535294e-09
2026-05-22 13:36:39.427939,[85.6136319],1.5379271556686326e-06,1.5432385612174487e-06,1.5590025783446546e-06,1.5846776541787797e-06,1.6192605843861653e-06,1.6611456553927558e-06,1.7079512499439275e-06,1.7563452871100928e-06,1.8019177654550274e-06,1.8391659465723008e-06,1.8616687917372537e-06,1.8625223630926504e-06,1.8350760729151565e-06,1.7739434555336497e-06,1.6761635008133628e-06,1.5422797306009497e-06,1.3770237920893554e-06,1.1892896804598119e-06,9.91205917464683e-07,7.963595245461361e-07,6.175377107671854e-07,4.6460871498931624e-07,3.43218529194757e-07,2.5474555766540235e-07,1.9747061298009235e-07,1.6837825062228647e-07,1.6468630686300452e-07,1.843216359381477e-07,2.2512705882677136e-07,2.83338209865261e-07,3.5239417288580513e-07,4.2310380619409047e-07,4.855392261441186e-07,5.320846809459442e-07,5.60344627074564e-07,5.745227650490018e-07,5.844950611004847e-07,6.028029519923176e-07,6.406799005823794e-07,7.045778465513054e-07,7.943641607310561e-07,9.036223045951141e-07,1.0216898938273377e-06,1.1365445444585977e-06,1.2375498042850277e-06,1.3173383321682445e-06,1.3725460444299913e-06,1.4035163530509794e-06,1.4133394970597058e-06,1.4066501369371994e-06,1.3885241040946234e-06,1.3636695072098653e-06,1.3359658850517633e-06,1.3083064221467343e-06,1.2826515728503223e-06,1.2601975453532133e-06,1.2415824519491287e-06,1.227080468686774e-06,1.2167594656586386e-06,1.2105954187872292e-06,1.208546789141883e-06
2026-05-22 13:36:39.478560,[69.80734798],7.124326616487388e-09,7.15976287850464e-09,7.266520203907064e-09,7.4458701102726825e-09,7.699679198859943e-09,8.03001210608648e-09,8.438544800609376e-09,8.925771460888962e-09,9.490006492617894e-09,1.0126223105747095e-08,1.0824837891950158e-08,1.1570649606497281e-08,1.2342261961729615e-08,1.311243782699832e-08,1.3849892690376358e-08,1.4522959638787628e-08,1.5105258823164976e-08,1.558292576187125e-08,1.5962132334956697e-08,1.6274762034144324e-08,1.6579535824054314e-08,1.695607904912743e-08,1.7490730310089965e-08,1.825532421492593e-08,1.9283178726761646e-08,2.054899064026742e-08,2.1959997337921023e-08,2.3363718494359033e-08,2.4572985608040093e-08,2.5403186369724428e-08,2.571192413399246e-08,2.5429729790526466e-08,2.457298573159959e-08,2.323599110926387e-08,2.15658224011917e-08,1.97286488598653e-08,1.7877652936907085e-08,1.613052968011964e-08,1.4560080774626986e-08,1.3196760223845128e-08,1.2038910890625273e-08,1.1065575732175516e-08,1.024781974207166e-08,9.556473285743183e-09,8.96608952368231e-09,8.456077901660105e-09,8.010316351981552e-09,7.616298321153153e-09,7.26439456096535e-09,6.947386399980744e-09,6.66018672688633e-09,6.399603951851099e-09,6.1640514877447e-09,5.953182949161543e-09,5.767490878813885e-09,5.607927464416886e-09,5.4755957475842594e-09,5.371534757060288e-09,5.29659613298536e-09,5.25139169872059e-09,5.236283777610258e-09
2026-05-22 13:36:39.627363,[87.36983492],2.333130320891762e-06,2.3410381287286045e-06,2.364497515365377e-06,2.402670299061888e-06,2.454009936852299e-06,2.5160527674438603e-06,2.585162383348681e-06,2.6562748870936077e-06,2.722717951519911e-06,2.776201970902707e-06,2.8070972334844954e-06,2.8051023197831066e-06,2.7603596409535922e-06,2.6649735041642726e-06,2.514739532601743e-06,2.310732839895972e-06,2.0602861112752617e-06,1.7768942945033906e-06,1.478771482696747e-06,1.186159893635122e-06,9.179574688178732e-07,6.886039384530442e-07,5.062305400404858e-07,3.7270662308036615e-07,2.8547597399414917e-07,2.402657134215885e-07,2.3329359508436216e-07,2.618174800364799e-07,3.2275805917873355e-07,4.1027602733708595e-07,5.139627702422856e-07,6.192016790152518e-07,7.102286721466034e-07,7.749619429771381e-07,8.095694936560021e-07,8.206251750300779e-07,8.236659996573059e-07,8.385175940213175e-07,8.831182417402823e-07,9.681083304736685e-07,1.0939900539916963e-06,1.251525689625414e-06,1.4248148873080108e-06,1.5956893085690746e-06,1.7479126920891872e-06,1.8700789426150098e-06,1.956767097742198e-06,2.0081303332764793e-06,2.0284711128020288e-06,2.0244436816404666e-06,2.003400622442938e-06,1.9721794445788394e-06,1.93641088634901e-06,1.9002813752712493e-06,1.866611690350496e-06,1.8371066829949872e-06,1.812660314184728e-06,1.7936419106442465e-06,1.7801274160077633e-06,1.7720662265215398e-06,1.76938893685147e-06
2026-05-22 13:36:39.675297,[72.69314155],7.219781358304019e-09,7.245441801966047e-09,7.322930869499196e-09,7.453775735953488e-09,7.640522855589201e-09,7.886693938033781e-09,8.196622148991554e-09,8.575050238935168e-09,9.026338920847825e-09,9.553142564839022e-09,1.015451084306094e-08,1.0823624749337157e-08,1.1545801143058495e-08,1.229794928064008e-08,1.3051146600653287e-08,1.3778070748272904e-08,1.4466239084298534e-08,1.513603203865824e-08,1.5859404400397645e-08,1.6771844792481854e-08,1.8068151194092424e-08,1.9973938907724212e-08,2.2690851983268138e-08,2.632371366635441e-08,3.080919962940655e-08,3.587280352133526e-08,4.103864013200141e-08,4.570280286121032e-08,4.925876522600495e-08,5.124113694723131e-08,5.144229014086389e-08,4.9961938450278765e-08,4.717202645431168e-08,4.360946115981216e-08,3.98343282413747e-08,3.630064390192436e-08,3.3277365007127406e-08,3.08349709200282e-08,2.888827510476608e-08,2.726946093319932e-08,2.5801648809485014e-08,2.4351063734459553e-08,2.2849185044974205e-08,2.128854950451696e-08,1.97029200826782e-08,1.814351626236485e-08,1.6659736504833046e-08,1.5288048526425236e-08,1.4048723670457647e-08,1.29479010910179e-08,1.1982037738870221e-08,1.1142479994023371e-08,1.0418943119540812e-08,9.801589820482614e-09,9.281943910766495e-09,8.853071325226105e-09,8.509427726631508e-09,8.24664002994937e-09,8.061350439924297e-09,7.951150756465358e-09,7.914580992439977e-09
2026-05-22 13:36:39.723420,[67.62012165],4.649917379550048e-09,4.668940471416015e-09,4.726103141065302e-09,4.821654555373498e-09,4.955907757576524e-09,5.129090826813016e-09,5.341149162517647e-09,5.5915129286135405e-09,5.878851415047662e-09,6.200844810302703e-09,6.554012328900396e-09,6.9336423105974165e-09,7.3338736161351305e-09,7.74797775119155e-09,8.16888697253179e-09,8.590002600499813e-09,9.006292840998999e-09,9.415637819253913e-09,9.820286182043312e-09,1.0228146383224666e-08,1.0653467212907412e-08,1.111632949501367e-08,1.1640378465875405e-08,1.2248485444633067e-08,1.2956588988709078e-08,1.3766745565395619e-08,1.4661165315163196e-08,1.559935586351308e-08,1.6520126697980634e-08,1.7349038611862347e-08,1.8010202064496628e-08,1.8439736050752342e-08,1.859737268245125e-08,1.8473057664880316e-08,1.8086887664987126e-08,1.7482783317072254e-08,1.6718120732576558e-08,1.585246608682402e-08,1.493833293483914e-08,1.4015754942285798e-08,1.3110997435484572e-08,1.2238503056488392e-08,1.1404540956751409e-08,1.061105129680741e-08,9.858644946845199e-09,9.148334154251363e-09,8.482084373977022e-09,7.86256601966666e-09,7.2925469093019444e-09,6.774276136298034e-09,6.309060319861473e-09,5.8970943676054434e-09,5.537516064675396e-09,5.228611538487954e-09,4.968094266943507e-09,4.753396451554989e-09,4.581933931038121e-09,4.4513257319197675e-09,4.359563350047106e-09,4.305132747226165e-09,4.287095156641732e-09
2026-05-22 13:36:39.815015,[88.12310619],2.7818266099887255e-06,2.790963112017878e-06,2.8180519537979536e-06,2.862077692429032e-06,2.9211745770728708e-06,2.992385269620022e-06,3.07136680187589e-06,3.1521003228150506e-06,3.2266904826947084e-06,3.285369522209554e-06,3.316838615563902e-06,3.3090676549275934e-06,3.2506157124094723e-06,3.132415793169375e-06,2.9497958702415257e-06,2.7043206180564824e-06,2.404905280912527e-06,2.0676639757130747e-06,1.7141801118272069e-06,1.368326913833659e-06,1.0523101880736586e-06,7.830354913117992e-07,5.699681448154646e-07,4.152100991762762e-07,3.156487260116066e-07,2.660929707530065e-07,2.6179563479800617e-07,2.990366777508384e-07,3.7349363126044027e-07,4.774659456298555e-07,5.979048565687878e-07,7.170436589508659e-07,8.161868289354506e-07,8.81497971415817e-07,9.093550344604865e-07,9.08744008843796e-07,8.993351714080523e-07,9.057383512504684e-07,9.500371788170097e-07,1.0453112362954649e-06,1.1922797748822332e-06,1.3798352803172776e-06,1.5887746547691242e-06,1.7970905019039483e-06,1.985017099556676e-06,2.138514654291852e-06,2.2506710587585482e-06,2.3212352739465973e-06,2.354940371769628e-06,2.3593785089442115e-06,2.343041462319077e-06,2.3138782774259825e-06,2.278467664792242e-06,2.2417261520235827e-06,2.2069897152818268e-06,2.1762980461754296e-06,2.1507452253437125e-06,2.1308096110942615e-06,2.1166203240107847e-06,2.108149244185521e-06,2.105334756910681e-06
2026-05-22 13:36:39.865653,[73.3033058],8.948836032862013e-09,8.977538238691953e-09,9.063956078502792e-09,9.209016374544627e-09,9.414232961673407e-09,9.681629773946411e-09,1.0013565117862428e-08,1.0412380450175962e-08,1.0879782192301899e-08,1.1415889560511116e-08,1.2017985512526136e-08,1.2679232237363505e-08,1.3387968785942465e-08,1.412863470671132e-08,1.4885679917878793e-08,1.5651718495280092e-08,1.6440295237202006e-08,1.730171966668564e-08,1.833765136705053e-08,1.97073227688901e-08,2.161696523770762e-08,2.428590629918691e-08,2.7888997027673335e-08,3.248480609992457e-08,3.794929628373822e-08,4.394059266253859e-08,4.991728131742375e-08,5.5218752792665946e-08,5.9194757836105594e-08,6.135061446132347e-08,6.146395297450211e-08,5.963476170241791e-08,5.625192939572142e-08,5.1888140083872534e-08,4.715882466259074e-08,4.259010076061061e-08,3.853242877135513e-08,3.513620721314358e-08,3.238259134466332e-08,3.014682527973707e-08,2.826701986048414e-08,2.6597427913635737e-08,2.5036734659296964e-08,2.353286264378336e-08,2.2072447440484447e-08,2.066460092401065e-08,1.9326279762779497e-08,1.807283012912731e-08,1.691400572730767e-08,1.585388618610648e-08,1.489266160317941e-08,1.4028688470247545e-08,1.325997212077444e-08,1.2584878996930691e-08,1.2002258557532951e-08,1.151127139603666e-08,1.1111172627759205e-08,1.0801189264623518e-08,1.0580526024146254e-08,1.0448466297970792e-08,1.0404506856193899e-08
2026-05-22 13:36:39.918788,[67.80630837],6.203174796154021e-09,6.232367087429357e-09,6.320786142931773e-09,6.4709202166991965e-09,6.686784974462962e-09,6.97371393238107e-09,7.338042969097652e-09,7.786672348928041e-09,8.326490855937403e-09,8.963649491790377e-09,9.702676082204357e-09,1.0545428884026402e-08,1.1489903649421052e-08,1.2528947200764496e-08,1.3649006154319431e-08,1.4829157931321315e-08,1.60408124105617e-08,1.7248574418899884e-08,1.841271694293228e-08,1.9493423826894978e-08,2.0456376643678808e-08,2.1278492917989663e-08,2.195197433740663e-08,2.2484720727525978e-08,2.2895956672990673e-08,2.320760221112505e-08,2.3433970332364046e-08,2.3573832199047524e-08,2.3608785196737326e-08,2.3509797345737698e-08,2.325038189397396e-08,2.282156295155638e-08,2.224231998370297e-08,2.1560513910665448e-08,2.0843010920050142e-08,2.0158185703305916e-08,1.9557130215866296e-08,1.9060302928309888e-08,1.8653977035260865e-08,1.829693411671604e-08,1.793421285751528e-08,1.7512797642418954e-08,1.6994379447389837e-08,1.6362207404641623e-08,1.562150046844552e-08,1.479488355345783e-08,1.3915289657700277e-08,1.3018713276991826e-08,1.2138469504074037e-08,1.1301674066451228e-08,1.0527874955346367e-08,9.829306193260437e-09,9.212095985982057e-09,8.677844666541171e-09,8.225171021889397e-09,7.851014783793308e-09,7.551627717251688e-09,7.323272555631906e-09,7.162686909145161e-09,7.067375108972127e-09,7.03578053311629e-09
2026-05-22 13:36:40.087017,[82.93378289],8.124789226355527e-07,8.150151569856798e-07,8.225329723869449e-07,8.347444923736706e-07,8.511205601899654e-07,8.708219574647421e-07,8.926154540293868e-07,9.147907574520169e-07,9.351028704507999e-07,9.507728427571472e-07,9.58585063302401e-07,9.551161274735716e-07,9.371134699216085e-07,9.020078074149789e-07,8.484938364192986e-07,7.770592576018943e-07,6.903035281502196e-07,5.928907794030459e-07,4.910467605384171e-07,3.9163769042475475e-07,3.010271361036561e-07,2.2403175358284216e-07,1.633148817781175e-07,1.1942565122306192e-07,9.143611798967195e-08,7.785434488494762e-08,7.734276106457855e-08,8.885705523835055e-08,1.1113491418206104e-07,1.4186115345353225e-07,1.770945604809219e-07,2.1148869700881773e-07,2.394641117063291e-07,2.569728434473532e-07,2.631163403774139e-07,2.6085274508806995e-07,2.5638692229676973e-07,2.5739835961114956e-07,2.70747996588624e-07,3.004897748980706e-07,3.46838347782885e-07,4.0632950457711633e-07,4.729646796470229e-07,5.398409522369313e-07,6.007139101451817e-07,6.510873757211185e-07,6.886656611270978e-07,7.132290407311912e-07,7.261307309001367e-07,7.296480105498314e-07,7.263767721205281e-07,7.187798196706874e-07,7.089217265946173e-07,6.983684461002319e-07,6.882034549717931e-07,6.791086706010232e-07,6.714682840089107e-07,6.654682655936438e-07,6.6117780908181e-07,6.586086744605116e-07,6.577538247500791e-07
2026-05-22 13:36:40.283013,[83.69824555],1.0179315494620764e-06,1.021050087773415e-06,1.030292048947535e-06,1.0452975907066363e-06,1.0654056538299346e-06,1.0895683151861455e-06,1.1162458662560885e-06,1.1433023683635525e-06,1.1679320884174153e-06,1.1866581091484696e-06,1.1954513642775003e-06,1.1900151239529404e-06,1.1662595241635962e-06,1.1209482812718938e-06,1.0524371215082443e-06,9.613536777961352e-07,8.510172749125757e-07,7.273973388566417e-07,5.984884344461459e-07,4.731403187506625e-07,3.5958391115911127e-07,2.640590029969507e-07,1.8998311074102713e-07,1.3794483063429808e-07,1.0648633897053109e-07,9.328597813583659e-08,9.61469813129012e-08,1.1328521626530556e-07,1.4278918906771647e-07,1.8162559753978298e-07,2.24906654993928e-07,2.6609638117219797e-07,2.9838683015054354e-07,3.1683579024224295e-07,3.2037018051940645e-07,3.127031592849356e-07,3.016354662022326e-07,2.9690135782324643e-07,3.0733096258420644e-07,3.3834833226355583e-07,3.906263105534988e-07,4.6021468629749324e-07,5.399050409340301e-07,6.212270458598689e-07,6.963922932758347e-07,7.596743747030384e-07,8.080094617549702e-07,8.408814155584468e-07,8.597297884639992e-07,8.67166085944181e-07,8.662334233112799e-07,8.598487456259382e-07,8.504712125520136e-07,8.399722494463559e-07,8.296492701810591e-07,8.203199490952256e-07,8.124456465920468e-07,8.062503780339727e-07,8.018183007374528e-07,7.99164656539538e-07,7.982818394420849e-07
2026-05-22 13:36:40.483508,[84.36743133],1.181890848964672e-06,1.1854948938270416e-06,1.1961748812616768e-06,1.2135128676509593e-06,1.2367424497761275e-06,1.264651242455857e-06,1.29546139978039e-06,1.3267106119033954e-06,1.3551680905056323e-06,1.3768324479341011e-06,1.3870663948536623e-06,1.380919779223153e-06,1.3536696777181843e-06,1.3015584388470954e-06,1.2226396094079984e-06,1.1175619347500967e-06,9.900618914297244e-07,8.469332454384934e-07,6.973296329840098e-07,5.514369573963696e-07,4.1878381083774444e-07,3.0665049929471174e-07,2.1908315065875033e-07,1.568493833345399e-07,1.1831215222548322e-07,1.0079023614851021e-07,1.0172673979572868e-07,1.1906921172680749e-07,1.5068795511457624e-07,1.9323302961490012e-07,2.412412313342402e-07,2.8728741390811616e-07,3.234862016884316e-07,3.4392111290886713e-07,3.4699893372421186e-07,3.366261442649195e-07,3.215542373095777e-07,3.1301760165598526e-07,3.21502442649856e-07,3.5380352060510055e-07,4.113367429090999e-07,4.901218887126815e-07,5.822177449632122e-07,6.779509683019734e-07,7.681618350669552e-07,8.458629110436341e-07,9.070318578616297e-07,9.505800172100704e-07,9.777476982599804e-07,9.912441460782216e-07,9.944041596370688e-07,9.905303494076413e-07,9.82482554999719e-07,9.724963009659715e-07,9.621704089647291e-07,9.525544665143813e-07,9.442775423977316e-07,9.376782789835442e-07,9.32914845236586e-07,9.300469664152013e-07,9.29090337374576e-07
2026-05-22 13:36:40.531761,[65.13922985],2.618162527532669e-09,2.627892696801303e-09,2.657005461596787e-09,2.7052418188982214e-09,2.7720875013590876e-09,2.856661410766938e-09,2.957586360873009e-09,3.0728732944384997e-09,3.199862225367284e-09,3.3352726851728275e-09,3.47541793362434e-09,3.6166238081757864e-09,3.755858821744623e-09,3.8915252437847645e-09,4.02428800580336e-09,4.1577470085669925e-09,4.298716331223241e-09,4.456891224695525e-09,4.643780512317038e-09,4.870952727790171e-09,5.1478494061210836e-09,5.479590230120712e-09,5.8652590803114775e-09,6.297074287855651e-09,6.760626598701507e-09,7.2360933987594725e-09,7.700117888000541e-09,8.1279635267004e-09,8.495630808903264e-09,8.781785649836795e-09,8.969483462530731e-09,9.047693313346914e-09,9.012526856538615e-09,8.867937815030395e-09,8.62559595751185e-09,8.303732834066277e-09,7.924994717693636e-09,7.51362696815978e-09,7.092527661341774e-09,6.680755855870603e-09,6.291946478472752e-09,5.933828989117477e-09,5.608768218702341e-09,5.315032597980031e-09,5.0483969657552826e-09,4.803705913847353e-09,4.5761253027960336e-09,4.361945922891819e-09,4.15893080659695e-09,3.966288780326759e-09,3.784402016034237e-09,3.6144395637010574e-09,3.457965110090357e-09,3.3166103908193316e-09,3.1918482011270155e-09,3.084868712354687e-09,2.9965430722416656e-09,2.927448749572765e-09,2.8779294382954866e-09,2.848165582272278e-09,2.8382370725597517e-09
2026-05-22 13:36:40.689130,[75.27206229],8.141468012020102e-09,8.164112076947943e-09,8.23245285133093e-09,8.347792457916696e-09,8.51255279252196e-09,8.730636137319875e-09,9.007873337645686e-09,9.35245523109942e-09,9.77516282772372e-09,1.0289131157426853e-08,1.0908848871988907e-08,1.1648183162846817e-08,1.251750435006136e-08,1.3520501802041325e-08,1.465195739402211e-08,1.5898324941221018e-08,1.7243025009053722e-08,1.8677414090187445e-08,2.0216146378968246e-08,2.191241068609117e-08,2.386542511760457e-08,2.6211455725000575e-08,2.909236059083054e-08,3.2602964185805524e-08,3.672889199478864e-08,4.129580630802119e-08,4.5954038117643686e-08,5.021558407148116e-08,5.35436814881959e-08,5.5474306246525216e-08,5.5733040287959716e-08,5.430807042460162e-08,5.145338938826992e-08,4.7620765661998105e-08,4.334429368564172e-08,3.9116449737315875e-08,3.529371544555204e-08,3.205480695884098e-08,2.9413281642785997e-08,2.726828605153059e-08,2.546887064239872e-08,2.386962624931681e-08,2.2364752017697283e-08,2.0898543967982738e-08,1.945823465966283e-08,1.8058254971961542e-08,1.6723963822445033e-08,1.547967354734376e-08,1.4342395689091489e-08,1.3320383435445562e-08,1.2414571437896925e-08,1.1621096812359273e-08,1.0933689391537927e-08,1.034538881213654e-08,9.84953128775407e-09,9.440191079123156e-09,9.112313887402299e-09,8.861728749497348e-09,8.685144387554035e-09,8.580167478968776e-09,8.545338832629738e-09
2026-05-22 13:36:40.738752,[67.26089015],4.3858565241105746e-09,4.404056806924513e-09,4.458759245110169e-09,4.550240567090017e-09,4.678871057214376e-09,4.844986748315081e-09,5.048726365564686e-09,5.289845238589514e-09,5.567515646852333e-09,5.880115412961022e-09,6.2249955010172995e-09,6.598208828315749e-09,6.994187834375892e-09,7.405392386098058e-09,7.822023478251277e-09,8.232006998563086e-09,8.621560848209335e-09,8.976697650345853e-09,9.285892883683244e-09,9.543795347430917e-09,9.75529044221538e-09,9.938605307375742e-09,1.012576730541642e-08,1.035893710754851e-08,1.0682138432569387e-08,1.1129566501424877e-08,1.1713429608177524e-08,1.2415346071631227e-08,1.3184962536078812e-08,1.3947487013132019e-08,1.4618815313136693e-08,1.5124061237970204e-08,1.5413852941724783e-08,1.5473441932822807e-08,1.5322241087447788e-08,1.5004761201845156e-08,1.4576645324534804e-08,1.4090582353610657e-08,1.3586114022134863e-08,1.3085333954353224e-08,1.2594215037662566e-08,1.2107674986488313e-08,1.1615915634749432e-08,1.1109948111327926e-08,1.0585118393446329e-08,1.0042399613076647e-08,9.487894310360262e-09,8.931284937078512e-09,8.383948472076394e-09,7.857251257423741e-09,7.36129688517715e-09,6.904198212623338e-09,6.491816388771189e-09,6.1278507119588825e-09,5.81415272528601e-09,5.551154296905215e-09,5.338326053144324e-09,5.17460955156933e-09,5.058789231373361e-09,4.989786848357196e-09,4.966871850679896e-09
2026-05-22 13:36:40.789691,[65.22895346],1.5841463842894685e-09,1.590903035878013e-09,1.611295634360344e-09,1.6456815622210874e-09,1.6946203194024103e-09,1.7588160653605588e-09,1.8390313395262916e-09,1.935967963045261e-09,2.0501133028484265e-09,2.1815557393714793e-09,2.3297836152725546e-09,2.4934977054664738e-09,2.670486912949562e-09,2.857635579372061e-09,3.051139191891979e-09,3.246990414766105e-09,3.441746607557657e-09,3.633498483227694e-09,3.822839772006582e-09,4.0135260216195935e-09,4.212463987115581e-09,4.4287507296424485e-09,4.671712953916063e-09,4.948248194789185e-09,5.2601289771159865e-09,5.602136680461924e-09,5.961798588612967e-09,6.321067543002538e-09,6.6596248623439105e-09,6.958857630895418e-09,7.205248073783308e-09,7.3920902901161975e-09,7.51907452940122e-09,7.590091598049721e-09,7.610254165755866e-09,7.583333238561092e-09,7.510508134710534e-09,7.390701193698923e-09,7.222117676814225e-09,7.0042109681311725e-09,6.739264780067793e-09,6.433067682901542e-09,6.094572841956886e-09,5.734795944985154e-09,5.365387547329255e-09,4.997305276724143e-09,4.639868185162919e-09,4.300290796292638e-09,3.983642825075803e-09,3.6930983365824438e-09,3.4303241566272005e-09,3.195888446891564e-09,2.989618496178072e-09,2.810880770914054e-09,2.658785760760311e-09,2.5323339922939355e-09,2.430521783989894e-09,2.352421276997e-09,2.297243426264915e-09,2.2643876030885658e-09,2.2534782488094743e-09
2026-05-22 13:36:40.892989,[75.53179051],9.863199232196701e-09,9.889541605305575e-09,9.969281472609413e-09,1.0104657950673369e-08,1.0299732137846585e-08,1.0560848235982486e-08,1.0897185811899302e-08,1.1321252538796771e-08,1.1849065193503537e-08,1.2499670100574054e-08,1.3293625725746982e-08,1.4250203086884173e-08,1.5383450988508212e-08,1.669796256362708e-08,1.8186060661808852e-08,1.9828857393998777e-08,2.1603670473470874e-08,2.3498954916928726e-08,2.553487966665688e-08,2.7783358861624827e-08,3.037726161942061e-08,3.349714594689258e-08,3.732768109709845e-08,4.1985873305858064e-08,4.743718144200769e-08,5.342813591924551e-08,5.946805877749489e-08,6.488274089699587e-08,6.89399337419709e-08,7.101790031880064e-08,7.076645055474294e-08,6.820619271687063e-08,6.37300859063521e-08,5.800529360712561e-08,5.1808501687405175e-08,4.58491903531588e-08,4.0634548645458046e-08,3.640904741631098e-08,3.317194941448676e-08,3.0750443438826925e-08,2.8893770333287288e-08,2.7356353187897977e-08,2.5950720995581346e-08,2.456633256639156e-08,2.3161937968893144e-08,2.1744052422638285e-08,2.0343145486300288e-08,1.8994900974774572e-08,1.7729170378031914e-08,1.6565820243718834e-08,1.5515101092111064e-08,1.4580083766362613e-08,1.3759414160350408e-08,1.3049502891014865e-08,1.2445931320959914e-08,1.194421498945352e-08,1.1540173410458832e-08,1.1230118678365958e-08,1.1010989047087789e-08,1.0880474720650138e-08,1.0837133576202451e-08
2026-05-22 13:36:40.945350,[66.73418822],5.649716707882018e-09,5.670105006324217e-09,5.731233448700744e-09,5.832960142226347e-09,5.974943585072088e-09,6.156496439367253e-09,6.376400707290368e-09,6.632697753761129e-09,6.922461529665213e-09,7.2415537907134025e-09,7.584350277119444e-09,7.943425961656731e-09,8.309209326940613e-09,8.669673919817657e-09,9.010234289351637e-09,9.314134406823633e-09,9.563708381150101e-09,9.742873620971731e-09,9.840997780745645e-09,9.857819154786789e-09,9.808455802241329e-09,9.726911999066196e-09,9.666194645042042e-09,9.693499161115636e-09,9.880051366168155e-09,1.0286907061744392e-08,1.0949766352960974e-08,1.1866916472715882e-08,1.2994170666300756e-08,1.4248986089858785e-08,1.552330509916258e-08,1.6702022924140855e-08,1.76823475860615e-08,1.8389285041492016e-08,1.8783980832358603e-08,1.8864002537905725e-08,1.8656926191275275e-08,1.82100394068184e-08,1.757929192885711e-08,1.6819984027091842e-08,1.5980545822308578e-08,1.5099617951586274e-08,1.4205828238739844e-08,1.331928169361283e-08,1.2453779340160417e-08,1.1619009553820463e-08,1.0822266161064464e-08,1.0069534426876297e-08,9.365993978683929e-09,8.716102460027163e-09,8.123456931222115e-09,7.590605955014888e-09,7.118930976883777e-09,6.708654482533878e-09,6.3589807374932224e-09,6.068340719777885e-09,5.834697085565102e-09,5.655863915434815e-09,5.52980384674452e-09,5.454876476210036e-09,5.43002256804393e-09
2026-05-22 13:36:41.047664,[81.50782104],5.904390740290403e-07,5.920080702878996e-07,5.966503676011214e-07,6.041622868114091e-07,6.141731980939176e-07,6.261021063998462e-07,6.391047269833232e-07,6.520213678930322e-07,6.633414795613715e-07,6.712064100452708e-07,6.734755521381127e-07,6.678794147776345e-07,6.522724810856864e-07,6.249764265777642e-07,5.85171236161784e-07,5.332547271807157e-07,4.7106346723095e-07,4.0184778166751883e-07,3.2993529035154066e-07,2.6010279172143206e-07,1.9678491341453914e-07,1.4333720063860712e-07,1.0159048382265211e-07,7.185015923562554e-08,5.33218818073471e-08,4.475255602234337e-08,4.4962571425088404e-08,5.299132135071614e-08,6.778630200713535e-08,8.764278303653252e-08,1.0979366809078588e-07,1.305310831982036e-07,1.4599448260720796e-07,1.5340027731022167e-07,1.5220743649856232e-07,1.4467197830666324e-07,1.3547389860318917e-07,1.3048973941506905e-07,1.3513932383818183e-07,1.5289082561352226e-07,1.8441048449964576e-07,2.275635310999165e-07,2.7815462025902497e-07,3.3107385667199827e-07,3.81454375829705e-07,4.2553381424672867e-07,4.6107564298969613e-07,4.873684796299702e-07,5.04928400797285e-07,5.150647773289842e-07,5.19448378806434e-07,5.19769348694837e-07,5.175185233563193e-07,5.138849283899599e-07,5.097404881334337e-07,5.056774970409089e-07,5.020692224516297e-07,4.991331160526317e-07,4.969852311762234e-07,4.956813800508886e-07,4.952447401208779e-07
2026-05-22 13:36:41.096650,[70.72762374],2.8365529983511414e-09,2.8400883795595868e-09,2.850835996261082e-09,2.869287113316526e-09,2.8964813429434226e-09,2.9343261973432073e-09,2.9860048343142437e-09,3.056398648748545e-09,3.1523949217496596e-09,3.282893073735137e-09,3.4582993901927164e-09,3.689358507785523e-09,3.985361090424296e-09,4.352111270020095e-09,4.790478922974615e-09,5.296729200254998e-09,5.865829877048237e-09,6.498273279963776e-09,7.209458344131777e-09,8.038596654334105e-09,9.052214889416937e-09,1.033683734656086e-08,1.1977499537035082e-08,1.4023687901044008e-08,1.6450930633063796e-08,1.9131832388591295e-08,2.1831498929532777e-08,2.4236843485082928e-08,2.6017883150525197e-08,2.6905866334529293e-08,2.6763904858049517e-08,2.5625705576823596e-08,2.368810436340209e-08,2.1259561412676e-08,1.868247102326293e-08,1.6255267917280743e-08,1.4177824038760428e-08,1.2532547957660235e-08,1.1299580552859583e-08,1.0393653273353193e-08,9.706187801522912e-09,9.139040965295485e-09,8.623075669500208e-09,8.121767145983548e-09,7.624643744416859e-09,7.136668437306019e-09,6.66842536662096e-09,6.229624436262317e-09,5.826265052253446e-09,5.460491487442714e-09,5.131793461432196e-09,4.838453211989477e-09,4.578627721282164e-09,4.350896833202751e-09,4.154377533044444e-09,3.988599447319956e-09,3.853315945864314e-09,3.748356544534173e-09,3.673557315898444e-09,3.6287590382985172e-09,3.6138413186773904e-09
2026-05-22 13:36:41.148541,[65.2897323],2.5193527500307257e-09,2.5319408035976716e-09,2.5700635672188687e-09,2.6347699074113108e-09,2.727713927401303e-09,2.8510001985711206e-09,3.006943129873083e-09,3.197725333892681e-09,3.4249490725510432e-09,3.6890949676196647e-09,3.988934432935057e-09,4.320984834841385e-09,4.679141926317752e-09,5.054658195655705e-09,5.436637048302355e-09,5.813156929955278e-09,6.173008771164603e-09,6.507827206824439e-09,6.814158786422625e-09,7.094818383764344e-09,7.358846887651557e-09,7.619598221333321e-09,7.890982584988563e-09,8.182582364374807e-09,8.495005999919172e-09,8.817143543054349e-09,9.126682084370362e-09,9.394290892568301e-09,9.590563435476863e-09,9.693626804632644e-09,9.69485490423413e-09,9.600656378955826e-09,9.42970895837266e-09,9.206709792584549e-09,8.954970483107157e-09,8.690467716785834e-09,8.419191668742523e-09,8.138222353681202e-09,7.839566153932563e-09,7.514969943514948e-09,7.1599275682870726e-09,6.775745470926209e-09,6.3694445064665416e-09,5.952035874974293e-09,5.536079349012221e-09,5.133391478570188e-09,4.753462611526058e-09,4.40275947510288e-09,4.0847880325926285e-09,3.800637740009685e-09,3.54971396511425e-09,3.330438071253387e-09,3.140795965053179e-09,2.9787037692091956e-09,2.8422148854479646e-09,2.7296157576343913e-09,2.6394575688565544e-09,2.570559365743335e-09,2.5220036932987478e-09,2.493133897157372e-09,2.483554661094963e-09
2026-05-22 13:36:41.247920,[82.27533293],7.373600243502524e-07,7.392773799497281e-07,7.449474652396029e-07,7.541126320171609e-07,7.663055087104304e-07,7.807961846721219e-07,7.965279666594796e-07,8.120544155680584e-07,8.254971798541107e-07,8.34551120516098e-07,8.365677183662598e-07,8.287457507334291e-07,8.084451405062988e-07,7.736124715038634e-07,7.232659266727693e-07,6.579415524065591e-07,5.799683559235392e-07,4.934386748821502e-07,4.0379102714678833e-07,3.170276894326575e-07,2.387239518849907e-07,1.7309817412135587e-07,1.2243855400896351e-07,8.708292657685459e-08,6.593677034462718e-08,5.7274797067335314e-08,5.9426362661909544e-08,7.09942007847892e-08,9.050707174286589e-08,1.1574783988227826e-07,1.4324257491738094e-07,1.683851218838293e-07,1.8637777536468192e-07,1.9372910050719837e-07,1.8969880860558827e-07,1.770159274724876e-07,1.6146717576892333e-07,1.504247834439393e-07,1.5082258164116311e-07,1.6729125120481256e-07,2.0105682194703271e-07,2.498728871989495e-07,3.088689415214765e-07,3.719199247513817e-07,4.330594392357203e-07,4.875560180435201e-07,5.324664418352332e-07,5.666770420716073e-07,5.905767147668299e-07,6.05552579498988e-07,6.134764857220572e-07,6.162909248425269e-07,6.157382329669128e-07,6.13227564289566e-07,6.098069536218057e-07,6.062002274303993e-07,6.02873566239138e-07,6.001069906166737e-07,5.980567667319828e-07,5.968029975124513e-07,5.963817161981666e-07
2026-05-22 13:36:41.295778,[71.90742701],3.544588788538072e-09,3.550324916103894e-09,3.567708473568409e-09,3.597347699400453e-09,3.6405326850299178e-09,3.6996458583760558e-09,3.778706633707623e-09,3.8839731288997665e-09,4.024448153748059e-09,4.212051357997158e-09,4.461164654721181e-09,4.787298521219062e-09,5.204836820378886e-09,5.724242239157474e-09,6.34969734859692e-09,7.078719139650874e-09,7.905451625116828e-09,8.828669312406493e-09,9.863726235657836e-09,1.1054951104385261e-08,1.2482239152500709e-08,1.425440859481758e-08,1.648394394374899e-08,1.9243777143302922e-08,2.2515557900923085e-08,2.6147025028998617e-08,2.983904169329061e-08,3.317714366431512e-08,3.570818489337651e-08,3.704459118019294e-08,3.696474077220644e-08,3.547538235139671e-08,3.281338328277503e-08,2.9385412315944838e-08,2.5666298437907658e-08,2.2090162096066444e-08,1.8967742394273083e-08,1.645015988096733e-08,1.4540614880902978e-08,1.3139635092523288e-08,1.2102153268930672e-08,1.1286810820578149e-08,1.0586205315936644e-08,9.936431597944358e-09,9.311242935054673e-09,8.70884695734663e-09,8.138351063563838e-09,7.609968573994993e-09,7.130087103512495e-09,6.700274838767108e-09,6.318515157442562e-09,5.98110738789354e-09,5.6842545541120545e-09,5.424966836883716e-09,5.201326390463676e-09,5.012344587935358e-09,4.857655977901145e-09,4.737220199015305e-09,4.651112677736558e-09,4.5994149268801425e-09,4.582177064014935e-09
2026-05-22 13:36:41.343611,[65.8644346],3.0407312605016862e-09,3.0521551030987472e-09,3.086717988252253e-09,3.145275476600111e-09,3.229188119560787e-09,3.3402113524937618e-09,3.480320466203881e-09,3.651457679942518e-09,3.855196719327497e-09,4.092338060711884e-09,4.362475543154355e-09,4.663609417144583e-09,4.991914130849191e-09,5.341787648210218e-09,5.706295283560013e-09,6.078058441204568e-09,6.450520334417285e-09,6.819359372195919e-09,7.183656014762891e-09,7.546315790876415e-09,7.913285819266752e-09,8.291331488324535e-09,8.684564083667535e-09,9.090442654192972e-09,9.496439733178485e-09,9.878740896710796e-09,1.0204063296768618e-08,1.043489113035802e-08,1.053730990053011e-08,1.0489544965925395e-08,1.0288717543635006e-08,9.95355208378223e-09,9.521839394700926e-09,9.043059242015926e-09,8.568118291727232e-09,8.139071384024283e-09,7.781620195486156e-09,7.502178636625257e-09,7.28978080422626e-09,7.121671578069417e-09,6.970552732509845e-09,6.811365241287084e-09,6.626056766229727e-09,6.405683318910394e-09,6.1500566177476335e-09,5.865713273710702e-09,5.563162790562804e-09,5.2542355928148545e-09,4.950046670947489e-09,4.659763212792392e-09,4.390115131623668e-09,4.1454525731956345e-09,3.928122351563681e-09,3.7389696404931155e-09,3.5778335306854172e-09,3.4439668954213997e-09,3.336357705043512e-09,3.2539569910829683e-09,3.195831111226803e-09,3.161258150275326e-09,3.1497851816495485e-09
2026-05-22 13:36:41.487756,[81.58740701],5.609442514467652e-07,5.628021617853209e-07,5.68309963363559e-07,5.772579354435025e-07,5.892578005409797e-07,6.036886672054583e-07,6.196309675845622e-07,6.358011033060072e-07,6.50506383899889e-07,6.616468207647047e-07,6.667946579845293e-07,6.633800350161237e-07,6.48997237083772e-07,6.218174575774848e-07,5.810522648862857e-07,5.273659869689213e-07,4.631025368483923e-07,3.921954758737564e-07,3.196878682991979e-07,2.509017125879206e-07,1.90437659904827e-07,1.4129789535119152e-07,1.04441931889559e-07,7.896505307233247e-08,6.285147164029003e-08,5.3991208354892495e-08,5.0995925103045186e-08,5.341220912871803e-08,6.121791423099818e-08,7.387500326680901e-08,8.949616128768999e-08,1.0468690879917397e-07,1.1531538613245415e-07,1.1798194815457015e-07,1.1156198219256428e-07,9.809656721616286e-08,8.256573227719264e-08,7.156513146389769e-08,7.137363898268972e-08,8.612751199440374e-08,1.1672461977899368e-07,1.607493847659396e-07,2.1331250432683693e-07,2.6841180963671515e-07,3.2033161771590806e-07,3.646944605310638e-07,3.9897772951528303e-07,4.225099245055805e-07,4.3609752711249743e-07,4.41481326095292e-07,4.4079626616335675e-07,4.361458686206929e-07,4.293342495879129e-07,4.2174698848913326e-07,4.1434389000647977e-07,4.077192377520623e-07,4.021910408226968e-07,3.9789239451624363e-07,3.948498891476489e-07,3.930430934086038e-07,3.924446752384119e-07
2026-05-22 13:36:41.535739,[67.17372997],4.342699382958317e-09,4.3589655167222255e-09,4.407902321811309e-09,4.489912202812302e-09,4.605623548979221e-09,4.755828310587899e-09,4.941395233340723e-09,5.163156603318209e-09,5.421763172429297e-09,5.7174997507733705e-09,6.050056623957065e-09,6.418264827672024e-09,6.819831208536471e-09,7.251152302849155e-09,7.707334416463165e-09,8.182576563045357e-09,8.671046123399788e-09,9.168257080856272e-09,9.672734669855345e-09,1.018745910804139e-08,1.0720336012211006e-08,1.1282905652131145e-08,1.1886827284892245e-08,1.2538394766016527e-08,1.3232292227213965e-08,1.3946615758346585e-08,1.4641415899366865e-08,1.5262341960057342e-08,1.5749439493168266e-08,1.6049254705328992e-08,1.6126909467867814e-08,1.597443989020289e-08,1.561271484932362e-08,1.508632487170718e-08,1.4453129439181556e-08,1.3771752867477293e-08,1.3090647181396484e-08,1.2441398526697438e-08,1.1837262716271982e-08,1.1276212211143045e-08,1.0746661638184526e-08,1.0233756158501648e-08,9.724533122840079e-09,9.211060577123031e-09,8.691452789367192e-09,8.169219989353253e-09,7.651649054701161e-09,7.147885725328026e-09,6.667208937266676e-09,6.217764119226628e-09,5.805829341890486e-09,5.435558909932297e-09,5.109084780677309e-09,4.826841974216784e-09,4.588000388067851e-09,4.390915233538881e-09,4.233539972632797e-09,4.1137725898651134e-09,4.029725626445831e-09,3.979922460730551e-09,3.9634279607671995e-09
2026-05-22 13:36:41.583908,[65.33956871],1.7772340509949549e-09,1.7857406522749401e-09,1.811445295223708e-09,1.8548932250762654e-09,1.9169610044222605e-09,1.9988038497129e-09,2.1017733957094627e-09,2.227298285518473e-09,2.376719716550258e-09,2.5510762083582455e-09,2.7508377144705935e-09,2.9755999737403354e-09,3.2237660579643157e-09,3.4922620000590494e-09,3.776353055807987e-09,4.0696394608687e-09,4.364306483869557e-09,4.65167506886862e-09,4.923043521485081e-09,5.170734029693661e-09,5.389177993232045e-09,5.575817133915973e-09,5.731589419442044e-09,5.860825580871196e-09,5.9704993646871255e-09,6.06892653407925e-09,6.164152535046477e-09,6.262363190510372e-09,6.366665832839711e-09,6.476511445676302e-09,6.587878184429622e-09,6.69415048899893e-09,6.7874554575902526e-09,6.860108923191944e-09,6.9058131665724436e-09,6.920343519675092e-09,6.901633703280334e-09,6.849361260759774e-09,6.764277312750475e-09,6.647569987044578e-09,6.500488989055418e-09,6.324323503611839e-09,6.1206765200513115e-09,5.891873460183322e-09,5.641313609237625e-09,5.3736165166680475e-09,5.09450247790707e-09,4.810437265341746e-09,4.528135178494872e-09,4.25403741346863e-09,3.993868340903901e-09,3.75233500624747e-09,3.532991962079351e-09,3.3382574861320185e-09,3.1695448693885987e-09,3.027464277081857e-09,2.9120533613464707e-09,2.823003630930448e-09,2.7598602818152847e-09,2.7221828034926947e-09,2.7096607018030777e-09
2026-05-22 13:36:41.732111,[75.35440804],7.905071819575398e-09,7.923396122667207e-09,7.97858033989852e-09,8.071337207702375e-09,8.203117518844652e-09,8.376497180254892e-09,8.595676965697335e-09,8.866993870554604e-09,9.199247801434854e-09,9.603543243145499e-09,1.0092287295966753e-08,1.0677060996937208e-08,1.1365390794954589e-08,1.2157051152484525e-08,1.3041361139292017e-08,1.3997718560439638e-08,1.500183013560826e-08,1.6039119932315024e-08,1.7124214591826642e-08,1.8321460876335367e-08,1.975740274365307e-08,2.161425566737564e-08,2.4096052116804013e-08,2.736742507601669e-08,3.1477392825600185e-08,3.629234293610496e-08,4.146731149752416e-08,4.6477651772526744e-08,5.071416508097201e-08,5.362000315768442e-08,5.4827884077946125e-08,5.425151061177731e-08,5.209937698407799e-08,4.880716116582856e-08,4.4914448107079865e-08,4.092963394980263e-08,3.7226374372380643e-08,3.399782665043646e-08,3.127049193198734e-08,2.8958913844922542e-08,2.6933351792261467e-08,2.507584874485903e-08,2.3311363082773727e-08,2.161322903987874e-08,1.9990937559381597e-08,1.8471100026558307e-08,1.7080490082439502e-08,1.58357931119576e-08,1.4740577300033688e-08,1.3787439366060582e-08,1.2962507694642917e-08,1.224998265891735e-08,1.1635414911188398e-08,1.1107383141386287e-08,1.0657847449547863e-08,1.0281693309239823e-08,9.97595363566856e-09,9.739043278770763e-09,9.570169911439542e-09,9.468955908993537e-09,9.435233822440596e-09
2026-05-22 13:36:41.783364,[66.52217488],3.196868356272829e-09,3.210682990118876e-09,3.2523513822176023e-09,3.3225247606521826e-09,3.422211523544612e-09,3.5526521862969343e-09,3.7151265792681617e-09,3.910679529615752e-09,4.139754483057939e-09,4.401735331875069e-09,4.694418231544958e-09,5.013469509653085e-09,5.351971754824412e-09,5.70021051229199e-09,6.045892664637426e-09,6.374989587405065e-09,6.673334476747964e-09,6.928952242954698e-09,7.134865003188795e-09,7.2918404619621554e-09,7.410324218501743e-09,7.510737976989211e-09,7.621534383057338e-09,7.774899574832182e-09,8.000687724888043e-09,8.319839199677075e-09,8.738906625044832e-09,9.24719076696949e-09,9.817350799036944e-09,1.0409399639883743e-08,1.0977069377560986e-08,1.1474970560195984e-08,1.1864943794922164e-08,1.2120450284543e-08,1.2228528284311967e-08,1.2189473971803127e-08,1.2014803140740072e-08,1.1724182752721081e-08,1.1341972000140774e-08,1.0893892002268258e-08,1.0404218980447704e-08,9.893775697393486e-09,9.378859862587422e-09,8.871089126012694e-09,8.377984808623569e-09,7.904004088747743e-09,7.451697329298167e-09,7.022718092159996e-09,6.6185214482029634e-09,6.240708792472614e-09,5.891075878132524e-09,5.571474159764437e-09,5.283602998710339e-09,5.028825225512049e-09,4.808059275956424e-09,4.621763176260151e-09,4.469998126315156e-09,4.352544841532253e-09,4.269042191104428e-09,4.21912109338995e-09,4.2025132224049644e-09
2026-05-22 13:36:41.929793,[75.79357266],1.0070335079151622e-08,1.0097521200484308e-08,1.0179102647088367e-08,1.0315216541513332e-08,1.0506322797525723e-08,1.0753559571132533e-08,1.1059224367380318e-08,1.1427292354886154e-08,1.1863775858816165e-08,1.2376607844526455e-08,1.2974663333766278e-08,1.3665623346372012e-08,1.4452759357083898e-08,1.533144399016168e-08,1.6287188160296634e-08,1.7297910457994412e-08,1.8343311192852197e-08,1.942286976509249e-08,2.0580611426667875e-08,2.192976424683399e-08,2.36654340951542e-08,2.6051347362136867e-08,2.9370584560058048e-08,3.3841394174042214e-08,3.951544767986398e-08,4.6191060782100486e-08,5.337962735171589e-08,6.035345837723194e-08,6.627752536898468e-08,7.039481675229206e-08,7.220939340385298e-08,7.160599295487988e-08,6.88649134971526e-08,6.456859975083543e-08,5.943550313384389e-08,5.414021714414941e-08,4.9177386424427036e-08,4.480342111217183e-08,4.1057245866384994e-08,3.7834169306082275e-08,3.497534427749907e-08,3.234031704549097e-08,2.9845610943655686e-08,2.7469224690578575e-08,2.5232403574850735e-08,2.3173522633671005e-08,2.1325914822610692e-08,1.9705498107364126e-08,1.8308433143569484e-08,1.711564861587275e-08,1.6100168659436066e-08,1.5234002851206768e-08,1.4492866697006761e-08,1.3858378604988689e-08,1.3318240075300272e-08,1.2865220381125736e-08,1.2495699799468153e-08,1.2208281692937151e-08,1.2002720864701462e-08,1.1879217565075435e-08,1.1838016605282022e-08
2026-05-22 13:36:41.982183,[68.222098],4.013335735076553e-09,4.028797158512542e-09,4.075329753125059e-09,4.153362392766789e-09,4.263555278960181e-09,4.406714654125055e-09,4.58366622365702e-09,4.795080159967857e-09,5.041240990093934e-09,5.321762018469835e-09,5.635261064898571e-09,5.979046449723213e-09,6.348909031368849e-09,6.739167292339505e-09,7.143142709401325e-09,7.554212555570932e-09,7.967455340301995e-09,8.381652478287628e-09,8.801078195671176e-09,9.236218906088418e-09,9.702501533444491e-09,1.021646208966103e-08,1.0789612384007978e-08,1.1421386645846892e-08,1.2093530506779971e-08,1.276856441911879e-08,1.339410241877587e-08,1.3912890355338299e-08,1.4276093668642556e-08,1.4455654282113258e-08,1.4451384757659195e-08,1.429015959404693e-08,1.4017476731835661e-08,1.368451425327813e-08,1.3335303078309929e-08,1.299815378075521e-08,1.2683374438557225e-08,1.2386695443876893e-08,1.2095886830292092e-08,1.179751743745615e-08,1.1481596601673655e-08,1.1143303780236849e-08,1.0782352779919192e-08,1.0401228645104736e-08,1.0003492222904353e-08,9.592834129539154e-09,9.172956919040667e-09,8.747957687882305e-09,8.322770930952595e-09,7.903349676094406e-09,7.496476194254039e-09,7.1092800874057675e-09,6.748638099428689e-09,6.420633335627147e-09,6.1301945460155174e-09,5.880959814427412e-09,5.675344175644938e-09,5.514751566276128e-09,5.3998583818159545e-09,5.3309013833319565e-09,5.307917636596489e-09
2026-05-22 13:36:42.134026,[79.71606742],4.044351831202419e-07,4.052988000678252e-07,4.078434234339219e-07,4.119251236010965e-07,4.1728709618255265e-07,4.2353645937533074e-07,4.301167634342443e-07,4.3628249869811386e-07,4.410850034459912e-07,4.433822444233266e-07,4.4188672219832743e-07,4.3526437987047193e-07,4.222907769842147e-07,4.0205750366254847e-07,3.742024436528454e-07,3.3911604236169866e-07,2.980601137783841e-07,2.531363068098949e-07,2.0706686657808688e-07,1.628017640455359e-07,1.2303161088284915e-07,8.973967730365123e-08,6.393815515857934e-08,4.568340360864333e-08,3.4359299817738554e-08,2.909761421288071e-08,2.913079896471181e-08,3.3896383496832086e-08,4.28389236963892e-08,5.503085173790513e-08,6.886392587553041e-08,8.206570143930837e-08,9.215157169561265e-08,9.719688988863457e-08,9.662306480268744e-08,9.164169378512125e-08,8.512395456543807e-08,8.08991589895708e-08,8.272023498964598e-08,9.32566231913071e-08,1.1344130805444531e-07,1.4234111292312515e-07,1.775211385477019e-07,2.1572103515894314e-07,2.536016592556435e-07,2.8835509909419994e-07,3.1806233291724925e-07,3.4178344742692185e-07,3.594393687488187e-07,3.7157685074353834e-07,3.791046251251494e-07,3.830630251125589e-07,3.8445793719638027e-07,3.841637237339887e-07,3.8288355482830846e-07,3.811491429782336e-07,3.793423276194573e-07,3.7772493421153295e-07,3.7646817000414073e-07,3.7567694915763546e-07,3.7540735423041804e-07
2026-05-22 13:36:42.288954,[80.64278562],5.001556366043978e-07,5.011870600770932e-07,5.042225121771003e-07,5.090794249105642e-07,5.154338565294768e-07,5.227937165626294e-07,5.304674355651941e-07,5.375356926556817e-07,5.428374461212183e-07,5.449850236310961e-07,5.424249487729565e-07,5.335593421213319e-07,5.169347279086166e-07,4.914892930429486e-07,4.568268481965499e-07,4.134606610450216e-07,3.629522420845424e-07,3.0787114959486325e-07,2.515320367038264e-07,1.9752555515242863e-07,1.491362890511373e-07,1.0880409010138857e-07,7.779940496661866e-08,5.622500383651144e-08,4.333404010190441e-08,3.8014645172976565e-08,3.920525914389777e-08,4.6031347267169615e-08,5.759967283264695e-08,7.258819822253854e-08,8.891968558997007e-08,1.038097043255143e-07,1.143131273358077e-07,1.1823189489319153e-07,1.1502696456660236e-07,1.0632097784828032e-07,9.57225624185814e-08,8.797939870250997e-08,8.774013581288618e-08,9.834891399042304e-08,1.2105750233245232e-07,1.5485636359926087e-07,1.9689377936348435e-07,2.432714537275041e-07,2.899334460475119e-07,3.3340315829293176e-07,3.7122833005751544e-07,4.021115232353829e-07,4.257911951782843e-07,4.4277859628021193e-07,4.540531247504603e-07,4.607903128834436e-07,4.6416062975986754e-07,4.6520676475832185e-07,4.647877557107668e-07,4.6357019671694926e-07,4.620466708307043e-07,4.605656938626288e-07,4.593627713807485e-07,4.5858682910772895e-07,4.5831953204999595e-07
2026-05-22 13:36:42.338258,[72.16497325],3.2807090261923648e-09,3.289635232397272e-09,3.3166304580341332e-09,3.3623917855772393e-09,3.4282368399067297e-09,3.516326284509153e-09,3.629935144562107e-09,3.773696383616698e-09,3.953681538887426e-09,4.177129097796128e-09,4.451623198464717e-09,4.783623323644941e-09,5.176509220180214e-09,5.628750430331858e-09,6.13335003319623e-09,6.680108346981411e-09,7.262121892713705e-09,7.886873100883339e-09,8.590109677100438e-09,9.447843756515762e-09,1.0579347308918514e-08,1.2133670412268583e-08,1.4255509085602987e-08,1.703352312761557e-08,2.0443635223469163e-08,2.4307467833327796e-08,2.8287184649335493e-08,3.1929651641806684e-08,3.475621556567711e-08,3.637546650782952e-08,3.658368501414368e-08,3.54182595885389e-08,3.3144497464362154e-08,3.0180167119944676e-08,2.6984458430901544e-08,2.394910296419622e-08,2.1324994783225557e-08,1.9200996083898362e-08,1.7531094778029656e-08,1.6190639386491916e-08,1.5037206251853465e-08,1.3956513966084789e-08,1.2884306054120904e-08,1.1805718857648189e-08,1.0740349837837888e-08,9.722853687759226e-09,8.786614769385497e-09,7.954128489685846e-09,7.234182114887977e-09,6.623825079056351e-09,6.112558839946664e-09,5.6866649109137315e-09,5.3324910602966686e-09,5.038348639383333e-09,4.7952104627270325e-09,4.596619583370719e-09,4.438216363612008e-09,4.317179376452965e-09,4.231743382687036e-09,4.180852952444014e-09,4.163947987616642e-09
2026-05-22 13:36:42.387497,[66.7656956],2.366138425182724e-09,2.3756133291843077e-09,2.4040648721354342e-09,2.451554712651506e-09,2.518123350682071e-09,2.603698927720387e-09,2.707975287431295e-09,2.8302679568398413e-09,2.9693627298402633e-09,3.123379022880968e-09,3.289678029032353e-09,3.46485203324547e-09,3.6448335431666717e-09,3.825158379868019e-09,4.001403159465944e-09,4.169793214756584e-09,4.327941833163729e-09,4.475637228629328e-09,4.615543645530241e-09,4.753634845029971e-09,4.899145482029142e-09,5.063829921382413e-09,5.260385767059588e-09,5.500053119026122e-09,5.789639838103778e-09,6.128504915697045e-09,6.5062639498327294e-09,6.902041140906126e-09,7.285881591656778e-09,7.622442771022675e-09,7.876419113538738e-09,8.018543617455748e-09,8.030705883812598e-09,7.90888613802641e-09,7.66320640845668e-09,7.3152326789709415e-09,6.893416750187268e-09,6.427976561937183e-09,5.946468849485397e-09,5.4708879888651635e-09,5.016539918324123e-09,4.592421113167856e-09,4.202533508968094e-09,3.84752122216048e-09,3.5261582421889347e-09,3.2364382225515564e-09,2.9762203172046412e-09,2.7435146420716455e-09,2.5365396033771033e-09,2.353673066050952e-09,2.1933811470477747e-09,2.0541673887654353e-09,1.934554625670013e-09,1.8330951154142995e-09,1.7483986307687758e-09,1.6791685973997349e-09,1.6242391560686992e-09,1.5826089434416136e-09,1.5534695150862464e-09,1.5362275869263073e-09,1.5305208802792533e-09
2026-05-22 13:36:42.532076,[67.76951295],4.750571943453263e-09,4.772058222074006e-09,4.836885812366744e-09,4.946130964349665e-09,5.101483069819942e-09,5.30507324094451e-09,5.559205751541305e-09,5.865968147464741e-09,6.2266991738934455e-09,6.6413111744538326e-09,7.1075035339934145e-09,7.619972552117844e-09,8.169819058190328e-09,8.744458926723917e-09,9.32840873355604e-09,9.905279109542372e-09,1.0461084473632416e-08,1.0988526273027608e-08,1.1491276294217232e-08,1.198666642926105e-08,1.2504906760648727e-08,1.3083367192465452e-08,1.3755773574549062e-08,1.4538212921325374e-08,1.541594969152687e-08,1.6336212247976833e-08,1.721138103992143e-08,1.7934110599184922e-08,1.8401596965947435e-08,1.854214449248325e-08,1.8335319501001857e-08,1.781848429042616e-08,1.7077071605080065e-08,1.6221775234067138e-08,1.5360410247960635e-08,1.4573609367610428e-08,1.3901349406376153e-08,1.334275690901509e-08,1.2866850037370694e-08,1.2428765151960609e-08,1.1985473882117909e-08,1.1506657522376261e-08,1.0979099110300343e-08,1.0405408311891902e-08,9.799304612477785e-09,9.179901116978294e-09,8.566803989107305e-09,7.976902166635403e-09,7.42290474634172e-09,6.913202134409458e-09,6.4524858157026465e-09,6.042646854712063e-09,5.683649257510701e-09,5.374242069563236e-09,5.112487594041887e-09,4.8961380249714095e-09,4.7229057534240795e-09,4.5906642200802445e-09,4.497601906522799e-09,4.4423400153329865e-09,4.424017025116905e-09
2026-05-22 13:36:42.584441,[66.48636216],3.5907137294050236e-09,3.6057920282369513e-09,3.651162193145738e-09,3.727196429138324e-09,3.834403117778063e-09,3.9732599746610205e-09,4.143985967714866e-09,4.346264630627227e-09,4.578943540345655e-09,4.839749942057376e-09,5.1250774985917294e-09,5.429908722534569e-09,5.7479359499757775e-09,6.071926573051818e-09,6.394346045137304e-09,6.70821138219762e-09,7.008109168249239e-09,7.291283933940665e-09,7.558683094011118e-09,7.815816601266023e-09,8.073230112646716e-09,8.346294625348791e-09,8.653925594386291e-09,9.015861337462219e-09,9.448378848711298e-09,9.95886810649842e-09,1.0540425130816819e-08,1.1168259076931863e-08,1.179982491847915e-08,1.2379878284342591e-08,1.2850136902912251e-08,1.3161412979345052e-08,1.328474732222281e-08,1.321794995043955e-08,1.298526653832389e-08,1.2630199272591602e-08,1.2203863924447653e-08,1.1752671240319728e-08,1.1309039898091876e-08,1.0887430236711108e-08,1.0485943022383589e-08,1.0091932071960157e-08,9.68915889346229e-09,9.264121837477436e-09,8.81003843560597e-09,8.328056735609386e-09,7.826176091952815e-09,7.316833267127428e-09,6.8141481105411736e-09,6.331568181734527e-09,5.880290202089559e-09,5.46851543220036e-09,5.101389795502636e-09,4.781395278042821e-09,4.508965224527383e-09,4.283149922115134e-09,4.1022247824120174e-09,3.964190051863694e-09,3.867149913388621e-09,3.809580271323843e-09,3.790502549200957e-09
2026-05-22 13:36:42.731257,[73.30220066],5.628271851967096e-09,5.649868607683514e-09,5.7153328284918445e-09,5.826734091082903e-09,5.9876767282697775e-09,6.203512242662394e-09,6.4815753899933455e-09,6.83133806026488e-09,7.264295935255043e-09,7.793320305462345e-09,8.431166467392547e-09,9.187902648961498e-09,1.0067292027759427e-08,1.106267602781809e-08,1.215362109304328e-08,1.3305285036264745e-08,1.4472722245004842e-08,1.5611668645249385e-08,1.669536313083096e-08,1.7733812274671743e-08,1.8788531207676272e-08,1.997390783352604e-08,2.1437844034969348e-08,2.3320240666239337e-08,2.5697214372529104e-08,2.8528258140937308e-08,3.162805863347773e-08,3.46804405581425e-08,3.729852937689127e-08,3.9117118184975886e-08,3.988827200265076e-08,3.954701476756818e-08,3.8223612463026915e-08,3.619888234658937e-08,3.382029574404769e-08,3.1409856091063316e-08,2.919449803182395e-08,2.727743484405984e-08,2.5651262796796753e-08,2.4238921639248024e-08,2.2942282895495734e-08,2.168087047852443e-08,2.041163834042852e-08,1.9129953389576887e-08,1.7858157678317742e-08,1.6629929488406044e-08,1.5476968983555928e-08,1.4421233649353244e-08,1.347286288899938e-08,1.2632073457032676e-08,1.1892810781380352e-08,1.1246381766159812e-08,1.0684100720366537e-08,1.0198714490556743e-08,9.78483041437496e-09,9.438739523185915e-09,9.157997286743707e-09,8.94100407024106e-09,8.786698981603147e-09,8.694385914542713e-09,8.663659665740856e-09
2026-05-22 13:36:42.783662,[68.70162767],7.775004213765567e-09,7.807628010540834e-09,7.90585488348601e-09,8.070703997220155e-09,8.303718272556838e-09,8.606738314324257e-09,8.981603027729382e-09,9.429797685620007e-09,9.952077606610378e-09,1.0548098112158242e-08,1.1216073181683172e-08,1.1952461329361922e-08,1.2751638322991296e-08,1.3605474301090946e-08,1.4502714512331166e-08,1.542810727028749e-08,1.6361365995212696e-08,1.72763002005358e-08,1.8140746201287985e-08,1.89181360058659e-08,1.95714709644585e-08,2.0069949584423895e-08,2.0397518082047718e-08,2.0561401118622646e-08,2.0597717597720892e-08,2.0571179438087783e-08,2.0567001085483377e-08,2.067541178611684e-08,2.097185658956226e-08,2.1498002596304897e-08,2.2249046157756595e-08,2.31711938742467e-08,2.4170106175504255e-08,2.512776863528781e-08,2.5923006784669513e-08,2.645045291829972e-08,2.6634106135179404e-08,2.643388104883012e-08,2.584567962910075e-08,2.4896812543109195e-08,2.3638873648917096e-08,2.2139744490585965e-08,2.0475762313787512e-08,1.8724594300064734e-08,1.6959138713785123e-08,1.5242729960724478e-08,1.3625900363794525e-08,1.2144842074980227e-08,1.0821512930351466e-08,9.665107508105308e-09,8.67445061936626e-09,7.840813865963985e-09,7.150707637544424e-09,6.588325674495289e-09,6.137468973142277e-09,5.782909774614537e-09,5.511251727878505e-09,5.311393910061086e-09,5.174721205636272e-09,5.09513371289623e-09,5.069005192737125e-09
2026-05-22 13:36:42.931678,[83.91912296],9.923841050603025e-07,9.941505545838252e-07,9.993160223667235e-07,1.0074693165321334e-06,1.0178951065899623e-06,1.0295355480746285e-06,1.0409506759274432e-06,1.0502931693496173e-06,1.0553184234744413e-06,1.0534546550581246e-06,1.0419574205864274e-06,1.018165167650156e-06,9.798543673098301e-07,9.256636543917294e-07,8.555199409434186e-07,7.70965525784183e-07,6.752693686070743e-07,5.732249996263905e-07,4.706022591325664e-07,3.733235981694891e-07,2.865481938951327e-07,2.1391979094674054e-07,1.5721768361017973e-07,1.1652358067378594e-07,9.081209837326655e-08,7.867558337229753e-08,7.881259630461995e-08,9.001394146014497e-08,1.1064951593837579e-07,1.3797062805729348e-07,1.6772371783921907e-07,1.944967621981655e-07,2.1289317407873353e-07,2.1919868032305933e-07,2.1289579192372078e-07,1.9735970097059757e-07,1.793625878501054e-07,1.6748265144039267e-07,1.6993797226731682e-07,1.925572333411331e-07,2.3749812681989113e-07,3.0300777756158326e-07,3.84146328964531e-07,4.7411736267082513e-07,5.657477551295168e-07,6.527272030524068e-07,7.303850633007441e-07,7.959648425394926e-07,8.484920753020187e-07,8.883945475535955e-07,9.170327502794497e-07,9.36258264000108e-07,9.4806536257685e-07,9.54355525462384e-07,9.568043998623472e-07,9.568064308108652e-07,9.554698146408418e-07,9.536384860750071e-07,9.519242864638318e-07,9.507386379424754e-07,9.503177735678022e-07
2026-05-22 13:36:42.980290,[73.15628108],9.046194558006864e-09,9.082429260188804e-09,9.191569100484953e-09,9.374929028377037e-09,9.634726380044041e-09,9.974112755805298e-09,1.0397182778001144e-08,1.0908876613348418e-08,1.1514618516792805e-08,1.2219458406432496e-08,1.3026458984585848e-08,1.3934177156628634e-08,1.493341313388188e-08,1.6003987115091612e-08,1.711307145182555e-08,1.8217274210219368e-08,1.9270743130921375e-08,2.0240458836327554e-08,2.112726380700073e-08,2.198733694534526e-08,2.2945056423808034e-08,2.418664168580392e-08,2.5926845725590913e-08,2.8349208685913296e-08,3.1532308606111286e-08,3.5385472986194796e-08,3.962150319222056e-08,4.37866292155789e-08,4.734942133992168e-08,4.982703958063687e-08,5.090927958677523e-08,5.053769152045999e-08,4.891168146661947e-08,4.642041558789642e-08,4.352672331590839e-08,4.0644935630129296e-08,3.8052507881771226e-08,3.58578961638468e-08,3.4023719558822186e-08,3.242538894122921e-08,3.091788278975975e-08,2.938767115455931e-08,2.7778273064161948e-08,2.60901630757297e-08,2.436385508810851e-08,2.2657306067279063e-08,2.102647361190314e-08,1.9513470452024583e-08,1.8142649799758185e-08,1.6922439834371497e-08,1.585000323401135e-08,1.4916294170766528e-08,1.4110092327405758e-08,1.3420547273583871e-08,1.2838392299073726e-08,1.2356254083203307e-08,1.1968494494448983e-08,1.167090387555457e-08,1.1460422581301622e-08,1.1334954263515836e-08,1.129326725203708e-08
2026-05-22 13:36:43.031857,[65.98301877],3.951633603683151e-09,3.9712326087081995e-09,4.03032981110019e-09,4.129782309075434e-09,4.270872762094142e-09,4.455088555498415e-09,4.683812862478058e-09,4.957937255074714e-09,5.277419388286325e-09,5.640826994063181e-09,6.044926670592991e-09,6.484386292857119e-09,6.9516565485096055e-09,7.437076366442112e-09,7.929211877479269e-09,8.415400733193243e-09,8.882450623425824e-09,9.31744682088842e-09,9.708656326047343e-09,1.0046548119673565e-08,1.0324932909326268e-08,1.054212119146937e-08,1.0701811925588832e-08,1.081323808582426e-08,1.0890054899190392e-08,1.0947698103044246e-08,1.0999485290672474e-08,1.105241621518233e-08,1.1104117906539949e-08,1.1142336336377078e-08,1.1147657585129387e-08,1.1098950813857704e-08,1.0979866164981623e-08,1.0784158482422182e-08,1.0517959836648383e-08,1.0198266428979457e-08,9.848324953477168e-09,9.491667451130573e-09,9.146827437232776e-09,8.824248168594872e-09,8.525901888696724e-09,8.24715696722952e-09,7.979834127237447e-09,7.715310530200266e-09,7.446848146999419e-09,7.170804438738097e-09,6.886807066302446e-09,6.597218078534388e-09,6.306266411665608e-09,6.019152060276711e-09,5.741300924622938e-09,5.4778365077672155e-09,5.233261019565158e-09,5.011304866137083e-09,4.814897269068655e-09,4.646217354049515e-09,4.506794331875972e-09,4.397632740170105e-09,4.319343416284625e-09,4.2722639774615145e-09,4.256555339918656e-09
2026-05-22 13:36:43.127325,[78.91331478],2.896577935014523e-07,2.9010480983802376e-07,2.914085345397763e-07,2.9345458394463467e-07,2.9604477752950244e-07,2.98887622987569e-07,3.0158879055606696e-07,3.036457181980189e-07,3.044518401823839e-07,3.033168368097538e-07,2.9950908709661987e-07,2.9232433890498136e-07,2.811797828912753e-07,2.6572511095406306e-07,2.459528048684681e-07,2.2228145716315778e-07,1.9558239402082744e-07,1.6712552010294835e-07,1.3843748860300255e-07,1.1109190714764943e-07,8.647928702425158e-08,6.562121425396121e-08,4.9086594543330744e-08,3.7033495605764295e-08,2.9347642386935166e-08,2.5801145155760727e-08,2.613998165211083e-08,3.0042273561241506e-08,3.696296625112721e-08,4.59595802137926e-08,5.56328772323125e-08,6.428506376132295e-08,7.03021195406956e-08,7.264963814448258e-08,7.129366518719411e-08,6.736340158117492e-08,6.296343119760657e-08,6.0677873505979e-08,6.29252547327917e-08,7.137077385051846e-08,8.65677370392557e-08,1.0790634230736389e-07,1.3384113063894126e-07,1.6229072441946727e-07,1.910766472638479e-07,2.1828895201886542e-07,2.425151259191749e-07,2.6292133255399183e-07,2.7921391475485166e-07,2.9152729717997137e-07,3.0028427573901876e-07,3.0606329149619746e-07,3.0949227406899564e-07,3.1117543348047956e-07,3.116504938916047e-07,3.1136947673634185e-07,3.106951587517961e-07,3.0990632013975794e-07,3.0920665672819687e-07,3.0873398787314914e-07,3.0856778461539185e-07
2026-05-22 13:36:43.175583,[68.03997909],2.9711823719235602e-09,2.983577555212329e-09,3.0209844990556197e-09,3.0840674200630975e-09,3.1739333619687934e-09,3.2921301720125983e-09,3.440633641276236e-09,3.6218009752149623e-09,3.838246760229222e-09,4.092575051915898e-09,4.386890572126213e-09,4.722035471346341e-09,5.096581878815206e-09,5.505771013796906e-09,5.940811083056334e-09,6.389155988788303e-09,6.836447167211094e-09,7.270538931798106e-09,7.687320961681792e-09,8.096953814822616e-09,8.527982224202128e-09,9.0262007923299e-09,9.645803456618764e-09,1.0432616328766046e-08,1.140271797236449e-08,1.2523216905959e-08,1.370355911919009e-08,1.4803970379093692e-08,1.5662315047357294e-08,1.6133444474371e-08,1.6129082856973552e-08,1.5644515646883184e-08,1.4762172723924516e-08,1.363036135427204e-08,1.242444170908379e-08,1.130370711610532e-08,1.0377705637061137e-08,9.690950707323026e-09,9.227482242744196e-09,8.929963221465492e-09,8.72446373552346e-09,8.54245897851847e-09,8.33475146336963e-09,8.076075334325656e-09,7.762325827436636e-09,7.403831067088404e-09,7.01793569611147e-09,6.623056132915241e-09,6.235050609732252e-09,5.865743873647915e-09,5.522943294492295e-09,5.211210507767421e-09,4.932827570471709e-09,4.6886420790069095e-09,4.478680436761295e-09,4.302541921530464e-09,4.159635465224417e-09,4.049322877880372e-09,3.971013376745207e-09,3.924232722105192e-09,3.908674479110575e-09
2026-05-22 13:36:43.228511,[65.74779943],1.8379685376058958e-09,1.8471581927493116e-09,1.8748289873426183e-09,1.921263799100303e-09,1.9868586429647634e-09,2.0720097953822718e-09,2.1769583533073797e-09,2.301599041235509e-09,2.445266900720376e-09,2.606523818065802e-09,2.7829746657442036e-09,2.9711473645727275e-09,3.1664698184514316e-09,3.3633685934866716e-09,3.555501870227591e-09,3.736128607657516e-09,3.898614141394834e-09,4.037082202293847e-09,4.147235795791462e-09,4.227361106709711e-09,4.279468231917834e-09,4.3103906079784836e-09,4.332481271033943e-09,4.363386056405947e-09,4.424364663269721e-09,4.5368846913894436e-09,4.717755182201771e-09,4.973762878805608e-09,5.297344988123435e-09,5.6649514238322216e-09,6.039219731582144e-09,6.374984174739143e-09,6.62784071344585e-09,6.7630195317613015e-09,6.762108393718618e-09,6.625838364299854e-09,6.372421116621367e-09,6.032295754540764e-09,5.64108446947185e-09,5.232783011270021e-09,4.834760877461681e-09,4.46530734430077e-09,4.133604310764953e-09,3.841419459847902e-09,3.5856026655949826e-09,3.3605800444651455e-09,3.1603288657875593e-09,2.9796323903252607e-09,2.8146558013825143e-09,2.66301604526403e-09,2.523551947988747e-09,2.395971829927744e-09,2.2805005140338254e-09,2.1775920322608148e-09,2.087731472307655e-09,2.0113223648715927e-09,1.948642439509493e-09,1.899846293960114e-09,1.8649945975286718e-09,1.8440930081619926e-09,1.8371282623352048e-09
2026-05-22 13:36:43.334590,[79.90754574],3.580602567507247e-07,3.585892169825724e-07,3.6012708619626627e-07,3.625241671388306e-07,3.655227529583637e-07,3.6874719697690254e-07,3.716949608758743e-07,3.737338472243949e-07,3.7411207229653523e-07,3.719885790165576e-07,3.664902312266826e-07,3.567993631403522e-07,3.4226891863972386e-07,3.2255323490273586e-07,2.977319386428444e-07,2.6839571400654805e-07,2.3566051746226183e-07,2.0108568023829738e-07,1.6649311857030216e-07,1.3371606770003166e-07,1.0433630486308457e-07,7.948423991645512e-08,5.976374920598632e-08,4.5320436702172166e-08,3.6011315356381345e-08,3.158321014556103e-08,3.175672488615664e-08,3.615771262435939e-08,4.4125397298679696e-08,5.4514010806373504e-08,6.564216811764112e-08,7.550015419601557e-08,8.221076884579065e-08,8.460683107685844e-08,8.270604114580524e-08,7.78780646015991e-08,7.260754174353535e-08,6.991058373604555e-08,7.259085900314426e-08,8.25703479413222e-08,1.0048613662852007e-07,1.256372946930921e-07,1.5624620294559664e-07,1.8991320226875377e-07,2.2411500678501241e-07,2.5662153274560846e-07,2.8576017610916983e-07,3.1051477537195525e-07,3.3048945510208295e-07,3.457878736328176e-07,3.568586563462185e-07,3.643457182242568e-07,3.689659898833767e-07,3.714226356509108e-07,3.723519530241217e-07,3.722970396490943e-07,3.716999027999729e-07,3.709044795243962e-07,3.7016476151810616e-07,3.696540448254842e-07,3.694728376155103e-07
2026-05-22 13:36:43.393262,[68.65246457],4.1262895765595755e-09,4.1429157750253956e-09,4.1929487707090474e-09,4.276821023611188e-09,4.3951491231402e-09,4.5485719218816436e-09,4.7375142186316525e-09,4.961870303422959e-09,5.220607144377934e-09,5.511300013894194e-09,5.829637398312017e-09,6.168969923031037e-09,6.520029251692188e-09,6.870999568225398e-09,7.208166536139811e-09,7.517362879517824e-09,7.78633320558018e-09,8.007917411866736e-09,8.183599998219087e-09,8.326554670616122e-09,8.46297415248279e-09,8.63041959378551e-09,8.872346535263111e-09,9.228934229051667e-09,9.725698558784201e-09,1.0362678931803748e-08,1.1107672602379993e-08,1.18965462323583e-08,1.2641952518664429e-08,1.324922942555713e-08,1.3635741100890982e-08,1.3748447312951877e-08,1.3574747408886743e-08,1.3143637287471e-08,1.2517220708424583e-08,1.1775493045446957e-08,1.0999025388120501e-08,1.0254216856500178e-08,9.584348662938319e-09,9.007486983205045e-09,8.520214696512704e-09,8.104873337130242e-09,7.737692866774131e-09,7.395704494236491e-09,7.061272381036971e-09,6.724031394551042e-09,6.380701975771595e-09,6.033572942942547e-09,5.688447811997867e-09,5.352662138911979e-09,5.033525548919122e-09,4.737313771391884e-09,4.468777461122407e-09,4.231051934848397e-09,4.025829284320225e-09,3.8536686313021766e-09,3.714350950051985e-09,3.6072176793625455e-09,3.531459650466107e-09,3.4863420021933442e-09,3.4713620344077635e-09
2026-05-22 13:36:43.447099,[66.90335165],2.024254040495623e-09,2.0336963852150017e-09,2.0621987715162517e-09,2.1102685617480483e-09,2.178686711080444e-09,2.2684031242948867e-09,2.3803767162175747e-09,2.5153514535366306e-09,2.6735644348669902e-09,2.8543927256950647e-09,3.0559630457231036e-09,3.274771962364678e-09,3.5053912187200824e-09,3.7403576946618815e-09,3.97036206873972e-09,4.184844663565102e-09,4.373071691595095e-09,4.525693678095538e-09,4.6366798310542066e-09,4.705386428211069e-09,4.738375088662269e-09,4.750483746596819e-09,4.764618320629122e-09,4.809830683464377e-09,4.9175186867639e-09,5.116023623144727e-09,5.424435169169931e-09,5.84689019821829e-09,6.368870439793981e-09,6.956795736494153e-09,7.561530475235514e-09,8.125413947303891e-09,8.591403511891137e-09,8.912253180442603e-09,9.057606900460319e-09,9.017499196764496e-09,8.801801312419766e-09,8.43624436840969e-09,7.956419959002841e-09,7.40139632888252e-09,6.80831539730386e-09,6.208751814444091e-09,5.626981689397313e-09,5.0798334184759364e-09,4.577566934078752e-09,4.125227879828928e-09,3.724061197521269e-09,3.3727468174565886e-09,3.0683701565961544e-09,2.8071338951388113e-09,2.5848583494706743e-09,2.3973238617966607e-09,2.2404990703580427e-09,2.1106866078852895e-09,2.0046084256550626e-09,1.919447357749292e-09,1.8528584125145547e-09,1.8029611196940685e-09,1.7683222159428058e-09,1.7479358119800456e-09,1.7412060978612576e-09
2026-05-22 13:36:43.556748,[80.55361118],4.1902659993877605e-07,4.1961217452136274e-07,4.213090225584776e-07,4.239347019195104e-07,4.271766039730008e-07,4.305821531461488e-07,4.3355122812043704e-07,4.353370530274655e-07,4.3506326675689405e-07,4.3176531926473387e-07,4.244628650430043e-07,4.1226549347454437e-07,3.945064236014405e-07,3.7088818501585385e-07,3.416129196579195e-07,3.074617245137007e-07,2.697875503010336e-07,2.303990438633223e-07,1.9133934153245985e-07,1.5459895322655575e-07,1.2183336811910126e-07,9.416786794519305e-08,7.215161853272008e-08,5.587002727545461e-08,4.515591635033166e-08,3.978797069512969e-08,3.9561444373181146e-08,4.417481331326661e-08,5.297808524519238e-08,6.47253739422489e-08,7.751034022832682e-08,8.900687623602131e-08,9.700468880249163e-08,1.0008035256427293e-07,9.815399111979077e-08,9.269939733590513e-08,8.64972517985218e-08,8.299194865771195e-08,8.545570374557473e-08,9.622029116238385e-08,1.1619240321186548e-07,1.4475388116603457e-07,1.8001753071012694e-07,2.1931310716419296e-07,2.5974200202995376e-07,2.9866009545215675e-07,3.340035679435161e-07,3.6443463696164855e-07,3.893324455976719e-07,4.0867969755566806e-07,4.2289956183326104e-07,4.3268714574254525e-07,4.388638119171956e-07,4.42267168016712e-07,4.436780645983104e-07,4.437791994829299e-07,4.4313718827262475e-07,4.4219987879490327e-07,4.4130198173067095e-07,4.4067383204683104e-07,4.4044975161984844e-07
2026-05-22 13:36:43.608656,[67.85441638],2.651331781622234e-09,2.6638020350886224e-09,2.7012798771244976e-09,2.7639340582465995e-09,2.85193780143119e-09,2.9653085669302364e-09,3.1036901557332576e-09,3.2660898508585227e-09,3.4505949001600773e-09,3.654108109007661e-09,3.872159500332046e-09,4.098865539495973e-09,4.327112638101375e-09,4.549029460328891e-09,4.756775739177333e-09,4.94361120502869e-09,5.105123040032892e-09,5.240402118922789e-09,5.352896297480232e-09,5.45066605205269e-09,5.545846964986647e-09,5.653282502268259e-09,5.788491832389457e-09,5.965314578581447e-09,6.193656891899758e-09,6.477713190129767e-09,6.814878503374746e-09,7.195380069057575e-09,7.602544592553067e-09,8.013635899600443e-09,8.401312026734405e-09,8.735843384282163e-09,8.988172873491409e-09,9.133633590743715e-09,9.155756140920378e-09,9.04929196084731e-09,8.821553226282896e-09,8.49150914750887e-09,8.086688901261303e-09,7.638588130591838e-09,7.177699451446032e-09,6.729330273012393e-09,6.31104418177787e-09,5.932021543601347e-09,5.59409560770852e-09,5.2938573195870415e-09,5.025110279865958e-09,4.781067658237018e-09,4.555920986781522e-09,4.345669800797123e-09,4.148302383476093e-09,3.963527202285511e-09,3.792276972366407e-09,3.636170160393216e-09,3.497050847563473e-09,3.376663376545486e-09,3.2764682022745533e-09,3.1975746876927746e-09,3.140753264888744e-09,3.1064883925310723e-09,3.095039783655589e-09
2026-05-22 13:36:43.658058,[65.14862347],1.27868129626484e-09,1.2849022267675014e-09,1.3036864612467177e-09,1.3353857632362317e-09,1.3805430862399843e-09,1.4398230029066004e-09,1.513906703396607e-09,1.6033477454786082e-09,1.7083891078553667e-09,1.8287501778650651e-09,1.963403688921547e-09,2.110375422773731e-09,2.266610066462754e-09,2.4279500273922453e-09,2.5892655287231928e-09,2.7447518127010905e-09,2.888375716266514e-09,3.0144181759932452e-09,3.1180340824614705e-09,3.1957472238333124e-09,3.2458179327305765e-09,3.268453873737749e-09,3.265860458667648e-09,3.2421296711879656e-09,3.202944808187171e-09,3.1550574704428896e-09,3.105508553051941e-09,3.060640304091795e-09,3.0250658129181264e-09,3.0008656806513766e-09,2.9872932754929204e-09,2.9811472736139693e-09,2.977742584034976e-09,2.97217717293548e-09,2.9604712124251885e-09,2.940215138259017e-09,2.9105798564817265e-09,2.871808949259055e-09,2.8245013623281567e-09,2.769024593452643e-09,2.7052794971767245e-09,2.632846297199334e-09,2.5513755729878908e-09,2.4610144497451553e-09,2.362686856921034e-09,2.2581400190425264e-09,2.149772318806719e-09,2.0403274324906893e-09,1.9325601250993736e-09,1.8289588371795228e-09,1.7315701101907188e-09,1.6419303871587519e-09,1.5610840777553326e-09,1.4896559388098345e-09,1.4279473319066326e-09,1.3760339562941292e-09,1.333852077801083e-09,1.3012679768139928e-09,1.2781302322535185e-09,1.2643067845257248e-09,1.2597092778303957e-09
2026-05-22 13:36:43.763598,[82.36829731],6.07252309338229e-07,6.080297466621274e-07,6.102756216533648e-07,6.137271236835467e-07,6.179357739331604e-07,6.222559967280955e-07,6.258377429623986e-07,6.276317564606102e-07,6.264178395323538e-07,6.208667049543949e-07,6.096435197913856e-07,5.915549122274276e-07,5.657305237584907e-07,5.318160825981253e-07,4.901405479129169e-07,4.418105167465833e-07,3.8868740734417165e-07,3.3322216964799317e-07,2.7815859590496146e-07,2.2616160195602673e-07,1.7946444407809246e-07,1.3963826076861206e-07,1.0755415635440811e-07,8.353508422986611e-08,6.76078360768944e-08,5.970698203710796e-08,5.969228524269898e-08,6.713078075544979e-08,8.093282354649824e-08,9.905038698603278e-08,1.1847413344350515e-07,1.356694823157807e-07,1.4740156392108948e-07,1.5170097363759298e-07,1.4861631462980548e-07,1.4044477880034396e-07,1.3131385320644078e-07,1.2622466202152665e-07,1.2985607425279537e-07,1.4549333574200707e-07,1.7437228726415647e-07,2.1556655960671776e-07,2.663660647332268e-07,3.229672501612086e-07,3.8125100529312633e-07,4.3745624453734106e-07,4.886343113476706e-07,5.328542034211084e-07,5.691937934714289e-07,5.975862384893972e-07,6.185959718143901e-07,6.331849419302827e-07,6.425082538591007e-07,6.477575469435837e-07,6.500548024263825e-07,6.503899232493594e-07,6.495914192032669e-07,6.483191311381601e-07,6.470694637313918e-07,6.461858339992105e-07,6.458692541538645e-07
2026-05-22 13:36:43.810556,[69.095977],5.877386707038333e-09,5.9012130975542506e-09,5.972691527970765e-09,6.091760499651301e-09,6.258122777199227e-09,6.470964554925762e-09,6.728589297438711e-09,7.028002670441797e-09,7.364506047760931e-09,7.731379901285722e-09,8.119759397472335e-09,8.51881394734186e-09,8.916329396178847e-09,9.29974592856863e-09,9.657622059756821e-09,9.98138163964474e-09,1.0267077539762238e-08,1.0516806998968261e-08,1.0739379108088021e-08,1.0949895097926874e-08,1.116806285748057e-08,1.1415301788104198e-08,1.1710949988466972e-08,1.2068104635042385e-08,1.248976808453354e-08,1.2966024549376384e-08,1.3472937793287147e-08,1.397372872177288e-08,1.442252426493775e-08,1.477052226716099e-08,1.497380528086961e-08,1.5001390651366393e-08,1.4841672866073197e-08,1.4505466756073334e-08,1.4024534065118919e-08,1.3445651311161283e-08,1.2821575632995724e-08,1.2201199002202001e-08,1.162137860021482e-08,1.1102319248146979e-08,1.0647219550460093e-08,1.0245633511674664e-08,9.879086242601295e-09,9.527163442718385e-09,9.172556826861797e-09,8.804177511619564e-09,8.418160144496379e-09,8.017137653269999e-09,7.608455145350785e-09,7.2020178561391844e-09,6.808315540450346e-09,6.436939685345804e-09,6.095696129166234e-09,5.790262022846113e-09,5.524254457521637e-09,5.299556692714551e-09,5.1167651627555395e-09,4.975655223873005e-09,4.875600515198141e-09,4.815911171200803e-09,4.7960767682610725e-09
2026-05-22 13:36:43.954185,[83.14382873],7.222271319275169e-07,7.230880712978728e-07,7.255660264244301e-07,7.293427455080091e-07,7.33877074590299e-07,7.383940479440655e-07,7.41880015235662e-07,7.430939388517602e-07,7.406067642535949e-07,7.328805470374768e-07,7.183954961507447e-07,6.958251005392717e-07,6.642467439879502e-07,6.233591196724695e-07,5.736622158653095e-07,5.165469261208183e-07,4.54246652453143e-07,3.8962770438065874e-07,3.258377798099445e-07,2.658819880403158e-07,2.12234515970663e-07,1.665990729957223e-07,1.2988883501316158e-07,1.024128019707916e-07,8.41610533671407e-08,7.502321892683877e-08,7.479342131476354e-08,8.291941760804099e-08,9.810511927771813e-08,1.1799929529567634e-07,1.3922401732114345e-07,1.578830908836506e-07,1.7048145963209524e-07,1.7497657587695241e-07,1.7157716221145043e-07,1.6296238828222545e-07,1.5379504243741144e-07,1.496571641330135e-07,1.5573539100588211e-07,1.7564849974696635e-07,2.1072945069813345e-07,2.598987721765569e-07,3.200749873281697e-07,3.869306752955394e-07,4.557532667060488e-07,5.22201382130295e-07,5.828278276842071e-07,6.353305759895597e-07,6.785641703989398e-07,7.123831418252341e-07,7.373976618044259e-07,7.5470935705061e-07,7.656733685443407e-07,7.717103912020783e-07,7.741747496339168e-07,7.742732343523229e-07,7.730238592331469e-07,7.712423155667253e-07,7.695449860569743e-07,7.683595850452245e-07,7.679369307443512e-07
2026-05-22 13:36:44.005734,[69.38255254],6.348034356836811e-09,6.3671933427912455e-09,6.4247623911383545e-09,6.521012352298523e-09,6.65638391946373e-09,6.831496827930241e-09,7.047211139841358e-09,7.304781861800134e-09,7.606145200223301e-09,7.954355619105886e-09,8.35415391405662e-09,8.81259166591481e-09,9.339583497348164e-09,9.948236712880327e-09,1.0654855455282997e-08,1.1478654502840737e-08,1.2441417597672573e-08,1.3567490203084594e-08,1.488442934517288e-08,1.642416738279665e-08,1.822364757172278e-08,2.0322819933917244e-08,2.275726307651829e-08,2.5543323380439895e-08,2.865609212119193e-08,3.200453244171044e-08,3.541225849659268e-08,3.861463716314234e-08,4.128091983832633e-08,4.306334789760887e-08,4.366530061250545e-08,4.2911386839536504e-08,4.0798295520425325e-08,3.7508903738389405e-08,3.338293784319725e-08,2.8851381746412656e-08,2.4353257522734772e-08,2.0257901102593296e-08,1.6812114237526735e-08,1.4121815828678277e-08,1.216641706204678e-08,1.0835426690632103e-08,9.97321130426521e-09,9.419373443667642e-09,9.036992297584703e-09,8.726506589046522e-09,8.427335072488822e-09,8.111534240927734e-09,7.774012542861978e-09,7.4227720682971035e-09,7.071155214851802e-09,6.73274302046588e-09,6.4186714150951724e-09,6.1367240168091235e-09,5.891501742062513e-09,5.6851006169840015e-09,5.517919860661954e-09,5.389394839082729e-09,5.29857249616331e-09,5.244518612430925e-09,5.226578389547414e-09
2026-05-22 13:36:44.199981,[77.90062915],2.1116142150875722e-07,2.113868370067893e-07,2.120341787326689e-07,2.1301581994205703e-07,2.1418307476418525e-07,2.1532364104061695e-07,2.1616082196391596e-07,2.1635722827485638e-07,2.1552609582422867e-07,2.1325323429306965e-07,2.0913160930237404e-07,2.0280836278180918e-07,1.940406486737456e-07,1.827524286376945e-07,1.690804071426699e-07,1.5339526727621995e-07,1.3628617755641217e-07,1.1850342257314136e-07,1.008655135084646e-07,8.415031381955276e-08,6.899932104886832e-08,5.5864416265548307e-08,4.50136732610931e-08,3.658927441068666e-08,3.068497768007493e-08,2.739591052155214e-08,2.6800790749329095e-08,2.8867879583269153e-08,3.3319840993173506e-08,3.952794423581316e-08,4.6511446231016764e-08,5.308462726290472e-08,5.81325419198391e-08,6.09341905478056e-08,6.141891195465412e-08,6.025604229187989e-08,5.873463304858028e-08,5.846463725806616e-08,6.09916028670956e-08,6.744010696802932e-08,7.828179062989583e-08,9.327488310018504e-08,1.115659931100124e-07,1.3190240985923532e-07,1.5288523141071844e-07,1.7319985217793744e-07,1.9178212781365554e-07,2.079048194514839e-07,2.2119082137804107e-07,2.315727439212904e-07,2.392224328570534e-07,2.4447137618541936e-07,2.477369228954259e-07,2.494625868109266e-07,2.500751589318087e-07,2.499575958246635e-07,2.494346511332683e-07,2.4876756349553955e-07,2.4815430849374537e-07,2.477325380283337e-07,2.4758307443196767e-07
2026-05-22 13:36:44.403542,[78.89506031],2.6580094565890815e-07,2.660727536799826e-07,2.668513223677037e-07,2.680250318704337e-07,2.6940483387726744e-07,2.707214714155658e-07,2.716250530109549e-07,2.7169030588795185e-07,2.7043134548434527e-07,2.673296285761127e-07,2.618774950284612e-07,2.53637007236577e-07,2.423096192703254e-07,2.2780706685131332e-07,2.1030904747811465e-07,1.9029075612584306e-07,1.6850538659125987e-07,1.4591478870361449e-07,1.2357509114769613e-07,1.0249986436569595e-07,8.353523296939531e-08,6.72824389556176e-08,5.408960172548757e-08,4.410796580360978e-08,3.737852476700312e-08,3.3897140415745245e-08,3.361266481147036e-08,3.6345516534244e-08,4.1661558270155485e-08,4.877473760344607e-08,5.655850705453511e-08,6.371073288957055e-08,6.905119912042042e-08,7.186424768937973e-08,7.216437754859725e-08,7.07787086509482e-08,6.920187414513158e-08,6.925941252245683e-08,7.268075084514559e-08,8.070727240123262e-08,9.383940466835358e-08,1.1177325577883663e-07,1.335163103795573e-07,1.576253901784284e-07,1.8249040178130215e-07,2.0659389282932782e-07,2.2869996272530655e-07,2.479547183442071e-07,2.63904601855342e-07,2.764536169971102e-07,2.857853472100658e-07,2.9227318231305254e-07,2.963957992636523e-07,2.986676879439873e-07,2.99588308617881e-07,2.9960914515604437e-07,2.9911550721871587e-07,2.98419037986851e-07,2.9775697879950364e-07,2.972948618007008e-07,2.971301132905657e-07
2026-05-22 13:36:44.600376,[79.89474258],3.0904881692157775e-07,3.0936422995469136e-07,3.102683114500399e-07,3.116333803659623e-07,3.1324317946914864e-07,3.14789694894593e-07,3.158726811045393e-07,3.160056915979175e-07,3.1463298147413883e-07,3.111614243276323e-07,3.0501011416763316e-07,2.9567723220815303e-07,2.828190207274943e-07,2.663299361105675e-07,2.4640771753735736e-07,2.2358444702244715e-07,1.9870714054082986e-07,1.7286056304170462e-07,1.4724012668013195e-07,1.2300004399307297e-07,1.0111463291905031e-07,8.229142223694729e-08,6.695923841891776e-08,5.5325446256676127e-08,4.7464859033440245e-08,4.3384406845307015e-08,4.3015729015683625e-08,4.612444253060904e-08,5.217621546434909e-08,6.024050396529945e-08,6.901794156651328e-08,7.70370001992127e-08,8.2993031205181e-08,8.61304805868942e-08,8.653257455940973e-08,8.520225532387277e-08,8.388735249378733e-08,8.469235121672266e-08,8.959098479988282e-08,9.998070688524144e-08,1.1639598599948022e-07,1.384377310875864e-07,1.6490766519586653e-07,1.9408390870491621e-07,2.2405095856310047e-07,2.5300362312178165e-07,2.7947046680251485e-07,3.024347572309485e-07,3.2135885143146474e-07,3.361355307697752e-07,3.4699618737494523e-07,3.544035304525778e-07,3.589494323785276e-07,3.6127014258383963e-07,3.619836965190594e-07,3.616490317443379e-07,3.607432385333063e-07,3.596521217576046e-07,3.586692462339425e-07,3.5799932584233143e-07,3.577627854773979e-07
2026-05-22 13:36:44.794339,[81.5778851],4.5622354911357706e-07,4.566761486792045e-07,4.5797211029908346e-07,4.599241773329615e-07,4.6221526829687494e-07,4.6439390803689366e-07,4.6587362150188405e-07,4.659418396696125e-07,4.6378471943100346e-07,4.585339935215326e-07,4.4933986261764076e-07,4.3546945237413037e-07,4.164234021452009e-07,3.9205458139390236e-07,3.626648637256069e-07,3.2905163770688574e-07,2.924790103988541e-07,2.5456197624707045e-07,2.1707444381928472e-07,1.8171841023961492e-07,1.4991173195940513e-07,1.226544881314926e-07,1.0051179679835831e-07,8.370726481961732e-08,7.227181248439628e-08,6.616151563638835e-08,6.526658581063212e-08,6.92866000807485e-08,7.752557970079852e-08,8.872647617987303e-08,1.010789062534887e-07,1.1247878843554137e-07,1.2101122706967307e-07,1.2551616415910295e-07,1.260348600777896e-07,1.2395749686354167e-07,1.2179177445404943e-07,1.226064224761e-07,1.2931488318345208e-07,1.4400958533668086e-07,1.675250679904331e-07,1.993205319593609e-07,2.3766922489770188e-07,2.8006156801645685e-07,3.236925831879437e-07,3.659126629783847e-07,4.0455942813517074e-07,4.381372720074626e-07,4.658533927264486e-07,4.875455902019426e-07,5.035465989038813e-07,5.145261718781442e-07,5.213413845327954e-07,5.249129835330889e-07,5.261345814145264e-07,5.258136890651422e-07,5.246391399623863e-07,5.231677439326304e-07,5.218231038194788e-07,5.209006016345843e-07,5.20574004746124e-07
2026-05-22 13:36:44.843198,[70.95848914],8.952282039948334e-09,8.992067866239362e-09,9.111704887399385e-09,9.311943855730322e-09,9.593740011175167e-09,9.95779973050786e-09,1.0403932903818865e-08,1.0930212393456115e-08,1.1531964755696004e-08,1.2200658403701079e-08,1.2922820428251522e-08,1.3679199937774247e-08,1.4444491491583425e-08,1.518800700167411e-08,1.5875687951035175e-08,1.6473717553006485e-08,1.6953668429797945e-08,1.7298596718829864e-08,1.7508852468974794e-08,1.76058232790577e-08,1.7631662814041782e-08,1.7643570663627763e-08,1.770250519894372e-08,1.785811273076364e-08,1.813354541222641e-08,1.8514884006203914e-08,1.8949364832349016e-08,1.9354350838065887e-08,1.9635579875625338e-08,1.970991485489541e-08,1.9525995216219487e-08,1.907670060907797e-08,1.8400046958615454e-08,1.7568942571093672e-08,1.667360598646154e-08,1.580215823719591e-08,1.502455236378531e-08,1.438308777034892e-08,1.3890285551706783e-08,1.3532849404567494e-08,1.3279347148166316e-08,1.3089137703331799e-08,1.2920605411685111e-08,1.2737533386711098e-08,1.251314980274954e-08,1.2231888181355743e-08,1.1889213872300901e-08,1.149003154090334e-08,1.1046245086968847e-08,1.057401590647028e-08,1.009117364853589e-08,9.615096421327805e-09,9.161223462784152e-09,8.742222727196618e-09,8.367731131115508e-09,8.04452582926369e-09,7.776967647693042e-09,7.567571241668028e-09,7.417586589832954e-09,7.327510793005886e-09,7.297479595076942e-09
2026-05-22 13:36:45.002665,[82.50040472],5.478474423160418e-07,5.483519249848479e-07,5.497927104316131e-07,5.519499022477535e-07,5.54451595275884e-07,5.567690901535936e-07,5.582168104428063e-07,5.579632488896097e-07,5.550602234011367e-07,5.484973777555776e-07,5.372864544442271e-07,5.205747705884431e-07,4.977794701016558e-07,4.6872448365710406e-07,4.33753088523381e-07,3.937842087513221e-07,3.502842155393421e-07,3.0514067444305816e-07,2.604493170373158e-07,2.182543365450468e-07,1.8030399195744485e-07,1.4788628888929197e-07,1.217859479898305e-07,1.0235787266995648e-07,8.966114692181738e-08,8.356673951409205e-08,8.376309958718629e-08,8.964023017697021e-08,1.0011290219176424e-07,1.1350689084720265e-07,1.2763883206837083e-07,1.4015517562545805e-07,1.4908076316652982e-07,1.5341491085627846e-07,1.535592067026221e-07,1.5139762178573793e-07,1.499642299342232e-07,1.5277800248653062e-07,1.6303691409017802e-07,1.8290161554889806e-07,2.1305446914669277e-07,2.5261942381266386e-07,2.994160859558035e-07,3.5043744886040687e-07,4.024061370892086e-07,4.522774953969973e-07,4.976025300992494e-07,5.367177533399025e-07,5.687746485477746e-07,5.936495451913076e-07,6.117842537085961e-07,6.240033466572602e-07,6.31341866825853e-07,6.349031953899198e-07,6.357545878035805e-07,6.348591948713558e-07,6.330384015816754e-07,6.309563442504266e-07,6.291185241148593e-07,6.27877611822481e-07,6.274411603417032e-07
2026-05-22 13:36:45.049095,[69.38222227],5.200958548470527e-09,5.217376124395941e-09,5.266624828345186e-09,5.3486787208309925e-09,5.4634495628818095e-09,5.610723486788769e-09,5.790080445444245e-09,6.00080425962012e-09,6.241793704880157e-09,6.511489401192677e-09,6.807838881154983e-09,7.1283342982367215e-09,7.470172776842552e-09,7.830602607002365e-09,8.20751653041507e-09,8.60031683451996e-09,9.010985952775618e-09,9.445143909632008e-09,9.912685010547797e-09,1.0427431373172523e-08,1.1005232041581805e-08,1.1660188924896349e-08,1.2399254080781293e-08,1.3216224664571195e-08,1.4086895767296464e-08,1.4967437193279404e-08,1.579760829842583e-08,1.65091460010703e-08,1.7037883161212223e-08,1.7336550908097998e-08,1.7384536447543285e-08,1.7191548652716913e-08,1.6794042434777927e-08,1.62456442096692e-08,1.5604722552327216e-08,1.4922899144621623e-08,1.4237519993575527e-08,1.3569365253637186e-08,1.292498547507125e-08,1.2301764159994827e-08,1.1693478090611028e-08,1.1094642580493779e-08,1.0502863214448112e-08,9.919299476599451e-09,9.34787759463403e-09,8.794007950803574e-09,8.263385532763375e-09,7.76116392042431e-09,7.291543283037482e-09,6.857670556574374e-09,6.4617133586046444e-09,6.104998202217346e-09,5.7881536864280304e-09,5.511240921791667e-09,5.27387554526107e-09,5.075350534597131e-09,4.914764277469581e-09,4.7911512105368e-09,4.703607113668242e-09,4.651399147246316e-09,4.634051424381464e-09
2026-05-22 13:36:45.098266,[65.75179462],2.6625657016400867e-09,2.6746218391423485e-09,2.7109175631084284e-09,2.7718135304008773e-09,2.8578392807680887e-09,2.9695840536534963e-09,3.107541481714587e-09,3.271908524413856e-09,3.4623427957935946e-09,3.677688290261831e-09,3.915686946573424e-09,4.172701494370583e-09,4.4434822297938085e-09,4.721015545235915e-09,4.996494803705977e-09,5.259455390453814e-09,5.498117195321422e-09,5.699979925893255e-09,5.852715652853396e-09,5.945387698221554e-09,5.969977751285789e-09,5.9231075168063685e-09,5.8076970841867634e-09,5.634142205283232e-09,5.420488413860543e-09,5.191124734481427e-09,4.973784221810181e-09,4.795114058336429e-09,4.675640506465563e-09,4.625383846317026e-09,4.64144523782791e-09,4.708471099994232e-09,4.802082185280576e-09,4.894414828404895e-09,4.960230262815042e-09,4.981890712748736e-09,4.951940709777518e-09,4.872877207997474e-09,4.7545936233669115e-09,4.610602092725606e-09,4.454292907218069e-09,4.296209059494483e-09,4.142786514253554e-09,3.9964756775162384e-09,3.856797420346568e-09,3.721766362612055e-09,3.5891983622571663e-09,3.4576139008977015e-09,3.3266560581068863e-09,3.1970949115955527e-09,3.0705658406953766e-09,2.949196971183699e-09,2.835246708269478e-09,2.7308228067758268e-09,2.6377089157027505e-09,2.5572923886395477e-09,2.4905698898185126e-09,2.438201985370677e-09,2.400590054286568e-09,2.3779544712229802e-09,2.3703993247344595e-09
2026-05-22 13:36:45.200768,[77.40207133],1.6312599342268453e-07,1.6326864464865154e-07,1.6367676628851185e-07,1.6429033733066787e-07,1.6500782470733404e-07,1.656848179614996e-07,1.661338713889356e-07,1.661272353704009e-07,1.654044194211779e-07,1.636864496183497e-07,1.6069806016814788e-07,1.561977263260912e-07,1.5001338412029488e-07,1.4207915019608725e-07,1.324659836225079e-07,1.2139799191324263e-07,1.0924704327282419e-07,9.650219347377116e-08,8.371688657895769e-08,7.14442803072211e-08,6.017648339262355e-08,5.0303817963773876e-08,4.210367120555093e-08,3.575633058477781e-08,3.137218289774832e-08,2.9007619876085567e-08,2.8651442158260514e-08,3.0179944273087424e-08,3.330080245232036e-08,3.752210129943895e-08,4.218268856674631e-08,4.655992206170072e-08,5.0037539756232375e-08,5.228474460821478e-08,5.3383438565270167e-08,5.3852190274797995e-08,5.4549200743379605e-08,5.6478152078226543e-08,6.055309312920433e-08,6.738922927127087e-08,7.717355539227893e-08,8.964033281337073e-08,1.0414403040722488e-07,1.1979797915834185e-07,1.3563672175692773e-07,1.507636388733585e-07,1.6445815941928377e-07,1.7623247710801544e-07,1.8584105996218232e-07,1.9325460704031953e-07,1.9861311664372167e-07,2.0217160508939696e-07,2.0424857448624613e-07,2.0518323343426473e-07,2.053038513920101e-07,2.0490701046409624e-07,2.0424598614842494e-07,2.0352585568421503e-07,2.0290291698744463e-07,2.0248633394341174e-07,2.023404026060654e-07
